Time,Amplitude
0.0,25.06304053516944
1.111729293774319e-07,25.062248500270744
2.223458587548638e-07,25.061483963108312
3.3351878813229573e-07,25.060746665266997
4.446917175097276e-07,25.06003634833165
5.558646468871596e-07,25.059352753887122
6.670375762645915e-07,25.058695623518272
7.782105056420233e-07,25.058064698809947
8.893834350194552e-07,25.057459721347
1.0005563643968871e-06,25.056880432714294
1.1117292937743191e-06,25.05632657449667
1.222902223151751e-06,25.055797888278985
1.334075152529183e-06,25.055294115646095
1.4452480819066147e-06,25.054814998182852
1.5564210112840467e-06,25.054360277474107
1.6675939406614785e-06,25.053929695104713
1.7787668700389105e-06,25.053522992659527
1.8899397994163425e-06,25.0531399117234
2.0011127287937743e-06,25.05278019388118
2.112285658171206e-06,25.05244358071773
2.2234585875486383e-06,25.052129813817892
2.33463151692607e-06,25.051838634766526
2.445804446303502e-06,25.051569785148484
2.5569773756809336e-06,25.05132300654862
2.668150305058366e-06,25.051098040551786
2.7793232344357976e-06,25.050894628742835
2.8904961638132294e-06,25.050712512706617
3.0016690931906616e-06,25.05055143402799
3.1128420225680934e-06,25.050411134291807
3.224014951945525e-06,25.05029135508292
3.335187881322957e-06,25.05019183798618
3.446360810700389e-06,25.05011232458644
3.557533740077821e-06,25.050052556468554
3.6687066694552528e-06,25.050012275217377
3.779879598832685e-06,25.049991222417763
3.891052528210116e-06,25.04998913965456
4.0022254575875485e-06,25.050005768512623
4.113398386964981e-06,25.050040850576806
4.224571316342412e-06,25.05009412743196
4.335744245719844e-06,25.050165340662947
4.4469171750972765e-06,25.05025423185461
4.558090104474708e-06,25.0503605425918
4.66926303385214e-06,25.050484014459382
4.780435963229572e-06,25.0506243890422
4.891608892607004e-06,25.050781407925108
5.002781821984436e-06,25.05095481269296
5.113954751361867e-06,25.051144344930613
5.2251276807392995e-06,25.051349746222915
5.336300610116732e-06,25.051570758154718
5.447473539494163e-06,25.05180712231088
5.558646468871595e-06,25.052058580272675
5.6698193982490274e-06,25.05225289486081
5.780992327626459e-06,25.05182915497349
5.892165257003891e-06,25.052680272987022
6.003338186381323e-06,25.051415081681945
6.114511115758755e-06,25.05125365795935
6.225684045136187e-06,25.051052731721654
6.336856974513619e-06,25.051324095862622
6.44802990389105e-06,25.051349002963825
6.559202833268483e-06,25.051723484607916
6.670375762645914e-06,25.053986579334026
6.781548692023346e-06,25.05394088563823
6.892721621400778e-06,25.054999279128477
7.00389455077821e-06,25.05691963782591
7.115067480155642e-06,25.057539975049323
7.226240409533074e-06,25.058236628395733
7.3374133389105055e-06,25.05805158170673
7.448586268287938e-06,25.058742470924358
7.55975919766537e-06,25.061025528004542
7.670932127042801e-06,25.062815568314385
7.782105056420233e-06,25.062353555237184
7.893277985797666e-06,25.06305690418742
8.004450915175097e-06,25.063101497978064
8.115623844552528e-06,25.06550414701488
8.226796773929961e-06,25.067935236583754
8.337969703307393e-06,25.069876201557822
8.449142632684824e-06,25.069590305390577
8.560315562062257e-06,25.07054879385512
8.671488491439689e-06,25.07072774900983
8.78266142081712e-06,25.07058173661597
8.893834350194553e-06,25.069353805069756
9.005007279571984e-06,25.06903599669673
9.116180208949416e-06,25.069878070765053
9.227353138326849e-06,25.07052707203314
9.33852606770428e-06,25.070735917441443
9.449698997081712e-06,25.070442640953477
9.560871926459145e-06,25.07151786706213
9.672044855836576e-06,25.07136610181433
9.783217785214007e-06,25.071505376168535
9.89439071459144e-06,25.07202198965951
1.0005563643968872e-05,25.072201993146564
1.0116736573346303e-05,25.071215528573507
1.0227909502723734e-05,25.072127449363503
1.0339082432101168e-05,25.07169637166669
1.0450255361478599e-05,25.071947069165397
1.056142829085603e-05,25.07214088583048
1.0672601220233463e-05,25.07108947221274
1.0783774149610895e-05,25.071762772381117
1.0894947078988326e-05,25.072541919649204
1.1006120008365759e-05,25.072198874740852
1.111729293774319e-05,25.072913524648776
1.1228465867120622e-05,25.072696999312086
1.1339638796498055e-05,25.07405417572043
1.1450811725875486e-05,25.07272719053866
1.1561984655252918e-05,25.072507185133563
1.167315758463035e-05,25.071371659706987
1.1784330514007782e-05,25.070315690791947
1.1895503443385213e-05,25.06966831793585
1.2006676372762646e-05,25.069909267436927
1.2117849302140078e-05,25.069594701610015
1.222902223151751e-05,25.068152522769637
1.2340195160894942e-05,25.067118820108814
1.2451368090272374e-05,25.067605130238064
1.2562541019649805e-05,25.067641204677848
1.2673713949027238e-05,25.066536132293635
1.278488687840467e-05,25.06632465405932
1.28960598077821e-05,25.065598230301994
1.3007232737159532e-05,25.06518650889264
1.3118405666536965e-05,25.064113483467096
1.3229578595914397e-05,25.06413655346753
1.3340751525291828e-05,25.063633869532403
1.3451924454669261e-05,25.062866395351367
1.3563097384046692e-05,25.062100515618
1.3674270313424124e-05,25.060784236560004
1.3785443242801557e-05,25.06205184593887
1.3896616172178988e-05,25.061748334623527
1.400778910155642e-05,25.061552379430992
1.4118962030933853e-05,25.061893452324007
1.4230134960311284e-05,25.061793990988814
1.4341307889688715e-05,25.062111715875126
1.4452480819066148e-05,25.060775152701506
1.456365374844358e-05,25.061358294401675
1.4674826677821011e-05,25.061392964467824
1.4785999607198444e-05,25.06124939490749
1.4897172536575875e-05,25.061367667762866
1.5008345465953307e-05,25.061908501202975
1.511951839533074e-05,25.061418896868364
1.5230691324708171e-05,25.059671112009667
1.5341864254085603e-05,25.058281178268018
1.5453037183463034e-05,25.056937252526183
1.5564210112840465e-05,25.05553013820413
1.56753830422179e-05,25.054772060326325
1.578655597159533e-05,25.055187601235367
1.5897728900972763e-05,25.054003530258118
1.6008901830350194e-05,25.053444919877407
1.6120074759727626e-05,25.05076491003912
1.6231247689105057e-05,25.050818707041632
1.634242061848249e-05,25.050951899985137
1.6453593547859923e-05,25.050927183555896
1.6564766477237354e-05,25.0522608547091
1.6675939406614786e-05,25.05170768788893
1.6787112335992217e-05,25.05043235549428
1.689828526536965e-05,25.050506945968568
1.7009458194747083e-05,25.051068804268397
1.7120631124124515e-05,25.05217367869879
1.7231804053501946e-05,25.052941884699365
1.7342976982879377e-05,25.053209111859964
1.745414991225681e-05,25.05412371214612
1.756532284163424e-05,25.05509372464217
1.767649577101167e-05,25.057090079664608
1.7787668700389106e-05,25.0584272546919
1.7898841629766537e-05,25.05629072092343
1.801001455914397e-05,25.056743699163228
1.81211874885214e-05,25.05562202843266
1.823236041789883e-05,25.057135133741134
1.8343533347276263e-05,25.05744546948235
1.8454706276653698e-05,25.05652899758603
1.856587920603113e-05,25.056630082062803
1.867705213540856e-05,25.058292899524627
1.8788225064785992e-05,25.058411697449767
1.8899397994163423e-05,25.05861762488656
1.9010570923540854e-05,25.05928482642803
1.912174385291829e-05,25.05986722995839
1.923291678229572e-05,25.060588024167078
1.9344089711673152e-05,25.058513607860004
1.9455262641050583e-05,25.057889072471777
1.9566435570428015e-05,25.05796016168449
1.9677608499805446e-05,25.057929051591884
1.978878142918288e-05,25.057690438336387
1.9899954358560312e-05,25.057519272109804
2.0011127287937744e-05,25.057856580594326
2.0122300217315175e-05,25.059278264089762
2.0233473146692606e-05,25.061163374923545
2.0344646076070038e-05,25.059992679861438
2.045581900544747e-05,25.059957770116288
2.0566991934824904e-05,25.05933563943247
2.0678164864202335e-05,25.06090816184863
2.0789337793579766e-05,25.061254455386933
2.0900510722957198e-05,25.06235277899268
2.101168365233463e-05,25.064629619506434
2.112285658171206e-05,25.066488375370497
2.1234029511089495e-05,25.066846740676922
2.1345202440466927e-05,25.06675613770586
2.1456375369844358e-05,25.065972383094582
2.156754829922179e-05,25.06681578921978
2.167872122859922e-05,25.068156774573858
2.1789894157976652e-05,25.069309847774036
2.1901067087354087e-05,25.069840997246427
2.2012240016731518e-05,25.070124127397868
2.212341294610895e-05,25.070328528685287
2.223458587548638e-05,25.071532807430383
2.2345758804863812e-05,25.070349495880716
2.2456931734241244e-05,25.070075316666358
2.256810466361868e-05,25.068834918390635
2.267927759299611e-05,25.06883423447782
2.279045052237354e-05,25.068263092385497
2.2901623451750973e-05,25.068520924405615
2.3012796381128404e-05,25.06992975664583
2.3123969310505835e-05,25.070502243218314
2.3235142239883267e-05,25.06986334771587
2.33463151692607e-05,25.070692422662265
2.3457488098638133e-05,25.07112722884645
2.3568661028015564e-05,25.072087484165387
2.3679833957392995e-05,25.07258391405371
2.3791006886770427e-05,25.072857562833043
2.3902179816147858e-05,25.074035958343572
2.4013352745525293e-05,25.075294936661077
2.4124525674902724e-05,25.076708112991906
2.4235698604280156e-05,25.075735607414117
2.4346871533657587e-05,25.07680811897064
2.445804446303502e-05,25.077062120637635
2.456921739241245e-05,25.077098066074605
2.4680390321789884e-05,25.07551506784593
2.4791563251167316e-05,25.076806259508594
2.4902736180544747e-05,25.077809121330784
2.501390910992218e-05,25.077179076926853
2.512508203929961e-05,25.07624159036689
2.523625496867704e-05,25.07655375295964
2.5347427898054476e-05,25.0774060711496
2.5458600827431907e-05,25.07749070174874
2.556977375680934e-05,25.0765362917601
2.568094668618677e-05,25.077956467405162
2.57921196155642e-05,25.07723475780951
2.5903292544941633e-05,25.076466864553925
2.6014465474319064e-05,25.075121231853092
2.61256384036965e-05,25.075050112120106
2.623681133307393e-05,25.072890465939032
2.634798426245136e-05,25.073082536236544
2.6459157191828793e-05,25.073630345196985
2.6570330121206224e-05,25.074679854758717
2.6681503050583656e-05,25.075550823742297
2.679267597996109e-05,25.076643460563016
2.6903848909338522e-05,25.074630536707158
2.7015021838715953e-05,25.075122390482054
2.7126194768093385e-05,25.076312631222965
2.7237367697470816e-05,25.076985231238723
2.7348540626848247e-05,25.07890648046471
2.7459713556225682e-05,25.080169472642385
2.7570886485603113e-05,25.081709948012985
2.7682059414980545e-05,25.08341058765015
2.7793232344357976e-05,25.081497202362108
2.7904405273735408e-05,25.08274545922069
2.801557820311284e-05,25.083260280756903
2.8126751132490274e-05,25.08477095137685
2.8237924061867705e-05,25.084015958931282
2.8349096991245136e-05,25.083272999066956
2.8460269920622568e-05,25.083552517132674
2.857144285e-05,25.083915212265627
2.868261577937743e-05,25.0833320098833
2.8793788708754862e-05,25.082132504423168
2.8904961638132297e-05,25.081343042913076
2.9016134567509728e-05,25.079876275090665
2.912730749688716e-05,25.081189605484084
2.923848042626459e-05,25.08197354378712
2.9349653355642022e-05,25.08256859231923
2.9460826285019453e-05,25.081647338780932
2.9571999214396888e-05,25.08243884534787
2.968317214377432e-05,25.083475587180118
2.979434507315175e-05,25.083150518918984
2.9905518002529182e-05,25.082352564052478
3.0016690931906614e-05,25.080987511192106
3.0127863861284045e-05,25.08059517721584
3.023903679066148e-05,25.079655105476935
3.035020972003891e-05,25.079846598965013
3.0461382649416342e-05,25.080882437802078
3.057255557879378e-05,25.081296371022795
3.0683728508171205e-05,25.081716866337118
3.079490143754864e-05,25.081391825673904
3.090607436692607e-05,25.082944134094017
3.10172472963035e-05,25.0833902770001
3.112842022568093e-05,25.08371762380301
3.1239593155058365e-05,25.083684395668215
3.13507660844358e-05,25.083587666942414
3.146193901381323e-05,25.08210881776121
3.157311194319066e-05,25.08238365765294
3.168428487256809e-05,25.082239869044407
3.1795457801945526e-05,25.083308128831543
3.1906630731322954e-05,25.082677691002733
3.201780366070039e-05,25.08412726915868
3.212897659007782e-05,25.08526704669518
3.224014951945525e-05,25.082913503120228
3.2351322448832686e-05,25.080984547042952
3.2462495378210114e-05,25.08012825117828
3.257366830758755e-05,25.081011697077674
3.268484123696498e-05,25.083350513838575
3.279601416634241e-05,25.082249463503118
3.2907187095719846e-05,25.082589889909283
3.3018360025097274e-05,25.081558158314596
3.312953295447471e-05,25.080655318351436
3.324070588385214e-05,25.08046208992657
3.335187881322957e-05,25.080646490385668
3.3463051742607006e-05,25.079522512597322
3.3574224671984434e-05,25.079670076005826
3.368539760136187e-05,25.079884666801192
3.37965705307393e-05,25.080737137576527
3.390774346011673e-05,25.079650197907338
3.4018916389494166e-05,25.079708835606265
3.4130089318871594e-05,25.080495522801765
3.424126224824903e-05,25.080155600770514
3.435243517762646e-05,25.080307033884374
3.446360810700389e-05,25.079264327227982
3.457478103638132e-05,25.079140185505082
3.4685953965758755e-05,25.079554234364213
3.479712689513619e-05,25.080010232318077
3.490829982451362e-05,25.07960905014662
3.501947275389105e-05,25.079492160151677
3.513064568326848e-05,25.07860135006983
3.5241818612645915e-05,25.078832033477063
3.535299154202334e-05,25.077688426490162
3.546416447140078e-05,25.07902321245299
3.557533740077821e-05,25.07769216559675
3.568651033015564e-05,25.07693526570433
3.5797683259533075e-05,25.076576310258893
3.59088561889105e-05,25.078594943286404
3.602002911828794e-05,25.07700755722647
3.613120204766537e-05,25.077201588887046
3.62423749770428e-05,25.077472976641115
3.6353547906420235e-05,25.07891200864564
3.646472083579766e-05,25.077678808756104
3.65758937651751e-05,25.077213828640556
3.6687066694552526e-05,25.077781182381642
3.679823962392996e-05,25.078798155280037
3.6909412553307395e-05,25.0787827247224
3.702058548268482e-05,25.0798777999892
3.713175841206226e-05,25.08044123595648
3.7242931341439686e-05,25.081965898503338
3.735410427081712e-05,25.082337033067933
3.746527720019455e-05,25.08405785690964
3.7576450129571984e-05,25.084821770981453
3.768762305894942e-05,25.08383575291443
3.7798795988326846e-05,25.08238433144417
3.790996891770428e-05,25.081631524057688
3.802114184708171e-05,25.080199484449558
3.8132314776459144e-05,25.082019311809958
3.824348770583658e-05,25.082022513370813
3.8354660635214006e-05,25.080955949226727
3.846583356459144e-05,25.081154783404084
3.857700649396887e-05,25.080913195639184
3.8688179423346304e-05,25.07872665704765
3.879935235272373e-05,25.077312531322747
3.891052528210117e-05,25.076473326372522
3.90216982114786e-05,25.075863269026964
3.913287114085603e-05,25.07503047388005
3.9244044070233464e-05,25.074386690844445
3.935521699961089e-05,25.073018408865696
3.946638992898833e-05,25.072493159304877
3.957756285836576e-05,25.07214028516464
3.968873578774319e-05,25.0706824290305
3.9799908717120624e-05,25.069992773767325
3.991108164649805e-05,25.069781860171133
4.002225457587549e-05,25.070648050457432
4.0133427505252915e-05,25.070528708211505
4.024460043463035e-05,25.071917953227853
4.0355773364007785e-05,25.071663417522604
4.046694629338521e-05,25.07031961200729
4.057811922276265e-05,25.0708990870355
4.0689292152140075e-05,25.071925082521073
4.080046508151751e-05,25.070788226241362
4.091163801089494e-05,25.070060599022096
4.102281094027237e-05,25.070625004057355
4.113398386964981e-05,25.070523107852065
4.1245156799027235e-05,25.070040706443343
4.135632972840467e-05,25.069777165804677
4.14675026577821e-05,25.070579876449077
4.157867558715953e-05,25.069808383954214
4.168984851653697e-05,25.069996646804913
4.1801021445914396e-05,25.06971694844315
4.191219437529183e-05,25.06971928657553
4.202336730466926e-05,25.068275836559785
4.213454023404669e-05,25.066432486902507
4.224571316342412e-05,25.06728707482986
4.2356886092801556e-05,25.06695024338972
4.246805902217899e-05,25.06762486656651
4.257923195155642e-05,25.067207165375674
4.269040488093385e-05,25.06745924196844
4.280157781031128e-05,25.06773535799045
4.2912750739688716e-05,25.068350984585884
4.3023923669066144e-05,25.067637391773385
4.313509659844358e-05,25.06766675902479
4.3246269527821014e-05,25.06788827724931
4.335744245719844e-05,25.066253067348903
4.3468615386575876e-05,25.06789829515362
4.3579788315953304e-05,25.068307643744202
4.369096124533074e-05,25.069538573109224
4.3802134174708174e-05,25.06985324285321
4.39133071040856e-05,25.069691272519915
4.4024480033463036e-05,25.07070161899559
4.4135652962840464e-05,25.06988120103637
4.42468258922179e-05,25.070035640083454
4.435799882159533e-05,25.070669410128602
4.446917175097276e-05,25.071016595302353
4.45803446803502e-05,25.07174436425688
4.4691517609727625e-05,25.071604133140415
4.480269053910506e-05,25.07160272289763
4.491386346848249e-05,25.071397121011934
4.502503639785992e-05,25.07098945836058
4.513620932723736e-05,25.073133628006573
4.5247382256614785e-05,25.072881689993523
4.535855518599222e-05,25.07229582492613
4.546972811536965e-05,25.07228512486125
4.558090104474708e-05,25.072405611261427
4.569207397412451e-05,25.073865823766937
4.5803246903501945e-05,25.074022113847402
4.591441983287938e-05,25.073087925770373
4.602559276225681e-05,25.072197250411524
4.613676569163424e-05,25.071926939732418
4.624793862101167e-05,25.072844928453833
4.6359111550389105e-05,25.07339584617386
4.647028447976653e-05,25.073248516973944
4.658145740914397e-05,25.074319083589035
4.66926303385214e-05,25.073686457649067
4.680380326789883e-05,25.076433364174246
4.6914976197276265e-05,25.078427267731495
4.7026149126653693e-05,25.07887435258219
4.713732205603113e-05,25.079741032312466
4.724849498540856e-05,25.08097426372206
4.735966791478599e-05,25.0809902664348
4.7470840844163426e-05,25.080895676434313
4.7582013773540854e-05,25.079840474081866
4.769318670291829e-05,25.080654830232056
4.7804359632295716e-05,25.080743402377504
4.791553256167315e-05,25.080625602071322
4.8026705491050586e-05,25.079902977089933
4.8137878420428014e-05,25.079435948630188
4.824905134980545e-05,25.07938311649787
4.8360224279182877e-05,25.079406651552716
4.847139720856031e-05,25.078903418211635
4.858257013793774e-05,25.077014029742113
4.8693743067315174e-05,25.075881745582517
4.880491599669261e-05,25.074228284398192
4.891608892607004e-05,25.07489006922947
4.902726185544747e-05,25.074753268242077
4.91384347848249e-05,25.074194545575782
4.9249607714202334e-05,25.074069509409824
4.936078064357977e-05,25.073182911510266
4.94719535729572e-05,25.07225781455824
4.958312650233463e-05,25.42660891286899
4.969429943171206e-05,25.744449963442072
4.9805472361089494e-05,26.026205818587798
4.991664529046692e-05,26.274534537436296
5.002781821984436e-05,26.487903695340485
5.013899114922179e-05,26.666453798639925
5.025016407859922e-05,26.812402261221994
5.0361337007976655e-05,26.927809125137415
5.047250993735408e-05,27.012578393810372
5.058368286673152e-05,27.066867913372995
5.069485579610895e-05,27.092000224779373
5.080602872548638e-05,27.088945018387168
5.0917201654863815e-05,27.05711160855888
5.102837458424124e-05,26.99753110700427
5.113954751361868e-05,26.90981605367635
5.1250720442996105e-05,26.797344280270984
5.136189337237354e-05,26.659929281794554
5.1473066301750975e-05,26.498594028782765
5.15842392311284e-05,26.313177288414813
5.169541216050584e-05,26.108236551937043
5.1806585089883266e-05,25.879550604318652
5.19177580192607e-05,25.628051935144335
5.202893094863813e-05,25.35594882901736
5.214010387801556e-05,25.065237032465237
5.2251276807393e-05,24.75459321112379
5.2362449736770426e-05,24.42627446286713
5.247362266614786e-05,24.080655122035555
5.258479559552529e-05,23.717837676740412
5.269596852490272e-05,23.339257758321292
5.280714145428016e-05,22.944304945286213
5.2918314383657586e-05,22.535342892618416
5.302948731303502e-05,22.112925408818494
5.314066024241245e-05,21.676654835090787
5.3251833171789884e-05,21.22679543011122
5.336300610116731e-05,20.765489440422193
5.3474179030544746e-05,20.29197586577437
5.358535195992218e-05,19.80972652091521
5.369652488929961e-05,19.31584994995771
5.3807697818677044e-05,18.815698244627868
5.391887074805447e-05,18.305933681797626
5.4030043677431907e-05,17.790178329629306
5.4141216606809334e-05,17.265488964383945
5.425238953618677e-05,16.735402430171845
5.4363562465564204e-05,16.199939226101282
5.447473539494163e-05,15.659144827550266
5.458590832431907e-05,15.115911935810777
5.4697081253696495e-05,14.568569405023478
5.480825418307393e-05,14.01894324026794
5.4919427112451364e-05,13.466566544704374
5.503060004182879e-05,12.91161168866633
5.514177297120623e-05,12.356482295644543
5.5252945900583655e-05,11.802284530263774
5.536411882996109e-05,11.249767704306638
5.547529175933852e-05,10.69791693225855
5.558646468871595e-05,10.149238986986482
5.569763761809339e-05,9.603355847915859
5.5808810547470815e-05,9.06017780759349
5.591998347684825e-05,8.523081755113196
5.603115640622568e-05,7.990715524787764
5.614232933560311e-05,7.465055218962268
5.625350226498055e-05,6.945642637010122
5.6364675194357975e-05,6.432887221221287
5.647584812373541e-05,5.929465186458397
5.658702105311284e-05,5.434692336744546
5.669819398249027e-05,4.948843823143549
5.68093669118677e-05,4.474181351459772
5.6920539841245135e-05,4.010617236099966
5.703171277062257e-05,3.5588171158870563
5.71428857e-05,3.120456312162833
5.725405862937743e-05,2.6954414311580694
5.736523155875486e-05,2.284619834767377
5.7476404488132296e-05,1.8875377526715222
5.7587577417509724e-05,1.5061641569902746
5.769875034688716e-05,1.140959940944207
5.780992327626459e-05,0.7925578731785125
5.792109620564202e-05,0.4614174243590306
5.8032269135019456e-05,0.14707876729244543
5.8143442064396884e-05,-0.1472185699727744
5.825461499377432e-05,-0.4203405317480364
5.836578792315175e-05,-0.6741887606083667
5.847696085252918e-05,-0.9056299716874967
5.8588133781906616e-05,-1.1151834030688672
5.8699306711284044e-05,-1.301776716996
5.881047964066148e-05,-1.4644098299045396
5.892165257003891e-05,-1.6033105727038237
5.903282549941634e-05,-1.7170280595041092
5.9143998428793776e-05,-1.8055628817237077
5.9255171358171204e-05,-1.8680652539523197
5.936634428754864e-05,-1.9020390797321325
5.947751721692607e-05,-1.9096463546852487
5.95886901463035e-05,-1.8880421166479608
5.9699863075680936e-05,-1.8387828594603945
5.9811036005058364e-05,-1.7572454514559803
5.99222089344358e-05,-1.64665359755359
6.003338186381323e-05,-1.5023219439559836
6.014455479319066e-05,-1.3292606647710103
6.025572772256809e-05,-1.1204552596184028
6.0366900651945525e-05,-0.8784024716648089
6.047807358132296e-05,-0.6005325977509801
6.058924651070039e-05,-0.28839112343682716
6.070041944007782e-05,0.06109803609345345
6.081159236945525e-05,0.05478018568018881
6.0922765298832685e-05,0.04845577854070561
6.103393822821011e-05,0.04169421942289215
6.114511115758755e-05,0.03578589178887436
6.125628408696498e-05,0.03126575578321181
6.136745701634241e-05,0.02691643950983849
6.147862994571984e-05,0.02539821155171388
6.158980287509728e-05,0.02175170486267075
6.170097580447471e-05,0.01826326164533157
6.181214873385214e-05,0.014124126324977624
6.192332166322958e-05,0.010804709410677255
6.2034494592607e-05,0.0073302614324535385
6.214566752198443e-05,0.003920846662264034
6.225684045136186e-05,0.0016948704723025382
6.23680133807393e-05,0.00199547242198433
6.247918631011673e-05,0.0020421229589640327
6.259035923949416e-05,0.003581921624475733
6.27015321688716e-05,0.00390873948976449
6.281270509824903e-05,0.0054453286618619525
6.292387802762646e-05,0.0054315448114572356
6.303505095700388e-05,0.006197744690999401
6.314622388638133e-05,0.007186553098381229
6.325739681575875e-05,0.01144668075574872
6.336856974513618e-05,0.014460714778231933
6.347974267451362e-05,0.018187589164285922
6.359091560389105e-05,0.02079937557886031
6.370208853326848e-05,0.025077481852065403
6.381326146264591e-05,0.02748231703596375
6.392443439202335e-05,0.03105631239950595
6.403560732140078e-05,0.03492101296902316
6.41467802507782e-05,0.039038401840608784
6.425795318015565e-05,0.042643933707667225
6.436912610953307e-05,0.04767763431198327
6.44802990389105e-05,0.053902040987039636
6.459147196828794e-05,0.060186858043609126
6.470264489766537e-05,0.06559501552523561
6.48138178270428e-05,0.07080398937385356
6.492499075642023e-05,0.07677813714984388
6.503616368579767e-05,0.0810558683474593
6.51473366151751e-05,0.08741106092790218
6.525850954455252e-05,0.09230419521222216
6.536968247392997e-05,0.09897968824234558
6.54808554033074e-05,0.10331064681604021
6.559202833268482e-05,0.10898780475407052
6.570320126206225e-05,0.11388334713303963
6.581437419143969e-05,0.12003860918557577
6.592554712081712e-05,0.12467473557426892
6.603672005019455e-05,0.12953731016463357
6.614789297957199e-05,0.13429843244370737
6.625906590894942e-05,0.1399434130274527
6.637023883832685e-05,0.1443630558911232
6.648141176770427e-05,0.14958441102197675
6.659258469708171e-05,0.15385392851902494
6.670375762645914e-05,0.1602774960519506
6.681493055583657e-05,0.1660852476818012
6.692610348521401e-05,0.17103830543140297
6.703727641459144e-05,0.17474274661617561
6.714844934396887e-05,0.17885840357781754
6.72596222733463e-05,0.1822135466566274
6.737079520272374e-05,0.18610170607392615
6.748196813210117e-05,0.1897890580200378
6.75931410614786e-05,0.19283653233961112
6.770431399085604e-05,0.1955235859131641
6.781548692023346e-05,0.19928431549991768
6.792665984961089e-05,0.20243137619372
6.803783277898833e-05,0.20550285088934173
6.814900570836576e-05,0.20834164899057747
6.826017863774319e-05,0.21062701381303234
6.837135156712062e-05,0.21273069767785274
6.848252449649806e-05,0.21445743673958795
6.859369742587549e-05,0.21542371372960467
6.870487035525291e-05,0.2164356976003364
6.881604328463036e-05,0.2168053455404227
6.892721621400778e-05,0.2170888586709124
6.903838914338521e-05,0.21699409094842648
6.914956207276264e-05,0.21706444031197789
6.926073500214008e-05,0.216692661496478
6.937190793151751e-05,0.21558685377132478
6.948308086089494e-05,0.21410454866824075
6.959425379027238e-05,0.21236338395288376
6.97054267196498e-05,0.21018475361343394
6.981659964902723e-05,0.20762980105150267
6.992777257840466e-05,0.2047296690224139
7.00389455077821e-05,0.20142506651122405
7.015011843715953e-05,0.19805427664377592
7.026129136653696e-05,0.1940269610480142
7.03724642959144e-05,0.19011918736836225
7.048363722529183e-05,0.18616762093452682
7.059481015466926e-05,0.18118365131770559
7.070598308404669e-05,0.1768945541523289
7.081715601342413e-05,0.17185664215573856
7.092832894280155e-05,0.16781249262444084
7.103950187217898e-05,0.1625047934603981
7.115067480155642e-05,0.1586435787355671
7.126184773093385e-05,0.15310033328503203
7.137302066031128e-05,0.14978248730620794
7.148419358968871e-05,0.14496661417079568
7.159536651906615e-05,0.14049981794271957
7.170653944844358e-05,0.13501534620806654
7.1817712377821e-05,0.13046143849107136
7.192888530719845e-05,0.12497094449827806
7.204005823657588e-05,0.12015960381419101
7.21512311659533e-05,0.11526429490045623
7.226240409533074e-05,0.11075814259130264
7.237357702470817e-05,0.10605505353868247
7.24847499540856e-05,0.10016009291282402
7.259592288346303e-05,0.09502126135807389
7.270709581284047e-05,0.08917747632789357
7.28182687422179e-05,0.08359190071145756
7.292944167159533e-05,0.07887038756277025
7.304061460097277e-05,0.07447693727742197
7.31517875303502e-05,0.07026312153850763
7.326296045972762e-05,0.06540058045413204
7.337413338910505e-05,0.06232079979958309
7.348530631848249e-05,0.05798586563611063
7.359647924785992e-05,0.054462249425104865
7.370765217723735e-05,0.04896642405556865
7.381882510661479e-05,0.04412981918915116
7.392999803599222e-05,0.04078563247549583
7.404117096536965e-05,0.03694468840027633
7.415234389474707e-05,0.03341697882201762
7.426351682412452e-05,0.030817369476005163
7.437468975350194e-05,0.028286989652071343
7.448586268287937e-05,0.02449618906774124
7.459703561225681e-05,0.019639237712861277
7.470820854163424e-05,0.01674750441967836
7.481938147101167e-05,0.014001237715703675
7.49305544003891e-05,0.011719068880644525
7.504172732976654e-05,0.010217212712524081
7.515290025914397e-05,0.006518812862627518
7.52640731885214e-05,0.004284963011752277
7.537524611789884e-05,0.002530171659383275
7.548641904727626e-05,0.0013801196718485715
7.559759197665369e-05,-0.0012458358132564277
7.570876490603113e-05,-0.002285622840796823
7.581993783540856e-05,-0.004143329265001938
7.593111076478599e-05,-0.004397213495666571
7.604228369416342e-05,-0.00572285182385721
7.615345662354086e-05,-0.0052677362774939136
7.626462955291829e-05,-0.00493807078030487
7.637580248229572e-05,-0.005424523221839971
7.648697541167316e-05,-0.006361523425691681
7.659814834105058e-05,-0.005486798612146839
7.670932127042801e-05,-0.004186356263479659
7.682049419980544e-05,-0.003331107372678098
7.693166712918288e-05,-0.0028536458937198244
7.704284005856031e-05,-0.002042666722623523
7.715401298793774e-05,-0.0014124539616537255
7.726518591731518e-05,0.0004471000542128955
7.737635884669261e-05,0.002312149698212715
7.748753177607004e-05,0.004859314867077634
7.759870470544746e-05,0.007899441661336954
7.77098776348249e-05,0.00984557014046745
7.782105056420233e-05,0.0106875776672131
7.793222349357976e-05,0.012434146079784018
7.80433964229572e-05,0.012236204978259706
7.815456935233463e-05,0.013450392652085655
7.826574228171206e-05,0.016560819018443553
7.837691521108949e-05,0.01863611186417932
7.848808814046693e-05,0.021596997334765552
7.859926106984436e-05,0.023648467706591278
7.871043399922178e-05,0.024591944129717637
7.882160692859923e-05,0.027537692460753084
7.893277985797665e-05,0.030820305297110072
7.904395278735408e-05,0.03210755599102509
7.915512571673152e-05,0.03543801664266634
7.926629864610895e-05,0.037096459647255144
7.937747157548638e-05,0.03965970119779357
7.948864450486381e-05,0.04145756040752279
7.959981743424125e-05,0.043681465413228926
7.971099036361868e-05,0.044646320281614575
7.98221632929961e-05,0.048125009295783526
7.993333622237355e-05,0.050200696457805526
8.004450915175097e-05,0.052577351774047335
8.01556820811284e-05,0.05469971355432373
8.026685501050583e-05,0.057553957601481576
8.037802793988327e-05,0.059544867769075506
8.04892008692607e-05,0.061872970326420945
8.060037379863813e-05,0.06443777734262322
8.071154672801557e-05,0.06605063603715138
8.0822719657393e-05,0.06808232546277783
8.093389258677043e-05,0.07067783468655346
8.104506551614785e-05,0.07329957175440822
8.11562384455253e-05,0.07576428154510007
8.126741137490272e-05,0.07753277786907366
8.137858430428015e-05,0.07973845210437397
8.148975723365759e-05,0.08178598756758343
8.160093016303502e-05,0.08367538425870202
8.171210309241245e-05,0.08566795009836958
8.182327602178988e-05,0.08726619500690645
8.193444895116732e-05,0.08885407457956407
8.204562188054475e-05,0.08986856898912263
8.215679480992217e-05,0.09103713611775181
8.226796773929961e-05,0.09204774476233128
8.237914066867704e-05,0.09290039492286115
8.249031359805447e-05,0.09359508659934136
8.26014865274319e-05,0.09302472475483169
8.271265945680934e-05,0.09351646834453299
8.282383238618677e-05,0.09384797125056202
8.29350053155642e-05,0.09347750742888486
8.304617824494164e-05,0.09365866717190083
8.315735117431907e-05,0.0935746536982956
8.32685241036965e-05,0.0933294972615075
8.337969703307394e-05,0.0929231978615365
8.349086996245136e-05,0.09235575549838256
8.360204289182879e-05,0.09162717017204575
8.371321582120622e-05,0.09073744188252603
8.382438875058366e-05,0.08968657062982341
8.393556167996109e-05,0.08847455641393791
8.404673460933852e-05,0.08702043846136565
8.415790753871596e-05,0.08502847560554827
8.426908046809339e-05,0.08338867017555351
8.438025339747081e-05,0.08158659441731612
8.449142632684824e-05,0.0792718770020491
8.460259925622568e-05,0.07723539505343704
8.471377218560311e-05,0.0758866245034569
8.482494511498054e-05,0.07360585429158274
8.493611804435798e-05,0.07334631928956477
8.504729097373541e-05,0.07190520272351014
8.515846390311284e-05,0.06956460648099165
8.526963683249027e-05,0.0679952852558044
8.53808097618677e-05,0.06622262392732435
8.549198269124513e-05,0.06353263090344641
8.560315562062256e-05,0.06133948671763065
8.571432855e-05,0.05878701043513873
8.582550147937743e-05,0.05776810710610757
8.593667440875486e-05,0.05443469131342517
8.604784733813229e-05,0.052249100628976315
8.615902026750973e-05,0.049103383688944825
8.627019319688716e-05,0.04733270395840433
8.638136612626459e-05,0.04637111649992508
8.649253905564203e-05,0.04543541036433439
8.660371198501945e-05,0.04299249077203166
8.671488491439688e-05,0.040983324392951145
8.682605784377432e-05,0.03889280611689094
8.693723077315175e-05,0.036939182881972704
8.704840370252918e-05,0.03432889930188217
8.715957663190661e-05,0.031903471277273235
8.727074956128405e-05,0.030330508800571455
8.738192249066148e-05,0.02731893220813956
8.74930954200389e-05,0.025284477791843583
8.760426834941635e-05,0.022204828055745297
8.771544127879378e-05,0.02127952908997764
8.78266142081712e-05,0.019445596861013777
8.793778713754863e-05,0.01779118729422817
8.804896006692607e-05,0.01569895379953595
8.81601329963035e-05,0.01546420471546816
8.827130592568093e-05,0.014137812826694839
8.838247885505837e-05,0.014131059191160143
8.84936517844358e-05,0.012670131177133918
8.860482471381323e-05,0.011691903431679872
8.871599764319065e-05,0.009129408981486087
8.88271705725681e-05,0.007637304604135826
8.893834350194552e-05,0.005560913935827922
8.904951643132295e-05,0.006637265577113419
8.91606893607004e-05,0.004306849747345988
8.927186229007782e-05,0.004710329120908631
8.938303521945525e-05,0.004177603100671122
8.949420814883268e-05,0.0024967644228670927
8.960538107821012e-05,0.002033014735403838
8.971655400758755e-05,0.0012750190557421232
8.982772693696497e-05,-0.0001103951974912703
8.993889986634242e-05,0.0008385666643974392
9.005007279571984e-05,0.0010023008106897348
9.016124572509727e-05,0.001159055172044815
9.027241865447471e-05,0.002554859200973813
9.038359158385214e-05,0.002535562091226823
9.049476451322957e-05,0.0035552075339846416
9.0605937442607e-05,0.0035355035621877787
9.071711037198444e-05,0.004225236930057521
9.082828330136187e-05,0.005160176591076602
9.09394562307393e-05,0.006440016811114584
9.105062916011674e-05,0.006579097186898339
9.116180208949416e-05,0.008167673098947318
9.127297501887159e-05,0.01010578074173404
9.138414794824902e-05,0.01107837957656934
9.149532087762646e-05,0.010972195677375073
9.160649380700389e-05,0.011958751425348491
9.171766673638132e-05,0.013224949577930481
9.182883966575876e-05,0.013802110038219201
9.194001259513619e-05,0.016121699763982682
9.205118552451362e-05,0.018653717852520464
9.216235845389104e-05,0.020288034237509942
9.227353138326848e-05,0.021055817671728608
9.238470431264591e-05,0.022334971665591122
9.249587724202334e-05,0.023157597751131936
9.260705017140078e-05,0.023290048280714713
9.271822310077821e-05,0.024211266461077036
9.282939603015564e-05,0.02517469045017912
9.294056895953307e-05,0.026270372660754864
9.305174188891051e-05,0.026135638604517585
9.316291481828794e-05,0.027204455752847783
9.327408774766536e-05,0.027930563486178173
9.33852606770428e-05,0.02803537478562928
9.349643360642023e-05,0.029586514326870678
9.360760653579766e-05,0.030743002731613057
9.37187794651751e-05,0.03215118999697212
9.382995239455253e-05,0.034060546014880205
9.394112532392996e-05,0.03515239029368444
9.405229825330739e-05,0.035846287621895144
9.416347118268483e-05,0.03682876278220246
9.427464411206226e-05,0.03699183503044499
9.438581704143968e-05,0.038436895243151366
9.449698997081713e-05,0.03786438517839798
9.460816290019455e-05,0.03859880810774382
9.471933582957198e-05,0.0400332315096321
9.483050875894941e-05,0.04065823349063636
9.494168168832685e-05,0.041969792014285016
9.505285461770428e-05,0.04261089664563258
9.516402754708171e-05,0.042688529141302535
9.527520047645915e-05,0.04359370068674433
9.538637340583658e-05,0.045106876957402564
9.5497546335214e-05,0.04562819023622811
9.560871926459143e-05,0.045173142011917855
9.571989219396887e-05,0.04695210672437648
9.58310651233463e-05,0.047446725979296535
9.594223805272373e-05,0.04844649041671861
9.605341098210117e-05,0.049339622113711984
9.61645839114786e-05,0.05012612107027663
9.627575684085603e-05,0.05056997810544754
9.638692977023346e-05,0.051426480608228714
9.64981026996109e-05,0.051906824986240246
9.660927562898833e-05,0.05231885659641139
9.672044855836575e-05,0.05262418118298506
9.68316214877432e-05,0.05309666053486318
9.694279441712062e-05,0.05321490393855941
9.705396734649805e-05,0.053512462577601116
9.716514027587548e-05,0.05367342532271619
9.727631320525292e-05,0.053570514174015066
9.738748613463035e-05,0.05343363917841211
9.749865906400778e-05,0.052807021076610325
9.760983199338522e-05,0.051825082872205164
9.772100492276265e-05,0.05141223709160647
9.783217785214007e-05,0.05073721929062205
9.794335078151751e-05,0.04974888260354883
9.805452371089494e-05,0.04903489071322222
9.816569664027237e-05,0.04832186648704097
9.82768695696498e-05,0.0481942501373734
9.838804249902724e-05,0.047195652192802064
9.849921542840467e-05,0.046798233214132096
9.86103883577821e-05,0.046329640820463064
9.872156128715954e-05,0.045284937090717105
9.883273421653697e-05,0.04613431924446872
9.89439071459144e-05,0.04521126461553306
9.905508007529182e-05,0.04338989238576449
9.916625300466926e-05,0.04334726114684948
9.927742593404669e-05,0.043549467631468906
9.938859886342412e-05,0.04179601816376925
9.949977179280156e-05,0.040785956763894925
9.961094472217899e-05,0.039774971732222136
9.972211765155642e-05,0.03867860028521737
9.983329058093384e-05,0.036907058221089445
9.994446351031129e-05,0.03641836742447234
0.00010005563643968871,0.0355354284695018
0.00010016680936906614,0.03399524846653446
0.00010027798229844358,0.03160992200914218
0.00010038915522782101,0.030936011197838276
0.00010050032815719844,0.0301054352205903
0.00010061150108657587,0.02925486210324211
0.00010072267401595331,0.029241943918553327
0.00010083384694533074,0.02823479663524551
0.00010094501987470817,0.027601221645922554
0.0001010561928040856,0.028410239098589328
0.00010116736573346303,0.028407778041761568
0.00010127853866284046,0.02791581835881153
0.0001013897115922179,0.02697018661491771
0.00010150088452159533,0.02620013065803948
0.00010161205745097276,0.024917992704692513
0.00010172323038035019,0.02369606135889776
0.00010183440330972763,0.023460895997431723
0.00010194557623910506,0.023520239988470738
0.00010205674916848249,0.022045759536833992
0.00010216792209785993,0.021728479109044255
0.00010227909502723736,0.02104614711433088
0.00010239026795661478,0.019496643900062737
0.00010250144088599221,0.01670185354387027
0.00010261261381536965,0.015847618797380766
0.00010272378674474708,0.015507137912691463
0.00010283495967412451,0.01656604240343574
0.00010294613260350195,0.015274705915011979
0.00010305730553287938,0.01644323114445032
0.0001031684784622568,0.015187920811208521
0.00010327965139163423,0.015325337026610953
0.00010339082432101168,0.01467936004575574
0.0001035019972503891,0.01539225310534941
0.00010361317017976653,0.013793630527943546
0.00010372434310914397,0.0139170736316066
0.0001038355160385214,0.013245584677719092
0.00010394668896789883,0.014364776398152451
0.00010405786189727626,0.014307886581495254
0.0001041690348266537,0.013889167591949102
0.00010428020775603113,0.014221451603110103
0.00010439138068540855,0.014583547906249146
0.000104502553614786,0.015169068355698615
0.00010461372654416342,0.0173499596608702
0.00010472489947354085,0.018462941512731076
0.0001048360724029183,0.018448913826486193
0.00010494724533229572,0.01952644237922071
0.00010505841826167315,0.020203941359270276
0.00010516959119105058,0.021301488785264628
0.00010528076412042802,0.02290401062820082
0.00010539193704980545,0.02493037260739498
0.00010550310997918287,0.02557947588020353
0.00010561428290856032,0.0267467250363594
0.00010572545583793774,0.028796225800588392
0.00010583662876731517,0.030068720947565797
0.0001059478016966926,0.030477207109478942
0.00010605897462607004,0.03259022845860051
0.00010617014755544747,0.0321260417881684
0.0001062813204848249,0.033765926585001285
0.00010639249341420234,0.035470261613716476
0.00010650366634357977,0.037043064447979904
0.0001066148392729572,0.03773029849493877
0.00010672601220233462,0.038575982212714376
0.00010683718513171206,0.0399777784839664
0.00010694835806108949,0.04071937276727422
0.00010705953099046692,0.04189553718986674
0.00010717070391984436,0.04368053238639847
0.00010728187684922179,0.043372415557299135
0.00010739304977859922,0.043939239811390265
0.00010750422270797665,0.045796011905215823
0.00010761539563735409,0.04695590652823656
0.00010772656856673152,0.047969488665508486
0.00010783774149610894,0.04929410035146183
0.00010794891442548639,0.0495552981657749
0.00010806008735486381,0.05103837580814102
0.00010817126028424124,0.0521193091503149
0.00010828243321361867,0.05303142535493456
0.00010839360614299611,0.05437966441167521
0.00010850477907237354,0.05472624725450857
0.00010861595200175097,0.054942528829885186
0.00010872712493112841,0.05577248881073333
0.00010883829786050584,0.05744355945975927
0.00010894947078988326,0.05664134411845642
0.0001090606437192607,0.057744766843676645
0.00010917181664863813,0.05828709441702605
0.00010928298957801556,0.0594881663843866
0.00010939416250739299,0.058162181222622754
0.00010950533543677043,0.05837861981212961
0.00010961650836614786,0.05783106860944355
0.00010972768129552529,0.0576062180945865
0.00010983885422490273,0.05794532583311386
0.00010995002715428016,0.05900944446447624
0.00011006120008365758,0.059190726363486934
0.00011017237301303501,0.06010725128646349
0.00011028354594241245,0.06011023585919918
0.00011039471887178988,0.060380645275059514
0.00011050589180116731,0.05924189995843219
0.00011061706473054475,0.060649421533160615
0.00011072823765992218,0.06034787602405583
0.00011083941058929961,0.06033682430509027
0.00011095058351867704,0.0592474178717863
0.00011106175644805448,0.06020278779621616
0.0001111729293774319,0.060429210471121333
0.00011128410230680933,0.060411107700070174
0.00011139527523618677,0.0613315326507315
0.0001115064481655642,0.06115412716403231
0.00011161762109494163,0.06184253593168509
0.00011172879402431906,0.06130289301211784
0.0001118399669536965,0.06091548016542905
0.00011195113988307393,0.060115792886765766
0.00011206231281245136,0.06014571129413106
0.0001121734857418288,0.05926931291060947
0.00011228465867120623,0.05898549304832203
0.00011239583160058365,0.05742488054772237
0.0001125070045299611,0.05695095621361077
0.00011261817745933852,0.05532940430576021
0.00011272935038871595,0.0545083037650024
0.00011284052331809338,0.05441007702360212
0.00011295169624747082,0.05451348535053446
0.00011306286917684825,0.05365401847876549
0.00011317404210622568,0.05189397750328628
0.00011328521503560312,0.0508910179162442
0.00011339638796498055,0.050615788780732376
0.00011350756089435797,0.04882984773704651
0.0001136187338237354,0.049059367742536324
0.00011372990675311284,0.049210810034500625
0.00011384107968249027,0.04835482433897088
0.0001139522526118677,0.04856113083747186
0.00011406342554124514,0.047794715137519234
0.00011417459847062257,0.04779243745036017
0.0001142857714,0.0471438102469549
0.00011439694432937742,0.04693044137247542
0.00011450811725875487,0.04650536148679494
0.0001146192901881323,0.046129997909996154
0.00011473046311750972,0.04553229245456429
0.00011484163604688716,0.046159066508897964
0.00011495280897626459,0.04591035159089613
0.00011506398190564202,0.047728683929382856
0.00011517515483501945,0.04685816689456868
0.00011528632776439689,0.04715926901972653
0.00011539750069377432,0.04706518026382756
0.00011550867362315174,0.048284497813081556
0.00011561984655252919,0.048123717231846753
0.00011573101948190661,0.04935912806104366
0.00011584219241128404,0.048083035031326354
0.00011595336534066148,0.047797119374673604
0.00011606453827003891,0.047762894751070144
0.00011617571119941634,0.04701731898837282
0.00011628688412879377,0.04705703834403357
0.00011639805705817121,0.0464589377660267
0.00011650922998754864,0.04423246386272788
0.00011662040291692607,0.043006842918782734
0.0001167315758463035,0.04317313765993262
0.00011684274877568093,0.04241075569625146
0.00011695392170505836,0.04280864521337776
0.00011706509463443579,0.04222165265359113
0.00011717626756381323,0.04000826376497038
0.00011728744049319066,0.038999658050680036
0.00011739861342256809,0.039668367997505886
0.00011750978635194553,0.038661872953024534
0.00011762095928132296,0.03887009962933326
0.00011773213221070039,0.038531030532294806
0.00011784330514007781,0.03942692225840244
0.00011795447806945526,0.039381869136997746
0.00011806565099883268,0.041129760391508105
0.00011817682392821011,0.0420209392559856
0.00011828799685758755,0.043796056962333095
0.00011839916978696498,0.04229004776548511
0.00011851034271634241,0.04369756590712502
0.00011862151564571984,0.0443916101439072
0.00011873268857509728,0.045307827352193436
0.0001188438615044747,0.04554731394707356
0.00011895503443385213,0.04659361781448708
0.00011906620736322958,0.04548374890294825
0.000119177380292607,0.04684284514469783
0.00011928855322198443,0.04681457168892925
0.00011939972615136187,0.04657678397632216
0.0001195108990807393,0.046665972018769195
0.00011962207201011673,0.046684172784097026
0.00011973324493949416,0.04735933924874628
0.0001198444178688716,0.048943137561280964
0.00011995559079824903,0.049374779707681886
0.00012006676372762645,0.049954189645491254
0.0001201779366570039,0.05022017155370041
0.00012028910958638132,0.05026508329360188
0.00012040028251575875,0.050454405572935276
0.00012051145544513618,0.05066586001619816
0.00012062262837451362,0.05293943714957279
0.00012073380130389105,0.053295823480042095
0.00012084497423326848,0.05577114204842439
0.00012095614716264592,0.05710663571489739
0.00012106732009202335,0.0583811269187366
0.00012117849302140077,0.058883431576168044
0.0001212896659507782,0.058514882678311175
0.00012140083888015564,0.05820552180959401
0.00012151201180953307,0.059104216792051884
0.0001216231847389105,0.059688515145706854
0.00012173435766828794,0.060793708495388045
0.00012184553059766537,0.05940817373972893
0.0001219567035270428,0.060882646130127734
0.00012206787645642023,0.06069924802464745
0.00012217904938579765,0.06292489899875345
0.0001222902223151751,0.06215880482055952
0.00012240139524455254,0.06210048818566019
0.00012251256817392996,0.061497492913390746
0.0001226237411033074,0.06185257599112051
0.00012273491403268482,0.0633427627894616
0.00012284608696206225,0.06410691924505169
0.00012295725989143968,0.06398736468152677
0.00012306843282081713,0.0643437112644586
0.00012317960575019456,0.06546163891112775
0.000123290778679572,0.06569497016105395
0.00012340195160894942,0.06595950783503375
0.00012351312453832684,0.06555151293223137
0.00012362429746770427,0.06661264855792096
0.0001237354703970817,0.06610968495854036
0.00012384664332645915,0.06671252813269798
0.00012395781625583658,0.06654724123329293
0.000124068989185214,0.0656226910826911
0.00012418016211459144,0.06456712025516508
0.00012429133504396887,0.06338454387108847
0.0001244025079733463,0.06338177377542388
0.00012451368090272372,0.06369300525109738
0.00012462485383210118,0.06336744147200461
0.0001247360267614786,0.06352995097553353
0.00012484719969085603,0.062301163553339325
0.00012495837262023346,0.06218871056615273
0.0001250695455496109,0.06302549022674814
0.00012518071847898832,0.06385715428615628
0.00012529189140836575,0.06395978426462806
0.0001254030643377432,0.06540343663697522
0.00012551423726712063,0.06389674360640907
0.00012562541019649806,0.0653068733903872
0.00012573658312587548,0.06431000900807361
0.0001258477560552529,0.06347274101420425
0.00012595892898463034,0.0616274226081367
0.00012607010191400777,0.0619174542135322
0.00012618127484338522,0.06168203234957884
0.00012629244777276265,0.06088174662013913
0.00012640362070214008,0.0597223547794986
0.0001265147936315175,0.05841120703693532
0.00012662596656089494,0.058678318791836256
0.00012673713949027236,0.0582903616544524
0.0001268483124196498,0.05697569986416187
0.00012695948534902725,0.0556410189107285
0.00012707065827840467,0.05505500754758421
0.0001271818312077821,0.05336183363499337
0.00012729300413715953,0.05354365170761882
0.00012740417706653696,0.05312467690167713
0.00012751534999591439,0.05278550967579051
0.00012762652292529181,0.05181797711035092
0.00012773769585466927,0.052222521589059955
0.0001278488687840467,0.05135889710075832
0.00012796004171342413,0.052107864860177794
0.00012807121464280155,0.051113752244896796
0.00012818238757217898,0.05096864440783522
0.0001282935605015564,0.04973668130212352
0.00012840473343093384,0.051289524487269485
0.0001285159063603113,0.05155682430901902
0.00012862707928968872,0.05250233661033147
0.00012873825221906615,0.051934655511193015
0.00012884942514844358,0.05160915027601818
0.000128960598077821,0.05073965069513946
0.00012907177100719843,0.05073442658357813
0.0001291829439365759,0.05060168913258648
0.00012929411686595332,0.04997019940999809
0.00012940528979533074,0.048745224720506866
0.00012951646272470817,0.04847759067150506
0.0001296276356540856,0.048858856996410384
0.00012973880858346303,0.05009914734460192
0.00012984998151284045,0.050207811380655
0.0001299611544422179,0.05016226725920245
0.00013007232737159534,0.049735977775955675
0.00013018350030097277,0.05038773010087572
0.0001302946732303502,0.052276599911089836
0.00013040584615972762,0.0526989523496918
0.00013051701908910505,0.05289112598101101
0.00013062819201848248,0.054382467674943105
0.00013073936494785993,0.05419919145706753
0.00013085053787723736,0.055390209677031614
0.0001309617108066148,0.0563858050098166
0.00013107288373599222,0.05611361302645046
0.00013118405666536964,0.05610573707860222
0.00013129522959474707,0.05524560297865722
0.0001314064025241245,0.05663645013627123
0.00013151757545350196,0.05585048988959515
0.00013162874838287938,0.05696231308385735
0.0001317399213122568,0.056790745667108664
0.00013185109424163424,0.056911711399031346
0.00013196226717101167,0.056512047036059436
0.0001320734401003891,0.055467797605262756
0.00013218461302976652,0.05487235652986325
0.00013229578595914398,0.05504277921447852
0.0001324069588885214,0.05400847440377877
0.00013251813181789883,0.054476304965087735
0.00013262930474727626,0.05552045357085615
0.0001327404776766537,0.0551577487987398
0.00013285165060603112,0.05401556671090551
0.00013296282353540855,0.055268580403076306
0.000133073996464786,0.05581106584314129
0.00013318516939416343,0.0560086975967136
0.00013329634232354086,0.05583940783343623
0.00013340751525291829,0.05588935011403714
0.00013351868818229571,0.056288015238785225
0.00013362986111167314,0.05680614677865787
0.00013374103404105057,0.05724993254369275
0.00013385220697042802,0.05780223472896846
0.00013396337989980545,0.05897683260737443
0.00013407455282918288,0.05774460935236548
0.0001341857257585603,0.058383468627312314
0.00013429689868793774,0.05888504837979001
0.00013440807161731516,0.059378277690248865
0.0001345192445466926,0.060093577675614344
0.00013463041747607005,0.06065806634716832
0.00013474159040544748,0.060456267424981565
0.0001348527633348249,0.0606844943090108
0.00013496393626420233,0.06011581496515816
0.00013507510919357976,0.06046998951899227
0.0001351862821229572,0.05791182272370206
0.00013529745505233462,0.059088889475878585
0.00013540862798171207,0.059002284340160825
0.0001355198009110895,0.059625542710786544
0.00013563097384046693,0.05927731152159521
0.00013574214676984435,0.06012210987921983
0.00013585331969922178,0.05991769222294138
0.0001359644926285992,0.06168471755274558
0.00013607566555797667,0.061796543107401285
0.0001361868384873541,0.06327410311394745
0.00013629801141673152,0.06310801844766303
0.00013640918434610895,0.06311274150314249
0.00013652035727548638,0.0626806339855136
0.0001366315302048638,0.06199807320810971
0.00013674270313424123,0.0629307815459802
0.0001368538760636187,0.0625766781418029
0.00013696504899299612,0.06351971665055814
0.00013707622192237354,0.06450061541775914
0.00013718739485175097,0.06544234482202199
0.0001372985677811284,0.06499844534685857
0.00013740974071050583,0.06621931388300314
0.00013752091363988326,0.0664138448001487
0.0001376320865692607,0.06710890331644284
0.00013774325949863814,0.0677855143875083
0.00013785443242801557,0.06764352754563199
0.000137965605357393,0.06663219505672809
0.00013807677828677042,0.06820218233131928
0.00013818795121614785,0.06871611007762628
0.00013829912414552528,0.06989881672068499
0.00013841029707490273,0.07003785307023878
0.00013852147000428016,0.07069976728484617
0.0001386326429336576,0.06956508821251459
0.00013874381586303502,0.06990037976383542
0.00013885498879241245,0.07011529145325113
0.00013896616172178987,0.07035891006036558
0.0001390773346511673,0.07030228964500239
0.00013918850758054476,0.06893093869024464
0.00013929968050992219,0.06968564143939696
0.0001394108534392996,0.06797839694221429
0.00013952202636867704,0.06762165480522404
0.00013963319929805447,0.06849783399847496
0.0001397443722274319,0.06841917461856074
0.00013985554515680933,0.06808916021518183
0.00013996671808618678,0.06888843765871533
0.0001400778910155642,0.06830732853940481
0.00014018906394494164,0.06948043400669639
0.00014030023687431906,0.06809690535687722
0.0001404114098036965,0.06880693358060563
0.00014052258273307392,0.06843200281211649
0.00014063375566245135,0.06842758016539799
0.0001407449285918288,0.06846463491249412
0.00014085610152120623,0.06867977975948082
0.00014096727445058366,0.06863072155301139
0.0001410784473799611,0.06897607721135264
0.00014118962030933851,0.06896838471282293
0.00014130079323871594,0.06945261744266795
0.00014141196616809337,0.06826416853322988
0.00014152313909747083,0.06753998966703008
0.00014163431202684825,0.06806067344046066
0.00014174548495622568,0.06791169747109513
0.0001418566578856031,0.06778828555060276
0.00014196783081498054,0.06903429597838856
0.00014207900374435797,0.06660832893433345
0.0001421901766737354,0.06553915107732271
0.00014230134960311285,0.06455963947529367
0.00014241252253249028,0.0649104980243004
0.0001425236954618677,0.06520492126357501
0.00014263486839124513,0.06472475431791984
0.00014274604132062256,0.06560557939976823
0.00014285721425,0.06437057101689034
0.00014296838717937742,0.06399787344428856
0.00014307956010875487,0.06277519152899617
0.0001431907330381323,0.06311961231245344
0.00014330190596750973,0.0634726531214625
0.00014341307889688716,0.06362308661365719
0.00014352425182626458,0.06260619886851107
0.000143635424755642,0.06285567270550559
0.00014374659768501947,0.06190307950228328
0.0001438577706143969,0.06040218365311326
0.00014396894354377432,0.060869561133789
0.00014408011647315175,0.06117684658774783
0.00014419128940252918,0.05984821275698466
0.0001443024623319066,0.06065824305540933
0.00014441363526128403,0.059731905885820294
0.0001445248081906615,0.059961854352946126
0.00014463598112003892,0.058383166793035804
0.00014474715404941635,0.05811756438341573
0.00014485832697879377,0.05772333659828796
0.0001449694999081712,0.05788961533911256
0.00014508067283754863,0.05609158096782821
0.00014519184576692606,0.054961066417405315
0.0001453030186963035,0.05487904176070671
0.00014541419162568094,0.054372985256306114
0.00014552536455505837,0.05309787908470434
0.0001456365374844358,0.051696867081882605
0.00014574771041381322,0.048857400406179474
0.00014585888334319065,0.048433500455213156
0.00014597005627256808,0.0474988175092152
0.00014608122920194554,0.04608303402807216
0.00014619240213132296,0.04622353874318981
0.0001463035750607004,0.04583823208431409
0.00014641474799007782,0.046988589351848825
0.00014652592091945525,0.04535708463258386
0.00014663709384883268,0.04513944728174464
0.0001467482667782101,0.04441517477740067
0.00014685943970758756,0.0436879876800824
0.00014697061263696499,0.04342856202586498
0.00014708178556634241,0.04329188521365192
0.00014719295849571984,0.042057255142845404
0.00014730413142509727,0.042060825343550434
0.0001474153043544747,0.040755230724818514
0.00014752647728385213,0.04173980072995143
0.00014763765021322958,0.04115534869479574
0.000147748823142607,0.04189664669954124
0.00014785999607198444,0.04230601922421603
0.00014797116900136187,0.043190841944126084
0.0001480823419307393,0.043147246944907756
0.00014819351486011672,0.04309147790673811
0.00014830468778949415,0.04260098357503807
0.0001484158607188716,0.043387119876888966
0.00014852703364824903,0.04388382382588719
0.00014863820657762646,0.04339117194424009
0.0001487493795070039,0.042993333481351106
0.00014886055243638132,0.04234637786858431
0.00014897172536575874,0.04107626846212892
0.00014908289829513617,0.04132024313218393
0.00014919407122451363,0.041015125776624375
0.00014930524415389106,0.04009626248732203
0.00014941641708326848,0.03912577414445277
0.0001495275900126459,0.03853345590351097
0.00014963876294202334,-0.09367120948628882
0.00014974993587140077,-0.5440532322505517
0.0001498611088007782,-0.9403789599925012
0.00014997228173015565,-1.2380780582300424
0.00015008345465953308,-1.3943981150917046
0.0001501946275889105,-1.5929628454530673
0.00015030580051828793,-1.7519335820586484
0.00015041697344766536,-1.8470971332139274
0.0001505281463770428,-1.9363733875576616
0.00015063931930642025,-1.994754177065066
0.00015075049223579767,-2.013404299080056
0.0001508616651651751,-2.009233838721005
0.00015097283809455253,-1.9782191736411416
0.00015108401102392996,-1.9175212802377053
0.00015119518395330738,-1.8280601489516806
0.0001513063568826848,-1.713238851182486
0.00015141752981206227,-1.5745246978857208
0.0001515287027414397,-1.410076480059232
0.00015163987567081712,-1.2261046689386992
0.00015175104860019455,-1.0167687514523036
0.00015186222152957198,-0.7843089809590935
0.0001519733944589494,-0.5336134532233182
0.00015208456738832684,-0.2595053832701513
0.0001521957403177043,0.03378611274659893
0.00015230691324708172,0.34552529958405875
0.00015241808617645915,0.6748573518117544
0.00015252925910583657,1.0238758465093079
0.000152640432035214,1.3898334766671097
0.00015275160496459143,1.7714438467601845
0.00015286277789396886,2.167246214814195
0.00015297395082334631,2.5781689356698747
0.00015308512375272374,3.003679230638137
0.00015319629668210117,3.441719442486496
0.0001533074696114786,3.893862155760324
0.00015341864254085603,4.357155159002085
0.00015352981547023345,4.832446393661783
0.00015364098839961088,5.316243469392065
0.00015375216132898834,5.809681617575097
0.00015386333425836576,6.3124241585228225
0.0001539745071877432,6.822957914035198
0.00015408568011712062,7.3421613822266565
0.00015419685304649805,7.867299225964629
0.00015430802597587548,8.400431713080309
0.0001544191989052529,8.938970228186857
0.00015453037183463036,9.480632724256813
0.0001546415447640078,10.027563651695731
0.00015475271769338522,10.576820079200521
0.00015486389062276264,11.128411871827694
0.00015497506355214007,11.684445187554099
0.0001550862364815175,12.239072221048238
0.00015519740941089493,12.79525162159964
0.00015530858234027238,13.351931162249087
0.0001554197552696498,13.908166800999828
0.00015553092819902724,14.460352334422161
0.00015564210112840467,15.010590241872606
0.0001557532740577821,15.557471055139189
0.00015586444698715952,16.10202509447835
0.00015597561991653695,16.641682479986788
0.0001560867928459144,17.174609723741582
0.00015619796577529183,17.700559120254344
0.00015630913870466926,18.221922393778804
0.0001564203116340467,18.73458799446169
0.00015653148456342412,19.2399539961373
0.00015664265749280155,19.735825889875446
0.00015675383042217897,20.223409830292738
0.00015686500335155643,20.698089709522996
0.00015697617628093386,21.164426493873016
0.00015708734921031128,21.616583295209562
0.0001571985221396887,22.058085981643767
0.00015730969506906614,22.485968008714288
0.00015742086799844357,22.898545664427317
0.000157532040927821,23.295975300985873
0.00015764321385719845,23.679795509358875
0.00015775438678657588,24.047663343936435
0.0001578655597159533,24.398374491404038
0.00015797673264533074,24.73165309273312
0.00015808790557470816,25.047866218461397
0.0001581990785040856,25.34219472840547
0.00015831025143346305,25.617524847731126
0.00015842142436284047,25.871896247357757
0.0001585325972922179,26.10593483766986
0.00015864377022159533,26.318181532510184
0.00015875494315097276,26.506769236373113
0.00015886611608035019,26.672535652305733
0.00015897728900972761,26.81214343446042
0.00015908846193910507,26.92729661409552
0.0001591996348684825,27.01747785841835
0.00015931080779785993,27.08050290462278
0.00015942198072723735,27.116238163613527
0.00015953315365661478,27.124918271759427
0.0001596443265859922,27.10376361444304
0.00015975549951536964,27.051604106195597
0.0001598666724447471,26.97002741768496
0.00015997784537412452,26.85928892419431
0.00016008901830350195,26.715967306461465
0.00016020019123287938,26.54194196483866
0.0001603113641622568,26.33275446537462
0.00016042253709163423,26.090927165132516
0.00016053371002101166,25.812928471980566
0.00016064488295038912,25.501075965356268
0.00016075605587976654,25.152873578108466
0.00016086722880914397,24.9127539018247
0.0001609784017385214,25.015017856818773
0.00016108957466789883,25.1214641388673
0.00016120074759727626,25.17951905494594
0.00016131192052665368,25.130226359956534
0.00016142309345603114,25.151841942473055
0.00016153426638540857,25.169308764224958
0.000161645439314786,25.154021280991966
0.00016175661224416342,25.162015404952307
0.00016186778517354085,25.16945013112112
0.00016197895810291828,25.16911525308942
0.0001620901310322957,25.172471328657974
0.00016220130396167316,25.176851612925514
0.0001623124768910506,25.178152945517
0.00016242364982042802,25.177233254231947
0.00016253482274980544,25.17711900244851
0.00016264599567918287,25.175332910486436
0.0001627571686085603,25.173533087282788
0.00016286834153793773,25.173433926244655
0.00016297951446731518,25.171783005516094
0.0001630906873966926,25.16965326463806
0.00016320186032607004,25.16878704478831
0.00016331303325544747,25.164303147055158
0.0001634242061848249,25.16062989909452
0.00016353537911420232,25.157297584386487
0.00016364655204357975,25.154287712994247
0.0001637577249729572,25.149425884434613
0.00016386889790233463,25.144294070173867
0.00016398007083171206,25.13961867473527
0.0001640912437610895,25.135102117835423
0.00016420241669046692,25.129682538469176
0.00016431358961984435,25.123276305801003
0.00016442476254922177,25.117064698255614
0.00016453593547859923,25.11183163626857
0.00016464710840797666,25.106253846505485
0.00016475828133735409,25.099620576240678
0.00016486945426673151,25.09449836674807
0.00016498062719610894,25.088526326631953
0.00016509180012548637,25.082824452023495
0.0001652029730548638,25.07729820795412
0.00016531414598424125,25.069499249187118
0.00016542531891361868,25.064293377005182
0.0001655364918429961,25.057723417430896
0.00016564766477237354,25.051277841055764
0.00016575883770175096,25.045143729481765
0.0001658700106311284,25.03881611733577
0.00016598118356050585,25.03312026889425
0.00016609235648988328,25.029171290970787
0.0001662035294192607,25.023306350668538
0.00016631470234863813,25.018399774697247
0.00016642587527801556,25.01331509142199
0.000166537048207393,25.007485997990663
0.00016664822113677042,25.00112087201282
0.00016675939406614787,24.996181754667713
0.0001668705669955253,24.9914724238411
0.00016698173992490273,24.986578439575208
0.00016709291285428015,24.981010694101272
0.00016720408578365758,24.976063793905446
0.000167315258713035,24.972780528441756
0.00016742643164241244,24.96984307769387
0.0001675376045717899,24.966778453136833
0.00016764877750116732,24.96446320001525
0.00016775995043054475,24.962162641002415
0.00016787112335992218,24.959216661009297
0.0001679822962892996,24.957318739127437
0.00016809346921867703,24.95732657529711
0.00016820464214805446,24.95604113525423
0.00016831581507743192,24.95566132290555
0.00016842698800680934,24.953886868271187
0.00016853816093618677,24.953161367376314
0.0001686493338655642,24.95405944177034
0.00016876050679494163,24.955359095274737
0.00016887167972431906,24.95492221746553
0.00016898285265369648,24.95607403715955
0.00016909402558307394,24.958451557080725
0.00016920519851245137,24.96062799704019
0.0001693163714418288,24.961580577574956
0.00016942754437120622,24.96466931746678
0.00016953871730058365,24.96756172958929
0.00016964989022996108,24.971056852158547
0.0001697610631593385,24.974092073728116
0.00016987223608871596,24.977720504641308
0.0001699834090180934,24.982187936255535
0.00017009458194747082,24.986192416187208
0.00017020575487684825,24.99142935933489
0.00017031692780622567,24.99666985304414
0.0001704281007356031,24.99988877764174
0.00017053927366498053,25.004830414459548
0.00017065044659435799,25.01023889873576
0.0001707616195237354,25.014991872289926
0.00017087279245311284,25.02075333272047
0.00017098396538249027,25.027802680527742
0.0001710951383118677,25.03371701409637
0.00017120631124124513,25.03763677485741
0.00017131748417062255,25.043989721919356
0.0001714286571,25.04933417263266
0.00017153983002937744,25.054615060938655
0.00017165100295875486,25.05834151537517
0.0001717621758881323,25.065513005213493
0.00017187334881750972,25.072271128479127
0.00017198452174688715,25.077899405205585
0.00017209569467626458,25.08587404541881
0.00017220686760564203,25.092225120164603
0.00017231804053501946,25.09852902417928
0.0001724292134643969,25.104785122863404
0.00017254038639377432,25.111219856518762
0.00017265155932315174,25.1175067438716
0.00017276273225252917,25.122917278160475
0.00017287390518190663,25.129146052026183
0.00017298507811128405,25.133890557859765
0.00017309625104066148,25.141374767222885
0.0001732074239700389,25.147111914626027
0.00017331859689941634,25.151333856356796
0.00017342976982879377,25.1560201507347
0.0001735409427581712,25.16176293838947
0.00017365211568754865,25.166358695204316
0.00017376328861692608,25.17030127159676
0.0001738744615463035,25.175008046293716
0.00017398563447568093,25.177236700998932
0.00017409680740505836,25.180270881555476
0.0001742079803344358,25.18403024356563
0.00017431915326381322,25.187294931559098
0.00017443032619319067,25.190597038388347
0.0001745414991225681,25.195408709120734
0.00017465267205194553,25.197989885921853
0.00017476384498132296,25.200091489600254
0.00017487501791070038,25.20286666537856
0.0001749861908400778,25.205035364530993
0.00017509736376945524,25.20810085354933
0.0001752085366988327,25.21118900169351
0.00017531970962821012,25.21310669384683
0.00017543088255758755,25.215652890634736
0.00017554205548696498,25.21727259943103
0.0001756532284163424,25.219669228498006
0.00017576440134571983,25.21949476156948
0.00017587557427509726,25.219843247983174
0.00017598674720447472,25.219838020599653
0.00017609792013385215,25.218165738595523
0.00017620909306322957,25.21752094119603
0.000176320265992607,25.2164632103679
0.00017643143892198443,25.214073595977425
0.00017654261185136186,25.216213948400984
0.00017665378478073929,25.214429688948186
0.00017676495771011674,25.21367299490594
0.00017687613063949417,25.212142578467134
0.0001769873035688716,25.21148563176215
0.00017709847649824902,25.208997458431902
0.00017720964942762645,25.20658499415561
0.00017732082235700388,25.204601934410956
0.0001774319952863813,25.20180012615937
0.00017754316821575876,25.199844266549107
0.0001776543411451362,25.196996925765756
0.00017776551407451362,25.193254114490095
0.00017787668700389105,25.19027403900519
0.00017798785993326848,25.18775983327076
0.0001780990328626459,25.1834666514317
0.00017821020579202333,25.18130270496323
0.0001783213787214008,25.17886310511835
0.00017843255165077821,25.175736111083477
0.00017854372458015564,25.171216583131617
0.00017865489750953307,25.168344364760493
0.0001787660704389105,25.165040554148046
0.00017887724336828793,25.161679264733316
0.00017898841629766535,25.158118905818256
0.0001790995892270428,25.15587840012955
0.00017921076215642024,25.150855617888084
0.00017932193508579767,25.146774766704194
0.0001794331080151751,25.14413411058327
0.00017954428094455252,25.14117782315397
0.00017965545387392995,25.138354956176
0.00017976662680330738,25.13540603794512
0.00017987779973268483,25.13115459143386
0.00017998897266206226,25.12753430485814
0.0001801001455914397,25.12593935862933
0.00018021131852081712,25.121850466014976
0.00018032249145019454,25.11753293820229
0.00018043366437957197,25.11512614940425
0.00018054483730894943,25.112488900415983
0.00018065601023832686,25.110581323560105
0.00018076718316770428,25.10793073009691
0.0001808783560970817,25.10535811154869
0.00018098952902645914,25.102885263940152
0.00018110070195583657,25.101243294289777
0.000181211874885214,25.09843150662594
0.00018132304781459145,25.095882986265014
0.00018143422074396888,25.09351526266363
0.0001815453936733463,25.092322258867615
0.00018165656660272373,25.092176855369136
0.00018176773953210116,25.091832756099485
0.0001818789124614786,25.090484707840638
0.00018199008539085602,25.089648628868353
0.00018210125832023347,25.08879086118509
0.0001822124312496109,25.086932262736557
0.00018232360417898833,25.086302330782036
0.00018243477710836576,25.087728792730584
0.00018254595003774319,25.08758106945202
0.0001826571229671206,25.086170093016566
0.00018276829589649804,25.087300459776827
0.0001828794688258755,25.08962284766062
0.00018299064175525292,25.09095879823973
0.00018310181468463035,25.090123867670744
0.00018321298761400778,25.09056675482944
0.0001833241605433852,25.09141942426646
0.00018343533347276264,25.093359133311395
0.00018354650640214006,25.095715020209195
0.00018365767933151752,25.096057431547575
0.00018376885226089495,25.096638989188865
0.00018388002519027238,25.097926468181175
0.0001839911981196498,25.101629842021826
0.00018410237104902723,25.103056085534142
0.00018421354397840466,25.1069205528569
0.0001843247169077821,25.107616657086908
0.00018443588983715954,25.109917730205343
0.00018454706276653697,25.113672987734724
0.0001846582356959144,25.116615059556366
0.00018476940862529183,25.118556273052196
0.00018488058155466925,25.120021565934845
0.00018499175448404668,25.123016210099447
0.0001851029274134241,25.12561639711683
0.00018521410034280156,25.130448346062032
0.000185325273272179,25.135206438737555
0.00018543644620155642,25.13986000091939
0.00018554761913093385,25.143153461772485
0.00018565879206031128,25.14617674702902
0.0001857699649896887,25.14801380402342
0.00018588113791906613,25.15103138210725
0.0001859923108484436,25.154961166896655
0.00018610348377782102,25.156122959705318
0.00018621465670719844,25.160461301350153
0.00018632582963657587,25.161761285734496
0.0001864370025659533,25.163748127589393
0.00018654817549533073,25.164455515624557
0.00018665934842470816,25.166412108663504
0.0001867705213540856,25.168046883924333
0.00018688169428346304,25.168686087631173
0.00018699286721284047,25.17049717428864
0.0001871040401422179,25.172464505985527
0.00018721521307159532,25.174319379440234
0.00018732638600097275,25.176203270684795
0.0001874375589303502,25.178470833463397
0.00018754873185972763,25.180691026184228
0.00018765990478910506,25.183691276329434
0.0001877710777184825,25.18330322991477
0.00018788225064785992,25.185762662660498
0.00018799342357723735,25.1866017294741
0.00018810459650661477,25.188449380106256
0.00018821576943599223,25.190175264449046
0.00018832694236536966,25.191698162228224
0.00018843811529474708,25.193209576947915
0.0001885492882241245,25.19441860817061
0.00018866046115350194,25.195547365996095
0.00018877163408287937,25.195354052222044
0.0001888828070122568,25.19531835600872
0.00018899397994163425,25.196068657725807
0.00018910515287101168,25.195407633712126
0.0001892163258003891,25.195022053246266
0.00018932749872976654,25.19589303806327
0.00018943867165914396,25.19661531545258
0.0001895498445885214,25.19563612927951
0.00018966101751789882,25.19582721400445
0.00018977219044727627,25.195744853506916
0.0001898833633766537,25.195605066106104
0.00018999453630603113,25.193472545610955
0.00019010570923540856,25.192743873369096
0.00019021688216478599,25.1915489163206
0.00019032805509416341,25.189737823517582
0.00019043922802354084,25.18930045770953
0.0001905504009529183,25.18927163386014
0.00019066157388229573,25.18681983431289
0.00019077274681167315,25.18503683484522
0.00019088391974105058,25.18306115985158
0.000190995092670428,25.181541628423794
0.00019110626559980544,25.180503078056816
0.00019121743852918287,25.179349139708506
0.00019132861145856032,25.17753172238773
0.00019143978438793775,25.177674507060125
0.00019155095731731518,25.176451294775
0.0001916621302466926,25.173693837989386
0.00019177330317607003,25.174159277942987
0.00019188447610544746,25.17142092725641
0.0001919956490348249,25.169770315384245
0.00019210682196420234,25.16876254500951
0.00019221799489357977,25.167588527097166
0.0001923291678229572,25.16622915007171
0.00019244034075233463,25.16481115520541
0.00019255151368171206,25.1635772580808
0.00019266268661108948,25.162314823052196
0.0001927738595404669,25.160313967310408
0.00019288503246984437,25.15796941831153
0.0001929962053992218,25.155790363244492
0.00019310737832859922,25.15368330166779
0.00019321855125797665,25.150994580079093
0.00019332972418735408,25.14873643248687
0.0001934408971167315,25.147866712655205
0.00019355207004610893,25.145666433607246
0.0001936632429754864,25.14202295265313
0.00019377441590486382,25.13984004029103
0.00019388558883424125,25.139543505233394
0.00019399676176361867,25.13713273644613
0.0001941079346929961,25.136231989893233
0.00019421910762237353,25.134127788920885
0.00019433028055175096,25.134550058256778
0.0001944414534811284,25.135196392683884
0.00019455262641050584,25.133685205537493
0.00019466379933988327,25.13219787236658
0.0001947749722692607,25.13073690307582
0.00019488614519863812,25.129304807566296
0.00019499731812801555,25.127904095739087
0.000195108491057393,25.126537277495277
0.00019521966398677043,25.12520686273595
0.00019533083691614786,25.123915361362183
0.0001954420098455253,25.122665283275058
0.00019555318277490272,25.12145913837566
0.00019566435570428015,25.120299436565066
0.00019577552863365757,25.119188687744362
0.00019588670156303503,25.118129401814627
0.00019599787449241246,25.117124088676945
0.00019610904742178989,25.116175258232396
0.00019622022035116731,25.115285420382058
0.00019633139328054474,25.11445708502702
0.00019644256620992217,25.11369276206836
0.0001965537391392996,25.112994961407157
0.00019666491206867705,25.112366192944496
0.00019677608499805448,25.11180896658146
0.0001968872579274319,25.111325792219127
0.00019699843085680934,25.11091917975858
0.00019710960378618676,25.1105916391009
0.0001972207767155642,25.11034568014717
0.00019733194964494162,25.110183812798468
0.00019744312257431908,25.110108546955882
0.0001975542955036965,25.110122392520488
0.00019766546843307393,25.110227859393373
0.00019777664136245136,25.110427457475613
0.0001978878142918288,25.11072369666829
0.00019799898722120622,25.111119086872492
0.00019811016015058364,25.111616137989294
0.0001982213330799611,25.11221735991978
0.00019833250600933853,25.11292526256503
0.00019844367893871595,25.11374235582613
0.00019855485186809338,25.11467114960416
0.0001986660247974708,25.115714153800194
0.00019877719772684824,25.116873878315328
0.00019888837065622567,25.11815283305063
0.00019899954358560312,25.11955352790719
0.00019911071651498055,25.121078472786085
0.00019922188944435798,25.122730177588398
0.0001993330623737354,25.124511152215213
0.00019944423530311283,25.12642390656761
0.00019955540823249026,25.12847095054667
0.0001996665811618677,25.130654794053473
0.00019977775409124514,25.132977946989108
0.00019988892702062257,25.135442919254647
0.00020000009995,25.138052220751177
