Time,Amplitude
0.0,25.050921472455883
1.111729293774319e-07,25.05172886916818
2.223458587548638e-07,25.052487418093683
3.3351878813229573e-07,25.053198328102418
4.446917175097276e-07,25.053862808064395
5.558646468871596e-07,25.054482066849626
6.670375762645915e-07,25.055057313328135
7.782105056420233e-07,25.055589756369933
8.893834350194552e-07,25.05608060484504
1.0005563643968871e-06,25.056531067623464
1.1117292937743191e-06,25.056942353575227
1.222902223151751e-06,25.057315671570343
1.334075152529183e-06,25.05765223047883
1.4452480819066147e-06,25.0579532391707
1.5564210112840467e-06,25.05821990651597
1.6675939406614785e-06,25.058453441384657
1.7787668700389105e-06,25.058655052646778
1.8899397994163425e-06,25.058825949172345
2.0011127287937743e-06,25.058967339831376
2.112285658171206e-06,25.059080433493886
2.2234585875486383e-06,25.05916643902989
2.33463151692607e-06,25.05922656530941
2.445804446303502e-06,25.059262021202453
2.5569773756809336e-06,25.059274015579042
2.668150305058366e-06,25.05926375730919
2.7793232344357976e-06,25.05923245526291
2.8904961638132294e-06,25.05918131831022
3.0016690931906616e-06,25.059111555321138
3.1128420225680934e-06,25.059024375165677
3.224014951945525e-06,25.058920986713854
3.335187881322957e-06,25.058802598835683
3.446360810700389e-06,25.058670420401185
3.557533740077821e-06,25.05852566028037
3.6687066694552528e-06,25.058369527343256
3.779879598832685e-06,25.058203230459856
3.891052528210116e-06,25.058027978500192
4.0022254575875485e-06,25.057844980334277
4.113398386964981e-06,25.057655444832122
4.224571316342412e-06,25.05746058086375
4.335744245719844e-06,25.057261597299174
4.4469171750972765e-06,25.05705970300841
4.558090104474708e-06,25.05685610686147
4.66926303385214e-06,25.056652017728375
4.780435963229572e-06,25.05644864447914
4.891608892607004e-06,25.05624719598378
5.002781821984436e-06,25.056048881112307
5.113954751361867e-06,25.055854908734744
5.2251276807392995e-06,25.0556664877211
5.336300610116732e-06,25.0554848269414
5.447473539494163e-06,25.05531113526565
5.558646468871595e-06,25.05514662156028
5.6698193982490274e-06,25.054770315225927
5.780992327626459e-06,25.055064434468832
5.892165257003891e-06,25.055841857954302
6.003338186381323e-06,25.055164028787342
6.114511115758755e-06,25.056137574930755
6.225684045136187e-06,25.05609622096191
6.336856974513619e-06,25.054733368879457
6.44802990389105e-06,25.05524734534661
6.559202833268483e-06,25.057330562223118
6.670375762645914e-06,25.056715807096474
6.781548692023346e-06,25.056453615643097
6.892721621400778e-06,25.057022783517958
7.00389455077821e-06,25.05464614399922
7.115067480155642e-06,25.054888036620245
7.226240409533074e-06,25.05463055715855
7.3374133389105055e-06,25.055078530422662
7.448586268287938e-06,25.054121868823437
7.55975919766537e-06,25.05437141874135
7.670932127042801e-06,25.055306967545423
7.782105056420233e-06,25.055315396255605
7.893277985797666e-06,25.05676755082567
8.004450915175097e-06,25.056930841894413
8.115623844552528e-06,25.05728901129255
8.226796773929961e-06,25.05839417193893
8.337969703307393e-06,25.058347132534355
8.449142632684824e-06,25.057926166641344
8.560315562062257e-06,25.058813407806053
8.671488491439689e-06,25.059768294062582
8.78266142081712e-06,25.060125256409886
8.893834350194553e-06,25.060589493291214
9.005007279571984e-06,25.063565073415177
9.116180208949416e-06,25.065179561061672
9.227353138326849e-06,25.066713039488242
9.33852606770428e-06,25.06781681370298
9.449698997081712e-06,25.06958836601771
9.560871926459145e-06,25.071236708637198
9.672044855836576e-06,25.072399127892123
9.783217785214007e-06,25.074431518470554
9.89439071459144e-06,25.076139619843502
1.0005563643968872e-05,25.077322611682224
1.0116736573346303e-05,25.078594832623175
1.0227909502723734e-05,25.076468110778844
1.0339082432101168e-05,25.07677701252761
1.0450255361478599e-05,25.07574293036655
1.056142829085603e-05,25.076736377031192
1.0672601220233463e-05,25.076776549655303
1.0783774149610895e-05,25.07718821849007
1.0894947078988326e-05,25.076696923228603
1.1006120008365759e-05,25.076676481472802
1.111729293774319e-05,25.07582749636571
1.1228465867120622e-05,25.076378214019428
1.1339638796498055e-05,25.075656205469063
1.1450811725875486e-05,25.077538528448933
1.1561984655252918e-05,25.078286668748802
1.167315758463035e-05,25.078837551355182
1.1784330514007782e-05,25.07906172631462
1.1895503443385213e-05,25.07929486038815
1.2006676372762646e-05,25.079985382612577
1.2117849302140078e-05,25.080421048586352
1.222902223151751e-05,25.081104733256762
1.2340195160894942e-05,25.082436740047097
1.2451368090272374e-05,25.081766442796038
1.2562541019649805e-05,25.081580379988182
1.2673713949027238e-05,25.083166540198487
1.278488687840467e-05,25.082703640783084
1.28960598077821e-05,25.08270178848189
1.3007232737159532e-05,25.081797504300173
1.3118405666536965e-05,25.0822940831282
1.3229578595914397e-05,25.082820365635456
1.3340751525291828e-05,25.08277834830321
1.3451924454669261e-05,25.082426892220393
1.3563097384046692e-05,25.08436053517982
1.3674270313424124e-05,25.084728107056044
1.3785443242801557e-05,25.084822510404702
1.3896616172178988e-05,25.084648132458465
1.400778910155642e-05,25.083774255850706
1.4118962030933853e-05,25.083261788256532
1.4230134960311284e-05,25.080507900387364
1.4341307889688715e-05,25.081144726209637
1.4452480819066148e-05,25.079694220160402
1.456365374844358e-05,25.079354581872863
1.4674826677821011e-05,25.07889168340168
1.4785999607198444e-05,25.079220375126003
1.4897172536575875e-05,25.082246430885025
1.5008345465953307e-05,25.081041770455208
1.511951839533074e-05,25.082300473299235
1.5230691324708171e-05,25.0821802641727
1.5341864254085603e-05,25.084802479791858
1.5453037183463034e-05,25.086212583266146
1.5564210112840465e-05,25.085079885087968
1.56753830422179e-05,25.085236366374943
1.578655597159533e-05,25.08618621952457
1.5897728900972763e-05,25.08652018794998
1.6008901830350194e-05,25.087910044195265
1.6120074759727626e-05,25.088598658906356
1.6231247689105057e-05,25.08939776346942
1.634242061848249e-05,25.090973489270144
1.6453593547859923e-05,25.089416800680695
1.6564766477237354e-05,25.087824785073717
1.6675939406614786e-05,25.088872914920557
1.6787112335992217e-05,25.08766090613776
1.689828526536965e-05,25.087398504917658
1.7009458194747083e-05,25.087938465888634
1.7120631124124515e-05,25.088117459013745
1.7231804053501946e-05,25.086658293990695
1.7342976982879377e-05,25.08689925898212
1.745414991225681e-05,25.08562541351134
1.756532284163424e-05,25.08762608982995
1.767649577101167e-05,25.08609922554958
1.7787668700389106e-05,25.08418582762014
1.7898841629766537e-05,25.083591313912986
1.801001455914397e-05,25.08340738013896
1.81211874885214e-05,25.08348418058809
1.823236041789883e-05,25.085231266931054
1.8343533347276263e-05,25.085332936075588
1.8454706276653698e-05,25.08632238857734
1.856587920603113e-05,25.086261659675884
1.867705213540856e-05,25.089166989267262
1.8788225064785992e-05,25.090606086336237
1.8899397994163423e-05,25.08954235891887
1.9010570923540854e-05,25.090279887815477
1.912174385291829e-05,25.09049353367017
1.923291678229572e-05,25.09096271689292
1.9344089711673152e-05,25.09023664024925
1.9455262641050583e-05,25.089793641372125
1.9566435570428015e-05,25.090597245646276
1.9677608499805446e-05,25.091327071807896
1.978878142918288e-05,25.091083306248347
1.9899954358560312e-05,25.089364206121136
2.0011127287937744e-05,25.088749690103256
2.0122300217315175e-05,25.089162599358577
2.0233473146692606e-05,25.08678725660743
2.0344646076070038e-05,25.085242334798483
2.045581900544747e-05,25.084713896436934
2.0566991934824904e-05,25.084466137029032
2.0678164864202335e-05,25.084257822565913
2.0789337793579766e-05,25.082558560295027
2.0900510722957198e-05,25.08314893999956
2.101168365233463e-05,25.083211720581044
2.112285658171206e-05,25.08214029841628
2.1234029511089495e-05,25.082378106987253
2.1345202440466927e-05,25.080734819960046
2.1456375369844358e-05,25.08146312845631
2.156754829922179e-05,25.08027445432481
2.167872122859922e-05,25.08086854230504
2.1789894157976652e-05,25.08230443087189
2.1901067087354087e-05,25.08278890184016
2.2012240016731518e-05,25.082322379222646
2.212341294610895e-05,25.082458042736686
2.223458587548638e-05,25.083258976364885
2.2345758804863812e-05,25.08368020663855
2.2456931734241244e-05,25.082538746244172
2.256810466361868e-05,25.08141340666775
2.267927759299611e-05,25.080476811837496
2.279045052237354e-05,25.07965704483666
2.2901623451750973e-05,25.079113803651136
2.3012796381128404e-05,25.07779214755516
2.3123969310505835e-05,25.079667211546052
2.3235142239883267e-05,25.077578979816654
2.33463151692607e-05,25.076367408470666
2.3457488098638133e-05,25.07552751630358
2.3568661028015564e-05,25.073639364564194
2.3679833957392995e-05,25.073708792989038
2.3791006886770427e-05,25.07516889846699
2.3902179816147858e-05,25.07342172197745
2.4013352745525293e-05,25.073672970406342
2.4124525674902724e-05,25.072633388570495
2.4235698604280156e-05,25.072988165533946
2.4346871533657587e-05,25.072729360579906
2.445804446303502e-05,25.07270483033223
2.456921739241245e-05,25.07320333463755
2.4680390321789884e-05,25.07250919530259
2.4791563251167316e-05,25.07124894004
2.4902736180544747e-05,25.07090469076024
2.501390910992218e-05,25.072097360024912
2.512508203929961e-05,25.07208293671644
2.523625496867704e-05,25.071625136427357
2.5347427898054476e-05,25.071161412207367
2.5458600827431907e-05,25.073287032878785
2.556977375680934e-05,25.07319089588423
2.568094668618677e-05,25.073770794265055
2.57921196155642e-05,25.074484096110396
2.5903292544941633e-05,25.075200454791595
2.6014465474319064e-05,25.075711046277643
2.61256384036965e-05,25.075083034175158
2.623681133307393e-05,25.076030102177
2.634798426245136e-05,25.075978466426548
2.6459157191828793e-05,25.077883597546908
2.6570330121206224e-05,25.077901922585784
2.6681503050583656e-05,25.076361594957625
2.679267597996109e-05,25.076696666081236
2.6903848909338522e-05,25.07567535349644
2.7015021838715953e-05,25.074676643139416
2.7126194768093385e-05,25.075091563414805
2.7237367697470816e-05,25.075186168298902
2.7348540626848247e-05,25.07566543174335
2.7459713556225682e-05,25.075625334126748
2.7570886485603113e-05,25.07467910192415
2.7682059414980545e-05,25.075303740544932
2.7793232344357976e-05,25.075695595571904
2.7904405273735408e-05,25.076561260348395
2.801557820311284e-05,25.077124199341572
2.8126751132490274e-05,25.077204561014934
2.8237924061867705e-05,25.076279900176626
2.8349096991245136e-05,25.075939051977137
2.8460269920622568e-05,25.078490221379614
2.857144285e-05,25.07888600215532
2.868261577937743e-05,25.080029818206658
2.8793788708754862e-05,25.07836691798188
2.8904961638132297e-05,25.07971771461845
2.9016134567509728e-05,25.081377681411837
2.912730749688716e-05,25.08297138368251
2.923848042626459e-05,25.084320698911775
2.9349653355642022e-05,25.085974826086957
2.9460826285019453e-05,25.086337104174323
2.9571999214396888e-05,25.087221216246885
2.968317214377432e-05,25.0871249639089
2.979434507315175e-05,25.086692288482716
2.9905518002529182e-05,25.0829281206281
3.0016690931906614e-05,25.081318529722576
3.0127863861284045e-05,25.080709857128962
3.023903679066148e-05,25.077807248545323
3.035020972003891e-05,25.074663212386614
3.0461382649416342e-05,25.07552477188203
3.057255557879378e-05,25.074995802209756
3.0683728508171205e-05,25.074294664491156
3.079490143754864e-05,25.072230511742596
3.090607436692607e-05,25.071329237956526
3.10172472963035e-05,25.071133461603985
3.112842022568093e-05,25.072123154996586
3.1239593155058365e-05,25.072457579761092
3.13507660844358e-05,25.072173667759735
3.146193901381323e-05,25.073671448934917
3.157311194319066e-05,25.07533776992805
3.168428487256809e-05,25.07583989781762
3.1795457801945526e-05,25.07626669710539
3.1906630731322954e-05,25.076303974877987
3.201780366070039e-05,25.07881171043629
3.212897659007782e-05,25.08033293173821
3.224014951945525e-05,25.079311862727813
3.2351322448832686e-05,25.079938502647707
3.2462495378210114e-05,25.080021512127853
3.257366830758755e-05,25.081894670371234
3.268484123696498e-05,25.0822472536062
3.279601416634241e-05,25.08278523428637
3.2907187095719846e-05,25.08448875236728
3.3018360025097274e-05,25.083669742597916
3.312953295447471e-05,25.08237166559941
3.324070588385214e-05,25.081975100611245
3.335187881322957e-05,25.082952098843982
3.3463051742607006e-05,25.081703113986855
3.3574224671984434e-05,25.08098942919533
3.368539760136187e-05,25.08235462673978
3.37965705307393e-05,25.082069552178265
3.390774346011673e-05,25.082613090854135
3.4018916389494166e-05,25.08127833821631
3.4130089318871594e-05,25.080599070328542
3.424126224824903e-05,25.0813289979203
3.435243517762646e-05,25.079245312702536
3.446360810700389e-05,25.079905628377414
3.457478103638132e-05,25.07946320958948
3.4685953965758755e-05,25.08017862443742
3.479712689513619e-05,25.081854204126298
3.490829982451362e-05,25.0829026247809
3.501947275389105e-05,25.081989440783975
3.513064568326848e-05,25.084470006040913
3.5241818612645915e-05,25.08462870252446
3.535299154202334e-05,25.08440109234963
3.546416447140078e-05,25.08420462544699
3.557533740077821e-05,25.085592323904486
3.568651033015564e-05,25.086150697685508
3.5797683259533075e-05,25.087696577581085
3.59088561889105e-05,25.089324547602136
3.602002911828794e-05,25.089811022567226
3.613120204766537e-05,25.091353349833923
3.62423749770428e-05,25.090263841524212
3.6353547906420235e-05,25.089766516997695
3.646472083579766e-05,25.091398020740375
3.65758937651751e-05,25.0920929887877
3.6687066694552526e-05,25.09211725168327
3.679823962392996e-05,25.09235649363287
3.6909412553307395e-05,25.09216997900084
3.702058548268482e-05,25.09188289266627
3.713175841206226e-05,25.092114540842115
3.7242931341439686e-05,25.09263157895782
3.735410427081712e-05,25.092154540754017
3.746527720019455e-05,25.09306552645891
3.7576450129571984e-05,25.094409258315142
3.768762305894942e-05,25.093722898515765
3.7798795988326846e-05,25.09289013379363
3.790996891770428e-05,25.09342822443243
3.802114184708171e-05,25.09384029720342
3.8132314776459144e-05,25.096410679225134
3.824348770583658e-05,25.097487427433727
3.8354660635214006e-05,25.096874607341746
3.846583356459144e-05,25.098176560708946
3.857700649396887e-05,25.09739799537404
3.8688179423346304e-05,25.09909188759022
3.879935235272373e-05,25.099393790247184
3.891052528210117e-05,25.100377962102975
3.90216982114786e-05,25.101027007579944
3.913287114085603e-05,25.10030443107263
3.9244044070233464e-05,25.099615985743718
3.935521699961089e-05,25.10003261081621
3.946638992898833e-05,25.10222696358332
3.957756285836576e-05,25.103337036831437
3.968873578774319e-05,25.1027891144912
3.9799908717120624e-05,25.101840912323567
3.991108164649805e-05,25.10267225950347
4.002225457587549e-05,25.101889661139825
4.0133427505252915e-05,25.10192710555891
4.024460043463035e-05,25.101326794172834
4.0355773364007785e-05,25.10042762591497
4.046694629338521e-05,25.09948896862026
4.057811922276265e-05,25.098105035488253
4.0689292152140075e-05,25.096747633343483
4.080046508151751e-05,25.095622992424026
4.091163801089494e-05,25.094091466871394
4.102281094027237e-05,25.092418795834714
4.113398386964981e-05,25.09240205349991
4.1245156799027235e-05,25.091681168610396
4.135632972840467e-05,25.09129083526998
4.14675026577821e-05,25.09268615454551
4.157867558715953e-05,25.094034104790527
4.168984851653697e-05,25.09292178190084
4.1801021445914396e-05,25.09422966211821
4.191219437529183e-05,25.094124367317335
4.202336730466926e-05,25.094753341868937
4.213454023404669e-05,25.09526157379622
4.224571316342412e-05,25.09365224184762
4.2356886092801556e-05,25.09378962924041
4.246805902217899e-05,25.09459203342151
4.257923195155642e-05,25.094740713253255
4.269040488093385e-05,25.093129042870295
4.280157781031128e-05,25.09310748222557
4.2912750739688716e-05,25.094015065907485
4.3023923669066144e-05,25.093797255992126
4.313509659844358e-05,25.094119411076527
4.3246269527821014e-05,25.094367162501467
4.335744245719844e-05,25.093791448870835
4.3468615386575876e-05,25.094037023015044
4.3579788315953304e-05,25.09305164402122
4.369096124533074e-05,25.092653485244835
4.3802134174708174e-05,25.091867053857275
4.39133071040856e-05,25.090611393604828
4.4024480033463036e-05,25.09116185741975
4.4135652962840464e-05,25.089841104471837
4.42468258922179e-05,25.08913317129063
4.435799882159533e-05,25.090212620890764
4.446917175097276e-05,25.08946237797131
4.45803446803502e-05,25.088485435773418
4.4691517609727625e-05,25.089811423359038
4.480269053910506e-05,25.09008730439736
4.491386346848249e-05,25.088853175674753
4.502503639785992e-05,25.08971294089804
4.513620932723736e-05,25.08820208890041
4.5247382256614785e-05,25.088408019019564
4.535855518599222e-05,25.08863961000928
4.546972811536965e-05,25.088337828983672
4.558090104474708e-05,25.087332562377167
4.569207397412451e-05,25.089356809170944
4.5803246903501945e-05,25.09008186929371
4.591441983287938e-05,25.090412988139608
4.602559276225681e-05,25.09025087352281
4.613676569163424e-05,25.089668776553935
4.624793862101167e-05,25.08909940406932
4.6359111550389105e-05,25.088480414876418
4.647028447976653e-05,25.0874817553256
4.658145740914397e-05,25.08881182302461
4.66926303385214e-05,25.09012851138435
4.680380326789883e-05,25.08850161325433
4.6914976197276265e-05,25.08760089303669
4.7026149126653693e-05,25.085249385902145
4.713732205603113e-05,25.08327400730432
4.724849498540856e-05,25.083085395206687
4.735966791478599e-05,25.08155574384864
4.7470840844163426e-05,25.082554833257774
4.7582013773540854e-05,25.08275455100313
4.769318670291829e-05,25.081155842120253
4.7804359632295716e-05,25.080599440402487
4.791553256167315e-05,25.080634684619454
4.8026705491050586e-05,25.079992785896856
4.8137878420428014e-05,25.080615497789058
4.824905134980545e-05,25.080255450526685
4.8360224279182877e-05,25.079967961997774
4.847139720856031e-05,25.080045994271934
4.858257013793774e-05,25.202654238798118
4.8693743067315174e-05,25.544501404528102
4.880491599669261e-05,25.850179194626943
4.891608892607004e-05,26.12022170571307
4.902726185544747e-05,26.355823518263154
4.91384347848249e-05,26.55726844015597
4.9249607714202334e-05,26.724420000036854
4.936078064357977e-05,26.857702161776754
4.94719535729572e-05,26.96120379335074
4.958312650233463e-05,27.03583242504957
4.969429943171206e-05,27.078365594847327
4.9805472361089494e-05,27.093701906931674
4.991664529046692e-05,27.0789005600599
5.002781821984436e-05,27.03614800002978
5.013899114922179e-05,26.9659166571332
5.025016407859922e-05,26.869768573304892
5.0361337007976655e-05,26.749851433652218
5.047250993735408e-05,26.605381768109407
5.058368286673152e-05,26.436131768702296
5.069485579610895e-05,26.243116537987202
5.080602872548638e-05,26.029177693979996
5.0917201654863815e-05,25.793924395752562
5.102837458424124e-05,25.537299569202844
5.113954751361868e-05,25.258860250627652
5.1250720442996105e-05,24.963732850232027
5.136189337237354e-05,24.648764380037516
5.1473066301750975e-05,24.315220822089874
5.15842392311284e-05,23.96400744595864
5.169541216050584e-05,23.596932110316928
5.1806585089883266e-05,23.215382365961506
5.19177580192607e-05,22.817093898420758
5.202893094863813e-05,22.40535186400922
5.214010387801556e-05,21.979631173904277
5.2251276807393e-05,21.541286552031334
5.2362449736770426e-05,21.089765725192724
5.247362266614786e-05,20.626494975911754
5.258479559552529e-05,20.15221046956288
5.269596852490272e-05,19.668307605456782
5.280714145428016e-05,19.17464762899995
5.2918314383657586e-05,18.67225287807572
5.302948731303502e-05,18.16005227478983
5.314066024241245e-05,17.641828396135747
5.3251833171789884e-05,17.116306291695576
5.336300610116731e-05,16.585480716165197
5.3474179030544746e-05,16.0509098512127
5.358535195992218e-05,15.510058548448969
5.369652488929961e-05,14.96427623909364
5.3807697818677044e-05,14.415617587130129
5.391887074805447e-05,13.866461609963686
5.4030043677431907e-05,13.314256371146767
5.4141216606809334e-05,12.760921704369352
5.425238953618677e-05,12.207606180535969
5.4363562465564204e-05,11.654703624469548
5.447473539494163e-05,11.101777184442783
5.458590832431907e-05,10.551542613956867
5.4697081253696495e-05,10.003541479394997
5.480825418307393e-05,9.459747975255292
5.4919427112451364e-05,8.919596411500809
5.503060004182879e-05,8.383844414954574
5.514177297120623e-05,7.8548206344695775
5.5252945900583655e-05,7.330414552447588
5.536411882996109e-05,6.813507784487013
5.547529175933852e-05,6.304798103934956
5.558646468871595e-05,5.80313116206259
5.569763761809339e-05,5.312205785905222
5.5808810547470815e-05,4.83069551660087
5.591998347684825e-05,4.358554790135562
5.603115640622568e-05,3.897715879832278
5.614232933560311e-05,3.449834337620771
5.625350226498055e-05,3.014392574207019
5.6364675194357975e-05,2.5923843963396522
5.647584812373541e-05,2.184761206394487
5.658702105311284e-05,1.7918489360502474
5.669819398249027e-05,1.4148779686210422
5.68093669118677e-05,1.0556763173255055
5.6920539841245135e-05,0.7100466151272141
5.703171277062257e-05,0.38464866088192146
5.71428857e-05,0.0770977950996222
5.725405862937743e-05,-0.21082489886567005
5.736523155875486e-05,-0.478209875827846
5.7476404488132296e-05,-0.7247478797387206
5.7587577417509724e-05,-0.9508114003861374
5.769875034688716e-05,-1.1534393313617886
5.780992327626459e-05,-1.3341188141652853
5.792109620564202e-05,-1.4934710268527058
5.8032269135019456e-05,-1.6252084560920077
5.8143442064396884e-05,-1.732660291124009
5.825461499377432e-05,-1.812507970724646
5.836578792315175e-05,-1.8658698044620858
5.847696085252918e-05,-1.8919790687436069
5.8588133781906616e-05,-1.890894385220841
5.8699306711284044e-05,-1.8624259237990273
5.881047964066148e-05,-1.8034809126177755
5.892165257003891e-05,-1.7126008293500607
5.903282549941634e-05,-1.5925345542692502
5.9143998428793776e-05,-1.4394464614929925
5.9255171358171204e-05,-1.2543001154111368
5.936634428754864e-05,-1.0363805328020728
5.947751721692607e-05,-0.7829867259902892
5.95886901463035e-05,-0.49535371711356513
5.9699863075680936e-05,-0.1729605676011658
5.9811036005058364e-05,0.05222596710159365
5.99222089344358e-05,0.04444473957497675
6.003338186381323e-05,0.03646864471858085
6.014455479319066e-05,0.03021983166396473
6.025572772256809e-05,0.022645640549080737
6.0366900651945525e-05,0.015675388878461812
6.047807358132296e-05,0.010786085220032242
6.058924651070039e-05,0.008043453324340227
6.070041944007782e-05,0.004652741520875349
6.081159236945525e-05,0.00028841080600513266
6.0922765298832685e-05,-0.003266168196603693
6.103393822821011e-05,-0.0055544865756851965
6.114511115758755e-05,-0.009723097219853757
6.125628408696498e-05,-0.009969080362541018
6.136745701634241e-05,-0.01129737809947757
6.147862994571984e-05,-0.010700768858437454
6.158980287509728e-05,-0.01128507624111674
6.170097580447471e-05,-0.009949869931862
6.181214873385214e-05,-0.007751439648721105
6.192332166322958e-05,-0.005668143637746044
6.2034494592607e-05,-0.003355515714667024
6.214566752198443e-05,-0.0007725290176040475
6.225684045136186e-05,0.002319938416712752
6.23680133807393e-05,0.0071004533812509376
6.247918631011673e-05,0.009912210116517016
6.259035923949416e-05,0.014608815408933287
6.27015321688716e-05,0.02100445325569677
6.281270509824903e-05,0.026625352128792516
6.292387802762646e-05,0.032878416931290136
6.303505095700388e-05,0.03780098602016301
6.314622388638133e-05,0.04346329541249881
6.325739681575875e-05,0.047933071779838576
6.336856974513618e-05,0.05405379358685204
6.347974267451362e-05,0.05949129048581135
6.359091560389105e-05,0.06606851854547063
6.370208853326848e-05,0.0730120102373962
6.381326146264591e-05,0.07995210095039972
6.392443439202335e-05,0.08644403732049301
6.403560732140078e-05,0.09277552799675703
6.41467802507782e-05,0.09837576652683061
6.425795318015565e-05,0.10660577418027778
6.436912610953307e-05,0.11298069236247008
6.44802990389105e-05,0.12090718169465808
6.459147196828794e-05,0.12593300430009882
6.470264489766537e-05,0.13354420842556536
6.48138178270428e-05,0.13991052818779617
6.492499075642023e-05,0.1472400941599339
6.503616368579767e-05,0.15433480995761392
6.51473366151751e-05,0.15975021056617694
6.525850954455252e-05,0.16713621420169933
6.536968247392997e-05,0.17449273731957216
6.54808554033074e-05,0.18151007191146692
6.559202833268482e-05,0.1875334651592208
6.570320126206225e-05,0.19333178256863037
6.581437419143969e-05,0.19838819360478557
6.592554712081712e-05,0.2041911440974724
6.603672005019455e-05,0.21145871903744187
6.614789297957199e-05,0.21661420647853388
6.625906590894942e-05,0.22165417840728446
6.637023883832685e-05,0.2275351309360922
6.648141176770427e-05,0.2319186666997929
6.659258469708171e-05,0.23660389884240696
6.670375762645914e-05,0.24120056170852924
6.681493055583657e-05,0.2446951621150413
6.692610348521401e-05,0.24900050726668582
6.703727641459144e-05,0.253358087297323
6.714844934396887e-05,0.25598082538008676
6.72596222733463e-05,0.259539143857698
6.737079520272374e-05,0.2626303966511518
6.748196813210117e-05,0.2652545837604481
6.75931410614786e-05,0.26682223628992136
6.770431399085604e-05,0.26857244191821555
6.781548692023346e-05,0.2693951726953487
6.792665984961089e-05,0.27025567318927557
6.803783277898833e-05,0.2699950567930793
6.814900570836576e-05,0.2695105440884305
6.826017863774319e-05,0.2684495294384993
6.837135156712062e-05,0.26760825823604856
6.848252449649806e-05,0.2662941474643896
6.859369742587549e-05,0.26450719712352244
6.870487035525291e-05,0.2622474072134471
6.881604328463036e-05,0.2588943019611183
6.892721621400778e-05,0.2561554583277474
6.903838914338521e-05,0.25295978944937925
6.914956207276264e-05,0.2509852912132876
6.926073500214008e-05,0.24721937966805407
6.937190793151751e-05,0.2436030660120388
6.948308086089494e-05,0.23861553519413406
6.959425379027238e-05,0.23420668840736678
6.97054267196498e-05,0.2289261620138579
6.981659964902723e-05,0.22454419126968655
6.992777257840466e-05,0.21987236617477357
7.00389455077821e-05,0.21500718407794947
7.015011843715953e-05,0.20879420713665328
7.026129136653696e-05,0.20376829274338726
7.03724642959144e-05,0.19702897406119396
7.048363722529183e-05,0.1922863805013813
7.059481015466926e-05,0.18630901038159486
7.070598308404669e-05,0.1795667231316854
7.081715601342413e-05,0.17283861729566724
7.092832894280155e-05,0.16755957346492878
7.103950187217898e-05,0.16047326040546508
7.115067480155642e-05,0.15367970165123834
7.126184773093385e-05,0.14679081910190095
7.137302066031128e-05,0.13949251227951465
7.148419358968871e-05,0.13308559294370292
7.159536651906615e-05,0.12683833976229178
7.170653944844358e-05,0.12026672367799444
7.1817712377821e-05,0.11308635012024608
7.192888530719845e-05,0.10652164321317908
7.204005823657588e-05,0.10059285078803043
7.21512311659533e-05,0.09477913474302888
7.226240409533074e-05,0.08603664067980223
7.237357702470817e-05,0.08066618969813869
7.24847499540856e-05,0.07487472999544494
7.259592288346303e-05,0.07063951605959398
7.270709581284047e-05,0.06621812238322321
7.28182687422179e-05,0.061586125155236704
7.292944167159533e-05,0.05588053016584912
7.304061460097277e-05,0.05081896542979634
7.31517875303502e-05,0.045601300023978567
7.326296045972762e-05,0.04091433177057732
7.337413338910505e-05,0.03582738866734965
7.348530631848249e-05,0.03259228829997741
7.359647924785992e-05,0.028440418872245
7.370765217723735e-05,0.02609596952663543
7.381882510661479e-05,0.023418977007255728
7.392999803599222e-05,0.020357256279747417
7.404117096536965e-05,0.016614441827227513
7.415234389474707e-05,0.012915480898067063
7.426351682412452e-05,0.008599568054347794
7.437468975350194e-05,0.0059556217560158085
7.448586268287937e-05,0.005593024205784813
7.459703561225681e-05,0.003574698717811209
7.470820854163424e-05,0.0015620185997661578
7.481938147101167e-05,0.0005296617325515783
7.49305544003891e-05,-0.0010332071442611412
7.504172732976654e-05,-0.0017563742469353552
7.515290025914397e-05,-0.002770911244562372
7.52640731885214e-05,-0.002325045528350611
7.537524611789884e-05,-0.0017180907176180416
7.548641904727626e-05,-0.002718997133464564
7.559759197665369e-05,-0.0011028956617082277
7.570876490603113e-05,0.0009191347119174424
7.581993783540856e-05,0.004805735764622135
7.593111076478599e-05,0.004362340828125003
7.604228369416342e-05,0.00582789787204874
7.615345662354086e-05,0.006537774175550248
7.626462955291829e-05,0.009270197505732674
7.637580248229572e-05,0.012924557393274576
7.648697541167316e-05,0.013535412275066995
7.659814834105058e-05,0.01445302548391398
7.670932127042801e-05,0.015757609798389187
7.682049419980544e-05,0.019379874488974064
7.693166712918288e-05,0.023108726921220662
7.704284005856031e-05,0.026556287206942187
7.715401298793774e-05,0.029105740831091305
7.726518591731518e-05,0.030881459208342406
7.737635884669261e-05,0.03494784032197511
7.748753177607004e-05,0.0370687877601429
7.759870470544746e-05,0.039792589128265526
7.77098776348249e-05,0.04325767874847443
7.782105056420233e-05,0.04695417884929306
7.793222349357976e-05,0.04864267097482656
7.80433964229572e-05,0.05316518736433603
7.815456935233463e-05,0.05412970944642632
7.826574228171206e-05,0.056959896853764375
7.837691521108949e-05,0.05984013886539135
7.848808814046693e-05,0.06233649877694494
7.859926106984436e-05,0.06489440555897255
7.871043399922178e-05,0.06773235329038935
7.882160692859923e-05,0.07049489325043262
7.893277985797665e-05,0.07333691516117133
7.904395278735408e-05,0.0772471408013081
7.915512571673152e-05,0.08102540567063878
7.926629864610895e-05,0.08487711343594873
7.937747157548638e-05,0.0882240370416599
7.948864450486381e-05,0.0918843132025593
7.959981743424125e-05,0.09385228098056746
7.971099036361868e-05,0.09614263736350817
7.98221632929961e-05,0.09928458615545563
7.993333622237355e-05,0.10216489223116078
8.004450915175097e-05,0.10558436843964841
8.01556820811284e-05,0.10798862290836131
8.026685501050583e-05,0.10981348887749114
8.037802793988327e-05,0.11130111964771651
8.04892008692607e-05,0.11232490635745306
8.060037379863813e-05,0.11436255900472701
8.071154672801557e-05,0.11618932468813443
8.0822719657393e-05,0.11727618315144363
8.093389258677043e-05,0.118300972289971
8.104506551614785e-05,0.11887665356555634
8.11562384455253e-05,0.11869236257721172
8.126741137490272e-05,0.11976576521058051
8.137858430428015e-05,0.11925791637828283
8.148975723365759e-05,0.12003631544946071
8.160093016303502e-05,0.1197873660557321
8.171210309241245e-05,0.11962356372749769
8.182327602178988e-05,0.11964165920978223
8.193444895116732e-05,0.11913825128571723
8.204562188054475e-05,0.11895942278225195
8.215679480992217e-05,0.1187868191758627
8.226796773929961e-05,0.11845500772682264
8.237914066867704e-05,0.11721539427184442
8.249031359805447e-05,0.11651685421555666
8.26014865274319e-05,0.11555595401501997
8.271265945680934e-05,0.11423914932155364
8.282383238618677e-05,0.11320270567107218
8.29350053155642e-05,0.11238060712874658
8.304617824494164e-05,0.11110263034934963
8.315735117431907e-05,0.10924435539096794
8.32685241036965e-05,0.1071611005053882
8.337969703307394e-05,0.10485286569261035
8.349086996245136e-05,0.10407374566755381
8.360204289182879e-05,0.10184550281800286
8.371321582120622e-05,0.09823648700482582
8.382438875058366e-05,0.09582611854891226
8.393556167996109e-05,0.09309254151719801
8.404673460933852e-05,0.09079922320496177
8.415790753871596e-05,0.08834378007769389
8.426908046809339e-05,0.08652924493114779
8.438025339747081e-05,0.08480571864815957
8.449142632684824e-05,0.08255757950169959
8.460259925622568e-05,0.08081598687511325
8.471377218560311e-05,0.07812384296638801
8.482494511498054e-05,0.0751851770625125
8.493611804435798e-05,0.07284203616337105
8.504729097373541e-05,0.06945502407354595
8.515846390311284e-05,0.06594494609229525
8.526963683249027e-05,0.06311292685673467
8.53808097618677e-05,0.05989816873590516
8.549198269124513e-05,0.058355739329890036
8.560315562062256e-05,0.05572750584428444
8.571432855e-05,0.051293350718086564
8.582550147937743e-05,0.0488420483201832
8.593667440875486e-05,0.047957230756169894
8.604784733813229e-05,0.04634653349694287
8.615902026750973e-05,0.04403327165194901
8.627019319688716e-05,0.04131826023388778
8.638136612626459e-05,0.039770829534559675
8.649253905564203e-05,0.037686921265427546
8.660371198501945e-05,0.036530340370819425
8.671488491439688e-05,0.0348939939562227
8.682605784377432e-05,0.03209461988184321
8.693723077315175e-05,0.028959084446723158
8.704840370252918e-05,0.02574723169549213
8.715957663190661e-05,0.0244774501044936
8.727074956128405e-05,0.023370841902748213
8.738192249066148e-05,0.02256728659243406
8.74930954200389e-05,0.021768403311070893
8.760426834941635e-05,0.02089479744909096
8.771544127879378e-05,0.020066872118884
8.78266142081712e-05,0.02022549121962712
8.793778713754863e-05,0.019984705222727134
8.804896006692607e-05,0.0176915572348425
8.81601329963035e-05,0.015388237399317703
8.827130592568093e-05,0.01398337837350048
8.838247885505837e-05,0.014400533262511951
8.84936517844358e-05,0.01383702205050483
8.860482471381323e-05,0.011737255727549684
8.871599764319065e-05,0.01249957491043346
8.88271705725681e-05,0.011956180852775156
8.893834350194552e-05,0.012272834957702233
8.904951643132295e-05,0.012615552163809345
8.91606893607004e-05,0.014590637955115511
8.927186229007782e-05,0.013324875536254338
8.938303521945525e-05,0.01641022499471558
8.949420814883268e-05,0.01716994781779972
8.960538107821012e-05,0.0187211465766284
8.971655400758755e-05,0.019362582039999618
8.982772693696497e-05,0.020303491440408297
8.993889986634242e-05,0.022589193461709577
9.005007279571984e-05,0.02495449216639609
9.016124572509727e-05,0.02559535663795666
9.027241865447471e-05,0.026658766390857437
9.038359158385214e-05,0.02700041060550547
9.049476451322957e-05,0.027992974913868204
9.0605937442607e-05,0.02904391666907194
9.071711037198444e-05,0.029606918414544693
9.082828330136187e-05,0.030578647740141175
9.09394562307393e-05,0.03247417077015077
9.105062916011674e-05,0.03259176687298717
9.116180208949416e-05,0.03228113981038008
9.127297501887159e-05,0.03294085531531298
9.138414794824902e-05,0.03411926892459461
9.149532087762646e-05,0.03547566673226138
9.160649380700389e-05,0.03741906760706431
9.171766673638132e-05,0.040108881899147235
9.182883966575876e-05,0.04128314105301345
9.194001259513619e-05,0.04102700750235496
9.205118552451362e-05,0.04210397194997991
9.216235845389104e-05,0.04351534536300989
9.227353138326848e-05,0.045204154324870405
9.238470431264591e-05,0.047567848483016636
9.249587724202334e-05,0.04893682307877084
9.260705017140078e-05,0.05106456892577164
9.271822310077821e-05,0.05120126847494578
9.282939603015564e-05,0.05394831717479746
9.294056895953307e-05,0.05592051703298118
9.305174188891051e-05,0.05724262835653408
9.316291481828794e-05,0.05976979943439713
9.327408774766536e-05,0.060794323149686545
9.33852606770428e-05,0.061806641708797856
9.349643360642023e-05,0.06260063897458532
9.360760653579766e-05,0.06557788991007793
9.37187794651751e-05,0.06770194185742814
9.382995239455253e-05,0.0684355325010309
9.394112532392996e-05,0.07033257585129912
9.405229825330739e-05,0.07146759564056565
9.416347118268483e-05,0.07326356778308075
9.427464411206226e-05,0.07489775537889388
9.438581704143968e-05,0.0754438128782725
9.449698997081713e-05,0.0753458175593349
9.460816290019455e-05,0.07588455059537927
9.471933582957198e-05,0.07664410939454629
9.483050875894941e-05,0.07767480142785414
9.494168168832685e-05,0.07936533733771656
9.505285461770428e-05,0.07984624638399548
9.516402754708171e-05,0.07930282504797673
9.527520047645915e-05,0.08032756810690164
9.538637340583658e-05,0.08162629395620608
9.5497546335214e-05,0.08190099518300922
9.560871926459143e-05,0.08249378002187885
9.571989219396887e-05,0.08194524563538565
9.58310651233463e-05,0.08163421080617038
9.594223805272373e-05,0.08167593636585443
9.605341098210117e-05,0.0817532092744646
9.61645839114786e-05,0.0806029091602109
9.627575684085603e-05,0.07987040729419118
9.638692977023346e-05,0.07875874746177888
9.64981026996109e-05,0.0777626170475928
9.660927562898833e-05,0.07824011867984326
9.672044855836575e-05,0.07656090561422757
9.68316214877432e-05,0.07710361644882406
9.694279441712062e-05,0.07739383755186632
9.705396734649805e-05,0.07685241519366563
9.716514027587548e-05,0.07577795646740237
9.727631320525292e-05,0.07413668269081394
9.738748613463035e-05,0.07332455528880343
9.749865906400778e-05,0.07332295876911311
9.760983199338522e-05,0.07249057782418336
9.772100492276265e-05,0.07201068359087681
9.783217785214007e-05,0.07069496968997589
9.794335078151751e-05,0.07071047842159496
9.805452371089494e-05,0.07074156594743428
9.816569664027237e-05,0.06888426523471416
9.82768695696498e-05,0.0680653135231749
9.838804249902724e-05,0.06709140581997682
9.849921542840467e-05,0.06659061407556861
9.86103883577821e-05,0.06549703455279395
9.872156128715954e-05,0.06312829747909088
9.883273421653697e-05,0.06177599637259922
9.89439071459144e-05,0.061567555922105596
9.905508007529182e-05,0.059879905369950796
9.916625300466926e-05,0.05817729970028858
9.927742593404669e-05,0.05709450816316099
9.938859886342412e-05,0.05730367639704584
9.949977179280156e-05,0.05789067639644148
9.961094472217899e-05,0.055961932811131265
9.972211765155642e-05,0.05449840868276766
9.983329058093384e-05,0.054366992434854385
9.994446351031129e-05,0.05375840724830551
0.00010005563643968871,0.05369764593617262
0.00010016680936906614,0.05257227667265882
0.00010027798229844358,0.05122990589619674
0.00010038915522782101,0.05042614825298836
0.00010050032815719844,0.04998778805443867
0.00010061150108657587,0.04786623775440241
0.00010072267401595331,0.04663374028769331
0.00010083384694533074,0.046369820495454045
0.00010094501987470817,0.046603277782683514
0.0001010561928040856,0.04642427390469209
0.00010116736573346303,0.04457482498058674
0.00010127853866284046,0.043622493215749986
0.0001013897115922179,0.04283308070616484
0.00010150088452159533,0.041492189799970935
0.00010161205745097276,0.04006146273261788
0.00010172323038035019,0.03982845247810633
0.00010183440330972763,0.03973845599507843
0.00010194557623910506,0.038684609705780595
0.00010205674916848249,0.03969266242010299
0.00010216792209785993,0.038811212916574925
0.00010227909502723736,0.03948529331355832
0.00010239026795661478,0.040492967177251746
0.00010250144088599221,0.04061239386273404
0.00010261261381536965,0.03950070023881923
0.00010272378674474708,0.038715003371859354
0.00010283495967412451,0.03674864068291544
0.00010294613260350195,0.035900747762278494
0.00010305730553287938,0.035107576000320724
0.0001031684784622568,0.03666049292213099
0.00010327965139163423,0.03753331055468384
0.00010339082432101168,0.037775896038287744
0.0001035019972503891,0.03783717618081397
0.00010361317017976653,0.03778796558707429
0.00010372434310914397,0.037406588174230294
0.0001038355160385214,0.03743506861995256
0.00010394668896789883,0.03769152375177667
0.00010405786189727626,0.03783538439069391
0.0001041690348266537,0.03612144910395587
0.00010428020775603113,0.03754880208783926
0.00010439138068540855,0.036869272010059406
0.000104502553614786,0.03871322065493424
0.00010461372654416342,0.04009650896548474
0.00010472489947354085,0.041468900499215824
0.0001048360724029183,0.039836380890519586
0.00010494724533229572,0.039936450533521024
0.00010505841826167315,0.04036127990691562
0.00010516959119105058,0.040714645177411316
0.00010528076412042802,0.04056953629461622
0.00010539193704980545,0.04067682424417344
0.00010550310997918287,0.04041218811629877
0.00010561428290856032,0.041302378548399535
0.00010572545583793774,0.04204021744107208
0.00010583662876731517,0.0429091622950883
0.0001059478016966926,0.041269740136792646
0.00010605897462607004,0.04133861775008402
0.00010617014755544747,0.04222550167727038
0.0001062813204848249,0.041991274472573906
0.00010639249341420234,0.043500997577955974
0.00010650366634357977,0.04339827767488416
0.0001066148392729572,0.043146617557998715
0.00010672601220233462,0.04149125715983837
0.00010683718513171206,0.04089318581194734
0.00010694835806108949,0.041546433948351134
0.00010705953099046692,0.04180856855631359
0.00010717070391984436,0.04199395150752807
0.00010728187684922179,0.04142552362673763
0.00010739304977859922,0.04164189093356736
0.00010750422270797665,0.040834888323680436
0.00010761539563735409,0.04193700232016072
0.00010772656856673152,0.04350594489305908
0.00010783774149610894,0.04357546522607592
0.00010794891442548639,0.04503832163444151
0.00010806008735486381,0.044237021494549986
0.00010817126028424124,0.043781495635771696
0.00010828243321361867,0.04349367813993667
0.00010839360614299611,0.043422359508236155
0.00010850477907237354,0.04429738885836757
0.00010861595200175097,0.04411028016165775
0.00010872712493112841,0.04456534195741166
0.00010883829786050584,0.044975291769987685
0.00010894947078988326,0.04403982594314282
0.0001090606437192607,0.04506507876580513
0.00010917181664863813,0.044903008740618124
0.00010928298957801556,0.04397471232864349
0.00010939416250739299,0.04526044836501475
0.00010950533543677043,0.044340726191170965
0.00010961650836614786,0.04485921104951568
0.00010972768129552529,0.044141933244172156
0.00010983885422490273,0.04472208968232675
0.00010995002715428016,0.045320247286489215
0.00011006120008365758,0.04496123891765295
0.00011017237301303501,0.04393322034421112
0.00011028354594241245,0.04381846445841876
0.00011039471887178988,0.04290613375512885
0.00011050589180116731,0.04344142742436618
0.00011061706473054475,0.04240767911504387
0.00011072823765992218,0.04112210936332903
0.00011083941058929961,0.040862125418214316
0.00011095058351867704,0.04173519468302972
0.00011106175644805448,0.04093519321253272
0.0001111729293774319,0.041343680040165344
0.00011128410230680933,0.04070074412302664
0.00011139527523618677,0.04147020899047633
0.0001115064481655642,0.0413477448182123
0.00011161762109494163,0.041005825572540476
0.00011172879402431906,0.04095139573217842
0.0001118399669536965,0.042444294134328306
0.00011195113988307393,0.042777867391478715
0.00011206231281245136,0.041379901643795326
0.0001121734857418288,0.04102525117969348
0.00011228465867120623,0.04181680551406394
0.00011239583160058365,0.041652973219618236
0.0001125070045299611,0.04141140736381435
0.00011261817745933852,0.04237532977374299
0.00011272935038871595,0.04249064884515057
0.00011284052331809338,0.04418584885913454
0.00011295169624747082,0.04355553924594892
0.00011306286917684825,0.043212666624008265
0.00011317404210622568,0.04375831392263117
0.00011328521503560312,0.04293244036949106
0.00011339638796498055,0.04289354971446469
0.00011350756089435797,0.04304390304032725
0.0001136187338237354,0.04221340288133361
0.00011372990675311284,0.04173276116934293
0.00011384107968249027,0.04101209704036029
0.0001139522526118677,0.04258415997642625
0.00011406342554124514,0.04384528818502967
0.00011417459847062257,0.044713007306035384
0.0001142857714,0.04535157783980274
0.00011439694432937742,0.04505234719201446
0.00011450811725875487,0.04413738204304083
0.0001146192901881323,0.043747482735146795
0.00011473046311750972,0.0429413778208268
0.00011484163604688716,0.043493915824617445
0.00011495280897626459,0.04413733311249649
0.00011506398190564202,0.044250637289634354
0.00011517515483501945,0.045624827945362476
0.00011528632776439689,0.04553705323516805
0.00011539750069377432,0.04870443789324006
0.00011550867362315174,0.048528779772430586
0.00011561984655252919,0.049514990361838034
0.00011573101948190661,0.04905278088440921
0.00011584219241128404,0.04866162665528989
0.00011595336534066148,0.04785295694989383
0.00011606453827003891,0.04955420629629954
0.00011617571119941634,0.050314993849439556
0.00011628688412879377,0.050837861860060146
0.00011639805705817121,0.05051221307011563
0.00011650922998754864,0.05215758210109876
0.00011662040291692607,0.051498531883901966
0.0001167315758463035,0.05207287714844919
0.00011684274877568093,0.05124393193423201
0.00011695392170505836,0.052534718908950215
0.00011706509463443579,0.05221959050193345
0.00011717626756381323,0.054392596042413095
0.00011728744049319066,0.0535145362184313
0.00011739861342256809,0.05379584031513941
0.00011750978635194553,0.053103319961637654
0.00011762095928132296,0.05341707442642454
0.00011773213221070039,0.054268188336617396
0.00011784330514007781,0.054384304253669
0.00011795447806945526,0.05622078387475797
0.00011806565099883268,0.05771261548113397
0.00011817682392821011,0.05762682567947467
0.00011828799685758755,0.05773686231915281
0.00011839916978696498,0.05741040089680885
0.00011851034271634241,0.05892113754188497
0.00011862151564571984,0.060406953469289995
0.00011873268857509728,0.061703512654617126
0.0001188438615044747,0.06165299917294469
0.00011895503443385213,0.06191052064565944
0.00011906620736322958,0.06205412487583155
0.000119177380292607,0.06154708206169086
0.00011928855322198443,0.06317203620836422
0.00011939972615136187,0.06439527132747475
0.0001195108990807393,0.06462277599553116
0.00011962207201011673,0.06409445575742378
0.00011973324493949416,0.06400765679399371
0.0001198444178688716,0.06345517747045157
0.00011995559079824903,0.0628862096440681
0.00012006676372762645,0.06333050405906572
0.0001201779366570039,0.06395713328675307
0.00012028910958638132,0.06371743104787327
0.00012040028251575875,0.06335664365832834
0.00012051145544513618,0.062473082475092825
0.00012062262837451362,0.06262827899732862
0.00012073380130389105,0.06208055717300157
0.00012084497423326848,0.06190465736436157
0.00012095614716264592,0.06283077708337328
0.00012106732009202335,0.0618727949863107
0.00012117849302140077,0.06172328805682793
0.0001212896659507782,0.06146385053374642
0.00012140083888015564,0.061751089330526254
0.00012151201180953307,0.0614745350130341
0.0001216231847389105,0.06281929965035124
0.00012173435766828794,0.06266202522655695
0.00012184553059766537,0.0629366909974264
0.0001219567035270428,0.06359186144310898
0.00012206787645642023,0.0648105974712967
0.00012217904938579765,0.06415738865844248
0.0001222902223151751,0.06549924872493515
0.00012240139524455254,0.06485835046886118
0.00012251256817392996,0.06517383745640314
0.0001226237411033074,0.06458043936852488
0.00012273491403268482,0.06459125435851498
0.00012284608696206225,0.06351124317829061
0.00012295725989143968,0.0645766465272392
0.00012306843282081713,0.0637411051208768
0.00012317960575019456,0.06256908961494592
0.000123290778679572,0.06384489940593056
0.00012340195160894942,0.06457109558487541
0.00012351312453832684,0.06208533834320731
0.00012362429746770427,0.06215146548055031
0.0001237354703970817,0.062370403172593
0.00012384664332645915,0.06228496169644619
0.00012395781625583658,0.0629104511666795
0.000124068989185214,0.061577553464742904
0.00012418016211459144,0.0608676028898406
0.00012429133504396887,0.06114426174475587
0.0001244025079733463,0.060742274084578336
0.00012451368090272372,0.06105590465424921
0.00012462485383210118,0.06117944972441788
0.0001247360267614786,0.0609759236062604
0.00012484719969085603,0.0616979471115007
0.00012495837262023346,0.061587491978434133
0.0001250695455496109,0.062478043208364885
0.00012518071847898832,0.061317064610648994
0.00012529189140836575,0.06199412789792621
0.0001254030643377432,0.060488428588408055
0.00012551423726712063,0.059910524749936724
0.00012562541019649806,0.05980799012264118
0.00012573658312587548,0.05982535260575693
0.0001258477560552529,0.059113689888470156
0.00012595892898463034,0.05896046007107253
0.00012607010191400777,0.05819324254231411
0.00012618127484338522,0.058114296793518254
0.00012629244777276265,0.058237018870089176
0.00012640362070214008,0.058632264327925274
0.0001265147936315175,0.05801976517595623
0.00012662596656089494,0.057735082418701095
0.00012673713949027236,0.057297037425598725
0.0001268483124196498,0.05660086146175262
0.00012695948534902725,0.05522003715326634
0.00012707065827840467,0.05593681706978772
0.0001271818312077821,0.056304938144411946
0.00012729300413715953,0.056201213455298306
0.00012740417706653696,0.05460427498561485
0.00012751534999591439,0.053976368135352136
0.00012762652292529181,0.05422858332519415
0.00012773769585466927,0.05397061375013346
0.0001278488687840467,0.05467668911539179
0.00012796004171342413,0.053398512130681204
0.00012807121464280155,0.05322415806440652
0.00012818238757217898,0.052801400977331596
0.0001282935605015564,0.05216883179978283
0.00012840473343093384,0.052366307583422166
0.0001285159063603113,0.05325284617062541
0.00012862707928968872,0.05328846616711639
0.00012873825221906615,0.05511010274404767
0.00012884942514844358,0.05635837430246581
0.000128960598077821,0.055395803274427564
0.00012907177100719843,0.05662019833039871
0.0001291829439365759,0.05746640707671214
0.00012929411686595332,0.056822229706222645
0.00012940528979533074,0.0584509368669911
0.00012951646272470817,0.05937855650807658
0.0001296276356540856,0.06020353176944728
0.00012973880858346303,0.05915739169386026
0.00012984998151284045,0.059036997018447814
0.0001299611544422179,0.05980363647498388
0.00013007232737159534,0.060386531457451306
0.00013018350030097277,0.06019395186622944
0.0001302946732303502,0.06089171121001414
0.00013040584615972762,0.061171570684764365
0.00013051701908910505,0.06041199497518199
0.00013062819201848248,0.057766620431281376
0.00013073936494785993,0.0581646849831992
0.00013085053787723736,0.057759736115448095
0.0001309617108066148,0.05752275691893759
0.00013107288373599222,0.05813003917003825
0.00013118405666536964,0.05839630702775098
0.00013129522959474707,0.05727149821043327
0.0001314064025241245,0.05649535805361132
0.00013151757545350196,0.0562312159888831
0.00013162874838287938,0.057098478125718694
0.0001317399213122568,0.05834664952447333
0.00013185109424163424,0.05882200542743667
0.00013196226717101167,0.06091352343460086
0.0001320734401003891,0.060268194634241164
0.00013218461302976652,0.05979753369492071
0.00013229578595914398,0.059689596770496046
0.0001324069588885214,0.060445748586159385
0.00013251813181789883,0.060389002229633726
0.00013262930474727626,0.06159882112789772
0.0001327404776766537,0.06151241111138909
0.00013285165060603112,0.06105946589480314
0.00013296282353540855,0.06188298948630798
0.000133073996464786,0.06231096776177163
0.00013318516939416343,0.06297364718102019
0.00013329634232354086,0.06327253496779672
0.00013340751525291829,0.06265306426788779
0.00013351868818229571,0.06192895632958128
0.00013362986111167314,0.06250083264036484
0.00013374103404105057,0.06319556756470612
0.00013385220697042802,0.06348321598884636
0.00013396337989980545,0.0633867637011935
0.00013407455282918288,0.063122861716061
0.0001341857257585603,0.06314129860055015
0.00013429689868793774,0.0633369704226734
0.00013440807161731516,0.06379425511585407
0.0001345192445466926,0.0632824444083286
0.00013463041747607005,0.062208449075355235
0.00013474159040544748,0.06395123550975435
0.0001348527633348249,0.06470076648071926
0.00013496393626420233,0.06464571512492512
0.00013507510919357976,0.06455522805225396
0.0001351862821229572,0.06480686083425519
0.00013529745505233462,0.06544426286574632
0.00013540862798171207,0.06622242833383812
0.0001355198009110895,0.06604451733868286
0.00013563097384046693,0.06702907350469546
0.00013574214676984435,0.06625223668154494
0.00013585331969922178,0.06736375632539011
0.0001359644926285992,0.06722395910177364
0.00013607566555797667,0.06738524185259732
0.0001361868384873541,0.06687850176301134
0.00013629801141673152,0.06745534300004305
0.00013640918434610895,0.06716447687369752
0.00013652035727548638,0.0661519920160008
0.0001366315302048638,0.06627969899337703
0.00013674270313424123,0.06646326430879046
0.0001368538760636187,0.06574815197992724
0.00013696504899299612,0.06621095942701573
0.00013707622192237354,0.06684459319793577
0.00013718739485175097,0.06835909828350309
0.0001372985677811284,0.06803449044520392
0.00013740974071050583,0.0677019645684676
0.00013752091363988326,0.06612251959877666
0.0001376320865692607,0.06583625296091233
0.00013774325949863814,0.06574048276059874
0.00013785443242801557,0.06436257373497872
0.000137965605357393,0.06392836552695899
0.00013807677828677042,0.0639715438880782
0.00013818795121614785,0.06546930857735629
0.00013829912414552528,0.06554038129935537
0.00013841029707490273,0.06479435258117736
0.00013852147000428016,0.06552551663220625
0.0001386326429336576,0.06555584027594083
0.00013874381586303502,0.0672443413423138
0.00013885498879241245,0.06714332252375761
0.00013896616172178987,0.06696273064335403
0.0001390773346511673,0.06690902547196562
0.00013918850758054476,0.06588226764744619
0.00013929968050992219,0.06720695740508137
0.0001394108534392996,0.06635716331076572
0.00013952202636867704,0.06773689295734159
0.00013963319929805447,0.0680749491241549
0.0001397443722274319,0.06794207864522947
0.00013985554515680933,0.06765942890325949
0.00013996671808618678,0.06826064180205685
0.0001400778910155642,0.06663663011606356
0.00014018906394494164,0.06768334633742126
0.00014030023687431906,0.06702802760642575
0.0001404114098036965,0.06682880035194362
0.00014052258273307392,0.06675398137932674
0.00014063375566245135,0.06620189869275907
0.0001407449285918288,0.06641692429961234
0.00014085610152120623,0.06583716232090299
0.00014096727445058366,0.06538317208648868
0.0001410784473799611,0.0653618592418494
0.00014118962030933851,0.06401759305808398
0.00014130079323871594,0.06413657356684332
0.00014141196616809337,0.06309831490230161
0.00014152313909747083,0.06270229076529517
0.00014163431202684825,0.06206723282294689
0.00014174548495622568,0.06189695022900833
0.0001418566578856031,0.06330971999460305
0.00014196783081498054,0.06232900217472275
0.00014207900374435797,0.06288453827963703
0.0001421901766737354,0.06284339598216411
0.00014230134960311285,0.06280482622731728
0.00014241252253249028,0.06318672861691627
0.0001425236954618677,0.06424791376102695
0.00014263486839124513,0.06535940948465138
0.00014274604132062256,0.06597092248608401
0.00014285721425,0.06493627800113484
0.00014296838717937742,0.0655374417983004
0.00014307956010875487,0.06414693686014944
0.0001431907330381323,0.06357419897634209
0.00014330190596750973,0.06310950352766419
0.00014341307889688716,0.0629622167992133
0.00014352425182626458,0.06370647301068563
0.000143635424755642,0.06278820723225212
0.00014374659768501947,0.06155798495468094
0.0001438577706143969,0.06122211303581903
0.00014396894354377432,0.061716261892868086
0.00014408011647315175,0.06188424858443213
0.00014419128940252918,0.0614289937227845
0.0001443024623319066,0.06150285253556189
0.00014441363526128403,0.060253992353578326
0.0001445248081906615,0.05947524110383731
0.00014463598112003892,0.06032127235902881
0.00014474715404941635,0.06073236160452787
0.00014485832697879377,0.05981554367543955
0.0001449694999081712,0.05929245861942554
0.00014508067283754863,0.05941397002876781
0.00014519184576692606,0.05856718581736227
0.0001453030186963035,0.059139707500834214
0.00014541419162568094,0.05944258589882502
0.00014552536455505837,0.05936405243589283
0.0001456365374844358,0.05872793443415342
0.00014574771041381322,0.05991090222282968
0.00014585888334319065,0.06069790231551696
0.00014597005627256808,0.0604111545914199
0.00014608122920194554,0.06100597458719685
0.00014619240213132296,0.060879281413497646
0.0001463035750607004,0.06066483808526537
0.00014641474799007782,0.060593755220949064
0.00014652592091945525,0.05979226915945062
0.00014663709384883268,0.05959252131213301
0.0001467482667782101,0.059133898884840316
0.00014685943970758756,0.058560711021438325
0.00014697061263696499,0.0595343597320082
0.00014708178556634241,0.058976917690403946
0.00014719295849571984,0.05746389883718597
0.00014730413142509727,0.056872424383706155
0.0001474153043544747,0.05787563628926467
0.00014752647728385213,0.058191669055856904
0.00014763765021322958,0.05805320685285139
0.000147748823142607,0.058261803386055
0.00014785999607198444,0.05828992085746302
0.00014797116900136187,0.057739635910649754
0.0001480823419307393,0.05730442994101084
0.00014819351486011672,0.05713312014191711
0.00014830468778949415,0.057761080314093376
0.0001484158607188716,0.05738742889963255
0.00014852703364824903,0.05658467100823495
0.00014863820657762646,0.05630855583924129
0.0001487493795070039,0.05818482693065529
0.00014886055243638132,0.05840742370501087
0.00014897172536575874,0.05902741813351896
0.00014908289829513617,0.05945253276017211
0.00014919407122451363,0.059711467616403426
0.00014930524415389106,0.058110527721476096
0.00014941641708326848,0.045147723471969964
0.0001495275900126459,0.014899423680243568
0.00014963876294202334,-0.11908321577374281
0.00014974993587140077,-0.42167639942317325
0.0001498611088007782,-0.8168841748561232
0.00014997228173015565,-1.1462919209851796
0.00015008345465953308,-1.3460328233536325
0.0001501946275889105,-1.511590973879582
0.00015030580051828793,-1.6848626366342736
0.00015041697344766536,-1.7970425333778075
0.0001505281463770428,-1.8796618706207109
0.00015063931930642025,-1.944165891957341
0.00015075049223579767,-1.9751148350479943
0.0001508616651651751,-1.9734511896726052
0.00015097283809455253,-1.9461569411050637
0.00015108401102392996,-1.88989996665565
0.00015119518395330738,-1.806074825134735
0.0001513063568826848,-1.6963040030026575
0.00015141752981206227,-1.5639227325415221
0.0001515287027414397,-1.405577406688247
0.00015163987567081712,-1.2260414688582346
0.00015175104860019455,-1.0238431978630507
0.00015186222152957198,-0.7991438374529404
0.0001519733944589494,-0.5543438156093735
0.00015208456738832684,-0.2863416046721061
0.0001521957403177043,0.002915499599354569
0.00015230691324708172,0.30877896265155313
0.00015241808617645915,0.6344760017072542
0.00015252925910583657,0.9769694011350015
0.000152640432035214,1.3368505162508577
0.00015275160496459143,1.7121350354373277
0.00015286277789396886,2.1034704244626883
0.00015297395082334631,2.5081286713503594
0.00015308512375272374,2.928564598487413
0.00015319629668210117,3.3630211673983212
0.0001533074696114786,3.8099271596293685
0.00015341864254085603,4.2696133518468935
0.00015352981547023345,4.741710505908362
0.00015364098839961088,5.221895193921536
0.00015375216132898834,5.711777273639338
0.00015386333425836576,6.211779082186688
0.0001539745071877432,6.720084939786843
0.00015408568011712062,7.236282215448607
0.00015419685304649805,7.757611501056347
0.00015430802597587548,8.28801283759909
0.0001544191989052529,8.823219775561537
0.00015453037183463036,9.365171684014937
0.0001546415447640078,9.90940240608205
0.00015475271769338522,10.456947457849896
0.00015486389062276264,11.00809830584517
0.00015497506355214007,11.562937122673986
0.0001550862364815175,12.117895205909733
0.00015519740941089493,12.673221491143115
0.00015530858234027238,13.229586340288154
0.0001554197552696498,13.783094023815453
0.00015553092819902724,14.335235609038941
0.00015564210112840467,14.886238839867273
0.0001557532740577821,15.434851829961318
0.00015586444698715952,15.9798552085189
0.00015597561991653695,16.51913521415968
0.0001560867928459144,17.054869147845316
0.00015619796577529183,17.584005454387714
0.00015630913870466926,18.10691799395113
0.0001564203116340467,18.622868427950444
0.00015653148456342412,19.13064329058683
0.00015664265749280155,19.6303636827103
0.00015675383042217897,20.119560626251246
0.00015686500335155643,20.6000024026276
0.00015697617628093386,21.06874464561589
0.00015708734921031128,21.526000214680018
0.0001571985221396887,21.971448108223132
0.00015730969506906614,22.403680470425236
0.00015742086799844357,22.820594325072587
0.000157532040927821,23.224157828683786
0.00015764321385719845,23.612587394983542
0.00015775438678657588,23.98498718961459
0.0001578655597159533,24.339854588640108
0.00015797673264533074,24.678007194465415
0.00015808790557470816,24.9977687360699
0.0001581990785040856,25.29800032258984
0.00015831025143346305,25.57820916506135
0.00015842142436284047,25.84035772997267
0.0001585325972922179,26.07976832253943
0.00015864377022159533,26.29621754472322
0.00015875494315097276,26.4905374045709
0.00015886611608035019,26.662717724833307
0.00015897728900972761,26.810756625661167
0.00015908846193910507,26.934614025293016
0.0001591996348684825,27.03236763508857
0.00015931080779785993,27.103828674083204
0.00015942198072723735,27.146824144824432
0.00015953315365661478,27.162501941152364
0.0001596443265859922,27.14733544569629
0.00015975549951536964,27.106941044160017
0.0001598666724447471,27.03600250206668
0.00015997784537412452,26.932311548444687
0.00016008901830350195,26.796224499907566
0.00016020019123287938,26.629301857953394
0.0001603113641622568,26.42887681089737
0.00016042253709163423,26.1963268723202
0.00016053371002101166,25.93025069091157
0.00016064488295038912,25.64165257635019
0.00016075605587976654,25.338819983121198
0.00016086722880914397,25.121846161755666
0.0001609784017385214,25.081177600265228
0.00016108957466789883,25.174918152816307
0.00016120074759727626,25.25357502626311
0.00016131192052665368,25.24277199976574
0.00016142309345603114,25.226580122840783
0.00016153426638540857,25.249921433557237
0.000161645439314786,25.24677312555965
0.00016175661224416342,25.241930461157665
0.00016186778517354085,25.250882448413225
0.00016197895810291828,25.25451349756377
0.0001620901310322957,25.25409653471359
0.00016220130396167316,25.255842533486902
0.0001623124768910506,25.254904460094835
0.00016242364982042802,25.25150472634716
0.00016253482274980544,25.24886989068795
0.00016264599567918287,25.24618110177581
0.0001627571686085603,25.241581053787165
0.00016286834153793773,25.2388165287265
0.00016297951446731518,25.23615938542405
0.0001630906873966926,25.23173256879405
0.00016320186032607004,25.22858860987644
0.00016331303325544747,25.223103566741592
0.0001634242061848249,25.216290562036416
0.00016353537911420232,25.211024306545866
0.00016364655204357975,25.20489052913578
0.0001637577249729572,25.19646758490012
0.00016386889790233463,25.190307293603556
0.00016398007083171206,25.182964516812607
0.0001640912437610895,25.176755209596525
0.00016420241669046692,25.170252844891255
0.00016431358961984435,25.16339030043066
0.00016442476254922177,25.155088773656885
0.00016453593547859923,25.147257950714817
0.00016464710840797666,25.138654122333698
0.00016475828133735409,25.12838867661841
0.00016486945426673151,25.118436300543376
0.00016498062719610894,25.109073650939436
0.00016509180012548637,25.09901384702914
0.0001652029730548638,25.088517578759706
0.00016531414598424125,25.078212406837068
0.00016542531891361868,25.070379169267056
0.0001655364918429961,25.061621019884573
0.00016564766477237354,25.051666826397273
0.00016575883770175096,25.042823712908135
0.0001658700106311284,25.03375606444836
0.00016598118356050585,25.02522740928104
0.00016609235648988328,25.017950710773746
0.0001662035294192607,25.009659456688198
0.00016631470234863813,25.001041689680946
0.00016642587527801556,24.993862040489468
0.000166537048207393,24.985048053186443
0.00016664822113677042,24.97884725805653
0.00016675939406614787,24.972337101828195
0.0001668705669955253,24.967223018324656
0.00016698173992490273,24.962013424296018
0.00016709291285428015,24.955602195842772
0.00016720408578365758,24.95154560136323
0.000167315258713035,24.946714636502907
0.00016742643164241244,24.940933447996823
0.0001675376045717899,24.9355651346212
0.00016764877750116732,24.932327729251497
0.00016775995043054475,24.930369155860603
0.00016787112335992218,24.926552713235523
0.0001679822962892996,24.923137107589735
0.00016809346921867703,24.921397637923203
0.00016820464214805446,24.918795359769003
0.00016831581507743192,24.9170651837002
0.00016842698800680934,24.915292143605015
0.00016853816093618677,24.91378368136053
0.0001686493338655642,24.913775848541388
0.00016876050679494163,24.91486826305626
0.00016887167972431906,24.913923711819848
0.00016898285265369648,24.915167088659132
0.00016909402558307394,24.918745905200502
0.00016920519851245137,24.920675516008643
0.0001693163714418288,24.923590104158464
0.00016942754437120622,24.927840855961815
0.00016953871730058365,24.93293489437509
0.00016964989022996108,24.93650944297569
0.0001697610631593385,24.940958107636288
0.00016987223608871596,24.946374640514584
0.0001699834090180934,24.952018885276363
0.00017009458194747082,24.95664396776608
0.00017020575487684825,24.96177423773421
0.00017031692780622567,24.966474250162683
0.0001704281007356031,24.97314236020559
0.00017053927366498053,24.979253020929317
0.00017065044659435799,24.9856744018739
0.0001707616195237354,24.993105661078463
0.00017087279245311284,25.00230940578355
0.00017098396538249027,25.009741382810986
0.0001710951383118677,25.015710222431636
0.00017120631124124513,25.022461090658542
0.00017131748417062255,25.030937757748188
0.0001714286571,25.03945096338777
0.00017153983002937744,25.047365860740655
0.00017165100295875486,25.054332144227306
0.0001717621758881323,25.06229254625642
0.00017187334881750972,25.069375761516227
0.00017198452174688715,25.07509280358955
0.00017209569467626458,25.082326941175282
0.00017220686760564203,25.08905172962446
0.00017231804053501946,25.09634908447226
0.0001724292134643969,25.104161700248262
0.00017254038639377432,25.112180426296597
0.00017265155932315174,25.119704370018063
0.00017276273225252917,25.129032181628922
0.00017287390518190663,25.137814921478665
0.00017298507811128405,25.146093001572012
0.00017309625104066148,25.152687777190657
0.0001732074239700389,25.16055998385941
0.00017331859689941634,25.166777240849257
0.00017342976982879377,25.174205798231267
0.0001735409427581712,25.18245961759642
0.00017365211568754865,25.189570040583764
0.00017376328861692608,25.19569350936145
0.0001738744615463035,25.201816847055827
0.00017398563447568093,25.20813203297583
0.00017409680740505836,25.21485347792516
0.0001742079803344358,25.22042272043262
0.00017431915326381322,25.22717955348832
0.00017443032619319067,25.23269607927328
0.0001745414991225681,25.236496250261972
0.00017465267205194553,25.241487691816737
0.00017476384498132296,25.244133011843246
0.00017487501791070038,25.24701825805399
0.0001749861908400778,25.251149423148078
0.00017509736376945524,25.252050566044918
0.0001752085366988327,25.25321642743537
0.00017531970962821012,25.253613246132115
0.00017543088255758755,25.254794031238493
0.00017554205548696498,25.255073453299737
0.0001756532284163424,25.256045178872544
0.00017576440134571983,25.257325942937594
0.00017587557427509726,25.25583429032977
0.00017598674720447472,25.255535629090396
0.00017609792013385215,25.255501448321642
0.00017620909306322957,25.255172832016832
0.000176320265992607,25.254082378386762
0.00017643143892198443,25.25397211370091
0.00017654261185136186,25.25472456058018
0.00017665378478073929,25.252534913068065
0.00017676495771011674,25.25085721923999
0.00017687613063949417,25.249644904683876
0.0001769873035688716,25.246994249750767
0.00017709847649824902,25.245564806263086
0.00017720964942762645,25.244160938403038
0.00017732082235700388,25.241502187924826
0.0001774319952863813,25.239581800943245
0.00017754316821575876,25.23600281232091
0.0001776543411451362,25.231707999935715
0.00017776551407451362,25.229346505410227
0.00017787668700389105,25.22542620239096
0.00017798785993326848,25.222124454267057
0.0001780990328626459,25.216416060834888
0.00017821020579202333,25.210781393144686
0.0001783213787214008,25.2062458332747
0.00017843255165077821,25.202121673464404
0.00017854372458015564,25.197740727971638
0.00017865489750953307,25.19502510992544
0.0001787660704389105,25.190961357995473
0.00017887724336828793,25.187486194425436
0.00017898841629766535,25.182951922171384
0.0001790995892270428,25.178674919425745
0.00017921076215642024,25.17551537948013
0.00017932193508579767,25.171867283592956
0.0001794331080151751,25.167481185796838
0.00017954428094455252,25.16378760480219
0.00017965545387392995,25.16097418068348
0.00017976662680330738,25.1561209050837
0.00017987779973268483,25.15318339152893
0.00017998897266206226,25.14895564569184
0.0001801001455914397,25.146187146123495
0.00018021131852081712,25.143879152307814
0.00018032249145019454,25.139164244389782
0.00018043366437957197,25.136129467653383
0.00018054483730894943,25.132167988094487
0.00018065601023832686,25.12847344381424
0.00018076718316770428,25.124898805321912
0.0001808783560970817,25.1212507929684
0.00018098952902645914,25.118910537328333
0.00018110070195583657,25.1161705480199
0.000181211874885214,25.113399032165937
0.00018132304781459145,25.11054093765951
0.00018143422074396888,25.10808029071103
0.0001815453936733463,25.10529158646122
0.00018165656660272373,25.101971203421353
0.00018176773953210116,25.10011792705267
0.0001818789124614786,25.098271617523075
0.00018199008539085602,25.095757580639827
0.00018210125832023347,25.094924821153125
0.0001822124312496109,25.092591234271527
0.00018232360417898833,25.091124136651374
0.00018243477710836576,25.092234981445
0.00018254595003774319,25.093275611470666
0.0001826571229671206,25.093883749303515
0.00018276829589649804,25.094319071944703
0.0001828794688258755,25.095054253502795
0.00018299064175525292,25.095530514586592
0.00018310181468463035,25.095881539313137
0.00018321298761400778,25.09790345626006
0.0001833241605433852,25.096853816133667
0.00018343533347276264,25.098937703533323
0.00018354650640214006,25.10117259591877
0.00018365767933151752,25.104309264883977
0.00018376885226089495,25.106846162084743
0.00018388002519027238,25.109770333742162
0.0001839911981196498,25.111817310364348
0.00018410237104902723,25.1145383996764
0.00018421354397840466,25.117577074908766
0.0001843247169077821,25.121800158481374
0.00018443588983715954,25.123947488761573
0.00018454706276653697,25.127661946706194
0.0001846582356959144,25.130268723160892
0.00018476940862529183,25.132144347729785
0.00018488058155466925,25.135828097305758
0.00018499175448404668,25.138770899871748
0.0001851029274134241,25.141725983266628
0.00018521410034280156,25.144028864469337
0.000185325273272179,25.145891338772255
0.00018543644620155642,25.14905429937512
0.00018554761913093385,25.151778337436248
0.00018565879206031128,25.153341959513966
0.0001857699649896887,25.157089990760003
0.00018588113791906613,25.159837385295294
0.0001859923108484436,25.164213054177754
0.00018610348377782102,25.167271067281682
0.00018621465670719844,25.169712717751864
0.00018632582963657587,25.17443367393864
0.0001864370025659533,25.177900613556822
0.00018654817549533073,25.181003151730387
0.00018665934842470816,25.18373303924793
0.0001867705213540856,25.186581553392106
0.00018688169428346304,25.188101085861174
0.00018699286721284047,25.189176192863663
0.0001871040401422179,25.191676083791606
0.00018721521307159532,25.19362188287975
0.00018732638600097275,25.196348783265396
0.0001874375589303502,25.19925933457002
0.00018754873185972763,25.20300405166888
0.00018765990478910506,25.20499131954864
0.0001877710777184825,25.205046656500418
0.00018788225064785992,25.206610987922804
0.00018799342357723735,25.207113022492564
0.00018810459650661477,25.208327087657906
0.00018821576943599223,25.21003042143358
0.00018832694236536966,25.210939463840365
0.00018843811529474708,25.210423138551523
0.0001885492882241245,25.2097356194438
0.00018866046115350194,25.20851511577005
0.00018877163408287937,25.210611381582
0.0001888828070122568,25.212194456393295
0.00018899397994163425,25.212604054114884
0.00018910515287101168,25.212641232857493
0.0001892163258003891,25.212700286466546
0.00018932749872976654,25.2141182522666
0.00018943867165914396,25.214421122348092
0.0001895498445885214,25.21521079809228
0.00018966101751789882,25.214018817724874
0.00018977219044727627,25.213177370172307
0.0001898833633766537,25.212397159267564
0.00018999453630603113,25.214630968997366
0.00019010570923540856,25.213336787479165
0.00019021688216478599,25.21146141576651
0.00019032805509416341,25.208984782506686
0.00019043922802354084,25.20850091534625
0.0001905504009529183,25.206784437099476
0.00019066157388229573,25.206305348535338
0.00019077274681167315,25.204375929351574
0.00019088391974105058,25.201768354685175
0.000190995092670428,25.19855642314157
0.00019110626559980544,25.195343754868674
0.00019121743852918287,25.192576711633638
0.00019132861145856032,25.18989718153117
0.00019143978438793775,25.18615267176951
0.00019155095731731518,25.184060374829414
0.0001916621302466926,25.180481763241644
0.00019177330317607003,25.178617704507886
0.00019188447610544746,25.175945282542283
0.0001919956490348249,25.17154879570429
0.00019210682196420234,25.169105379793788
0.00019221799489357977,25.16607173081567
0.0001923291678229572,25.16255367661085
0.00019244034075233463,25.16033929141149
0.00019255151368171206,25.157489050758336
0.00019266268661108948,25.155567857803625
0.0001927738595404669,25.15419182686159
0.00019288503246984437,25.15126448579538
0.0001929962053992218,25.149213862472873
0.00019310737832859922,25.149663474917414
0.00019321855125797665,25.14935285760323
0.00019332972418735408,25.14749172516572
0.0001934408971167315,25.146817686717124
0.00019355207004610893,25.147253718681256
0.0001936632429754864,25.1463764306579
0.00019377441590486382,25.14314290080643
0.00019388558883424125,25.140500018171167
0.00019399676176361867,25.140534555031383
0.0001941079346929961,25.138382780819043
0.00019421910762237353,25.1365946587017
0.00019433028055175096,25.135678529063895
0.0001944414534811284,25.132680548821742
0.00019455262641050584,25.131883988397206
0.00019466379933988327,25.131132993042094
0.0001947749722692607,25.130426435914817
0.00019488614519863812,25.1297631901702
0.00019499731812801555,25.12914212896307
0.000195108491057393,25.128562125448266
0.00019521966398677043,25.12802205278061
0.00019533083691614786,25.12752078411494
0.0001954420098455253,25.127057192606078
0.00019555318277490272,25.126630151408857
0.00019566435570428015,25.12623853367811
0.00019577552863365757,25.125881212568665
0.00019588670156303503,25.12555706123535
0.00019599787449241246,25.125264952833
0.00019610904742178989,25.125003760516442
0.00019622022035116731,25.12477235744051
0.00019633139328054474,25.124569616760027
0.00019644256620992217,25.12439441162983
0.0001965537391392996,25.124245615204746
0.00019666491206867705,25.124122100639603
0.00019677608499805448,25.124022741089238
0.0001968872579274319,25.123946409708473
0.00019699843085680934,25.123891979652146
0.00019710960378618676,25.12385832407508
0.0001972207767155642,25.12384431613211
0.00019733194964494162,25.123848828978065
0.00019744312257431908,25.123870735767778
0.0001975542955036965,25.123908909656073
0.00019766546843307393,25.123962223797783
0.00019777664136245136,25.12402955134774
0.0001978878142918288,25.12410976546077
0.00019799898722120622,25.12420173929171
0.00019811016015058364,25.124304345995384
0.0001982213330799611,25.12441645872662
0.00019833250600933853,25.12453695064026
0.00019844367893871595,25.124664694891123
0.00019855485186809338,25.124798564634045
0.0001986660247974708,25.12493743302385
0.00019877719772684824,25.125080173215373
0.00019888837065622567,25.125225658363448
0.00019899954358560312,25.125372761622895
0.00019911071651498055,25.125520356148552
0.00019922188944435798,25.12566731509525
0.0001993330623737354,25.125812511617813
0.00019944423530311283,25.125954818871072
0.00019955540823249026,25.126093110009865
0.0001996665811618677,25.12622625818901
0.00019977775409124514,25.12635313656335
0.00019988892702062257,25.126472618287707
0.00020000009995,25.12658357651691
