Time,Amplitude
0.0,25.033948902592204
1.111729293774319e-07,25.035177812035
2.223458587548638e-07,25.036350810355593
3.3351878813229573e-07,25.03746904087547
4.446917175097276e-07,25.03853364691612
5.558646468871596e-07,25.039545771799034
6.670375762645915e-07,25.04050655884569
7.782105056420233e-07,25.041417151377576
8.893834350194552e-07,25.042278692716184
1.0005563643968871e-06,25.043092326182997
1.1117292937743191e-06,25.0438591950995
1.222902223151751e-06,25.044580442787186
1.334075152529183e-06,25.045257212567535
1.4452480819066147e-06,25.045890647762032
1.5564210112840467e-06,25.04648189169217
1.6675939406614785e-06,25.047032087679437
1.7787668700389105e-06,25.04754237904531
1.8899397994163425e-06,25.048013909111283
2.0011127287937743e-06,25.04844782119884
2.112285658171206e-06,25.048845258629473
2.2234585875486383e-06,25.04920736472466
2.33463151692607e-06,25.04953528280589
2.445804446303502e-06,25.049830156194655
2.5569773756809336e-06,25.05009312821244
2.668150305058366e-06,25.050325342180724
2.7793232344357976e-06,25.050527941421
2.8904961638132294e-06,25.050702069254754
3.0016690931906616e-06,25.050848869003474
3.1128420225680934e-06,25.05096948398864
3.224014951945525e-06,25.051065057531748
3.335187881322957e-06,25.05113673295428
3.446360810700389e-06,25.051185653577722
3.557533740077821e-06,25.05121296272356
3.6687066694552528e-06,25.051219803713284
3.779879598832685e-06,25.05120731986838
3.891052528210116e-06,25.05117665451033
4.0022254575875485e-06,25.05112895096062
4.113398386964981e-06,25.051065352540746
4.224571316342412e-06,25.05098700257219
4.335744245719844e-06,25.050895044376432
4.4469171750972765e-06,25.050790621274967
4.558090104474708e-06,25.050674876589277
4.66926303385214e-06,25.050548953640853
4.780435963229572e-06,25.050413995751178
4.891608892607004e-06,25.050271146241737
5.002781821984436e-06,25.050121548434024
5.113954751361867e-06,25.049966345649516
5.2251276807392995e-06,25.049806681209706
5.336300610116732e-06,25.049643698436082
5.447473539494163e-06,25.049478540650124
5.558646468871595e-06,25.04931235116977
5.6698193982490274e-06,25.048963229825258
5.780992327626459e-06,25.049937606417927
5.892165257003891e-06,25.048832748574544
6.003338186381323e-06,25.04853557634005
6.114511115758755e-06,25.047245570540948
6.225684045136187e-06,25.049293090460534
6.336856974513619e-06,25.048923945437835
6.44802990389105e-06,25.049223073873343
6.559202833268483e-06,25.049773568234848
6.670375762645914e-06,25.048246683731886
6.781548692023346e-06,25.04749191474966
6.892721621400778e-06,25.04773121911942
7.00389455077821e-06,25.048561885884308
7.115067480155642e-06,25.049745745927005
7.226240409533074e-06,25.049166946881172
7.3374133389105055e-06,25.048869575635926
7.448586268287938e-06,25.047955038373196
7.55975919766537e-06,25.04890396095748
7.670932127042801e-06,25.04777984090857
7.782105056420233e-06,25.048035133559537
7.893277985797666e-06,25.048613951950415
8.004450915175097e-06,25.048595259435327
8.115623844552528e-06,25.050584256172407
8.226796773929961e-06,25.050896811620852
8.337969703307393e-06,25.050226984192662
8.449142632684824e-06,25.05093497789392
8.560315562062257e-06,25.050852774001736
8.671488491439689e-06,25.05221070987195
8.78266142081712e-06,25.051268368554823
8.893834350194553e-06,25.051199736287355
9.005007279571984e-06,25.050932285596982
9.116180208949416e-06,25.049568118945047
9.227353138326849e-06,25.05108519000245
9.33852606770428e-06,25.05280224174457
9.449698997081712e-06,25.05214485469908
9.560871926459145e-06,25.05327245592275
9.672044855836576e-06,25.054610198094796
9.783217785214007e-06,25.05609491795005
9.89439071459144e-06,25.057811424143818
1.0005563643968872e-05,25.058165932922183
1.0116736573346303e-05,25.057878823431977
1.0227909502723734e-05,25.058646110100437
1.0339082432101168e-05,25.05862777816708
1.0450255361478599e-05,25.059759564451316
1.056142829085603e-05,25.060482254746216
1.0672601220233463e-05,25.060942027878333
1.0783774149610895e-05,25.060481575214094
1.0894947078988326e-05,25.061815369746316
1.1006120008365759e-05,25.062113414062807
1.111729293774319e-05,25.062166187600713
1.1228465867120622e-05,25.06272475777769
1.1339638796498055e-05,25.06353528457197
1.1450811725875486e-05,25.0635087705479
1.1561984655252918e-05,25.062677236753846
1.167315758463035e-05,25.061784850568873
1.1784330514007782e-05,25.062048389105016
1.1895503443385213e-05,25.061052734430596
1.2006676372762646e-05,25.060673454588997
1.2117849302140078e-05,25.060421675876118
1.222902223151751e-05,25.059993522660527
1.2340195160894942e-05,25.060759563486624
1.2451368090272374e-05,25.061481126071087
1.2562541019649805e-05,25.060844177793356
1.2673713949027238e-05,25.06161236233458
1.278488687840467e-05,25.062212535485056
1.28960598077821e-05,25.062227379972185
1.3007232737159532e-05,25.061742172050145
1.3118405666536965e-05,25.062109001842924
1.3229578595914397e-05,25.063053789438214
1.3340751525291828e-05,25.06123427874629
1.3451924454669261e-05,25.062284526466513
1.3563097384046692e-05,25.06259546507122
1.3674270313424124e-05,25.06194901823806
1.3785443242801557e-05,25.060585928946505
1.3896616172178988e-05,25.062034890381995
1.400778910155642e-05,25.06272182049282
1.4118962030933853e-05,25.063923890737037
1.4230134960311284e-05,25.062564293120516
1.4341307889688715e-05,25.061915421692504
1.4452480819066148e-05,25.05993700719685
1.456365374844358e-05,25.059818315904312
1.4674826677821011e-05,25.061181422809877
1.4785999607198444e-05,25.06129738926469
1.4897172536575875e-05,25.061933876703165
1.5008345465953307e-05,25.060508978017545
1.511951839533074e-05,25.06000972566154
1.5230691324708171e-05,25.059058089550383
1.5341864254085603e-05,25.059393323822178
1.5453037183463034e-05,25.059890011623356
1.5564210112840465e-05,25.058659123376668
1.56753830422179e-05,25.059072931566448
1.578655597159533e-05,25.059086527313006
1.5897728900972763e-05,25.0584694103496
1.6008901830350194e-05,25.059820432781688
1.6120074759727626e-05,25.05983248676761
1.6231247689105057e-05,25.058754966826385
1.634242061848249e-05,25.05864823074313
1.6453593547859923e-05,25.0590891615112
1.6564766477237354e-05,25.058808673281927
1.6675939406614786e-05,25.058954951524168
1.6787112335992217e-05,25.060216249085396
1.689828526536965e-05,25.059569849031213
1.7009458194747083e-05,25.058007709926432
1.7120631124124515e-05,25.058006641363548
1.7231804053501946e-05,25.05705427803
1.7342976982879377e-05,25.057349524230194
1.745414991225681e-05,25.05570739647597
1.756532284163424e-05,25.05529663279669
1.767649577101167e-05,25.053803627177984
1.7787668700389106e-05,25.05298242337311
1.7898841629766537e-05,25.0523640669899
1.801001455914397e-05,25.052846203083806
1.81211874885214e-05,25.051634560976062
1.823236041789883e-05,25.05025145185631
1.8343533347276263e-05,25.04932885272823
1.8454706276653698e-05,25.047271470364414
1.856587920603113e-05,25.047812165766256
1.867705213540856e-05,25.047708826046623
1.8788225064785992e-05,25.04688224483349
1.8899397994163423e-05,25.046556777490817
1.9010570923540854e-05,25.047873394776744
1.912174385291829e-05,25.048014017630887
1.923291678229572e-05,25.049793040264937
1.9344089711673152e-05,25.04865073045469
1.9455262641050583e-05,25.04899844728299
1.9566435570428015e-05,25.048212616709492
1.9677608499805446e-05,25.047951177115046
1.978878142918288e-05,25.049148276522764
1.9899954358560312e-05,25.047752337547525
2.0011127287937744e-05,25.04775961712059
2.0122300217315175e-05,25.047205782282326
2.0233473146692606e-05,25.049138607000906
2.0344646076070038e-05,25.051971887776013
2.045581900544747e-05,25.05138717740783
2.0566991934824904e-05,25.05149058281578
2.0678164864202335e-05,25.049963849358125
2.0789337793579766e-05,25.049684082624132
2.0900510722957198e-05,25.050162016857897
2.101168365233463e-05,25.04822270284588
2.112285658171206e-05,25.047245824391606
2.1234029511089495e-05,25.04707189368831
2.1345202440466927e-05,25.044995327298654
2.1456375369844358e-05,25.04388432221674
2.156754829922179e-05,25.044501975618505
2.167872122859922e-05,25.044021843878223
2.1789894157976652e-05,25.04308148050805
2.1901067087354087e-05,25.042752376958887
2.2012240016731518e-05,25.042642896306702
2.212341294610895e-05,25.04274396230613
2.223458587548638e-05,25.042474313094726
2.2345758804863812e-05,25.042454409346874
2.2456931734241244e-05,25.042331460386432
2.256810466361868e-05,25.041693760780706
2.267927759299611e-05,25.041327457724854
2.279045052237354e-05,25.04196724904732
2.2901623451750973e-05,25.04227259611801
2.3012796381128404e-05,25.042205927961206
2.3123969310505835e-05,25.043142896696963
2.3235142239883267e-05,25.043610577844856
2.33463151692607e-05,25.045151577657496
2.3457488098638133e-05,25.04488611015088
2.3568661028015564e-05,25.043870952608003
2.3679833957392995e-05,25.042381385471263
2.3791006886770427e-05,25.044258018531927
2.3902179816147858e-05,25.04404879208699
2.4013352745525293e-05,25.04404714497288
2.4124525674902724e-05,25.042641002498122
2.4235698604280156e-05,25.042425018308702
2.4346871533657587e-05,25.041752839282115
2.445804446303502e-05,25.04090722474804
2.456921739241245e-05,25.040986803728902
2.4680390321789884e-05,25.040698510297844
2.4791563251167316e-05,25.040991930903363
2.4902736180544747e-05,25.041958349715827
2.501390910992218e-05,25.042559367172103
2.512508203929961e-05,25.043872389269545
2.523625496867704e-05,25.042658537062586
2.5347427898054476e-05,25.041853247550424
2.5458600827431907e-05,25.043169376541897
2.556977375680934e-05,25.045734177069313
2.568094668618677e-05,25.04658930838935
2.57921196155642e-05,25.04873666041562
2.5903292544941633e-05,25.048788771363295
2.6014465474319064e-05,25.048498654291823
2.61256384036965e-05,25.049063138794487
2.623681133307393e-05,25.049597547052674
2.634798426245136e-05,25.049271520418905
2.6459157191828793e-05,25.04863378549329
2.6570330121206224e-05,25.04835350169926
2.6681503050583656e-05,25.04869710204607
2.679267597996109e-05,25.0494998990492
2.6903848909338522e-05,25.049302617471945
2.7015021838715953e-05,25.04893719894581
2.7126194768093385e-05,25.048927013603517
2.7237367697470816e-05,25.04945012167413
2.7348540626848247e-05,25.049279754682523
2.7459713556225682e-05,25.050191884292683
2.7570886485603113e-05,25.04979541910916
2.7682059414980545e-05,25.050855388633366
2.7793232344357976e-05,25.05001264044489
2.7904405273735408e-05,25.049545964619345
2.801557820311284e-05,25.047836184836015
2.8126751132490274e-05,25.04788227291367
2.8237924061867705e-05,25.047699945268597
2.8349096991245136e-05,25.04718002535076
2.8460269920622568e-05,25.04804480941403
2.857144285e-05,25.047533901328276
2.868261577937743e-05,25.047275467575233
2.8793788708754862e-05,25.04718209431109
2.8904961638132297e-05,25.04650310376256
2.9016134567509728e-05,25.046407136123964
2.912730749688716e-05,25.0455395542954
2.923848042626459e-05,25.043907804125148
2.9349653355642022e-05,25.04411204503614
2.9460826285019453e-05,25.044292737379706
2.9571999214396888e-05,25.043238058143388
2.968317214377432e-05,25.044407406722787
2.979434507315175e-05,25.044230657279478
2.9905518002529182e-05,25.044876078865407
3.0016690931906614e-05,25.046123751606615
3.0127863861284045e-05,25.04550665467726
3.023903679066148e-05,25.04512683204661
3.035020972003891e-05,25.04346235598353
3.0461382649416342e-05,25.041407422686508
3.057255557879378e-05,25.040272564401093
3.0683728508171205e-05,25.038898257975664
3.079490143754864e-05,25.03921616770906
3.090607436692607e-05,25.039971608881718
3.10172472963035e-05,25.038614896049857
3.112842022568093e-05,25.03847772753518
3.1239593155058365e-05,25.038608346517822
3.13507660844358e-05,25.039915473880768
3.146193901381323e-05,25.037288461486263
3.157311194319066e-05,25.035854900695977
3.168428487256809e-05,25.03486961286423
3.1795457801945526e-05,25.03500218402984
3.1906630731322954e-05,25.036775646114844
3.201780366070039e-05,25.036805098587237
3.212897659007782e-05,25.037013785252213
3.224014951945525e-05,25.03782395976672
3.2351322448832686e-05,25.03747204675561
3.2462495378210114e-05,25.038414333388133
3.257366830758755e-05,25.038772870429547
3.268484123696498e-05,25.039898038559155
3.279601416634241e-05,25.040489624000607
3.2907187095719846e-05,25.04015057489248
3.3018360025097274e-05,25.04050485379285
3.312953295447471e-05,25.041181459342557
3.324070588385214e-05,25.04099357393319
3.335187881322957e-05,25.039896886836964
3.3463051742607006e-05,25.040462546833435
3.3574224671984434e-05,25.03892715179577
3.368539760136187e-05,25.038308354469848
3.37965705307393e-05,25.037791944374106
3.390774346011673e-05,25.038931621550454
3.4018916389494166e-05,25.03897673667951
3.4130089318871594e-05,25.039624683944297
3.424126224824903e-05,25.039990820376765
3.435243517762646e-05,25.040395891078983
3.446360810700389e-05,25.040731503057895
3.457478103638132e-05,25.040016461219423
3.4685953965758755e-05,25.039713825205094
3.479712689513619e-05,25.03896157226923
3.490829982451362e-05,25.038638657744432
3.501947275389105e-05,25.03716303528334
3.513064568326848e-05,25.036388957005073
3.5241818612645915e-05,25.03763552767363
3.535299154202334e-05,25.03768518301975
3.546416447140078e-05,25.03870415644187
3.557533740077821e-05,25.038429312250397
3.568651033015564e-05,25.04001681910152
3.5797683259533075e-05,25.041996241437637
3.59088561889105e-05,25.04310072911017
3.602002911828794e-05,25.04453378115742
3.613120204766537e-05,25.044499676533867
3.62423749770428e-05,25.045579706432225
3.6353547906420235e-05,25.04431105647538
3.646472083579766e-05,25.04618548543317
3.65758937651751e-05,25.046524696772348
3.6687066694552526e-05,25.048517664391902
3.679823962392996e-05,25.04783413363684
3.6909412553307395e-05,25.047707550619926
3.702058548268482e-05,25.04642006289115
3.713175841206226e-05,25.044751313948446
3.7242931341439686e-05,25.04496035694893
3.735410427081712e-05,25.04491748368481
3.746527720019455e-05,25.04416336721832
3.7576450129571984e-05,25.04477887135838
3.768762305894942e-05,25.044798230184647
3.7798795988326846e-05,25.04391431843435
3.790996891770428e-05,25.044631360907225
3.802114184708171e-05,25.044403247373356
3.8132314776459144e-05,25.044446372807933
3.824348770583658e-05,25.04353278171477
3.8354660635214006e-05,25.04443747124044
3.846583356459144e-05,25.04303109327027
3.857700649396887e-05,25.042547907951413
3.8688179423346304e-05,25.042525204493796
3.879935235272373e-05,25.043333824490734
3.891052528210117e-05,25.041744505650637
3.90216982114786e-05,25.041739625829766
3.913287114085603e-05,25.041330971674064
3.9244044070233464e-05,25.041554894651153
3.935521699961089e-05,25.04177497067309
3.946638992898833e-05,25.042076566571154
3.957756285836576e-05,25.042300469545843
3.968873578774319e-05,25.041630713786635
3.9799908717120624e-05,25.041030740634152
3.991108164649805e-05,25.04002489238856
4.002225457587549e-05,25.039196234040414
4.0133427505252915e-05,25.038217485808573
4.024460043463035e-05,25.037400559730898
4.0355773364007785e-05,25.03702228178344
4.046694629338521e-05,25.038001933933742
4.057811922276265e-05,25.035917613308396
4.0689292152140075e-05,25.034956158742347
4.080046508151751e-05,25.034398882088762
4.091163801089494e-05,25.033088526547576
4.102281094027237e-05,25.032401587281495
4.113398386964981e-05,25.03173005494974
4.1245156799027235e-05,25.030487810762246
4.135632972840467e-05,25.02945104026128
4.14675026577821e-05,25.028703829011235
4.157867558715953e-05,25.029342519597712
4.168984851653697e-05,25.030053255844145
4.1801021445914396e-05,25.031512890058107
4.191219437529183e-05,25.031737379662772
4.202336730466926e-05,25.032071181064445
4.213454023404669e-05,25.031444112618125
4.224571316342412e-05,25.029762008830946
4.2356886092801556e-05,25.031496533383926
4.246805902217899e-05,25.03317903837876
4.257923195155642e-05,25.032876654718304
4.269040488093385e-05,25.032906330463597
4.280157781031128e-05,25.03503436678748
4.2912750739688716e-05,25.036060383417222
4.3023923669066144e-05,25.03475670005252
4.313509659844358e-05,25.03438125259743
4.3246269527821014e-05,25.034036886233377
4.335744245719844e-05,25.033620089316713
4.3468615386575876e-05,25.033586527067904
4.3579788315953304e-05,25.0326729291107
4.369096124533074e-05,25.0316254694839
4.3802134174708174e-05,25.032684842780835
4.39133071040856e-05,25.03285873205667
4.4024480033463036e-05,25.03241472056675
4.4135652962840464e-05,25.033348079070635
4.42468258922179e-05,25.032310250068566
4.435799882159533e-05,25.03129901396607
4.446917175097276e-05,25.03224412098487
4.45803446803502e-05,25.032334218380736
4.4691517609727625e-05,25.0317561992918
4.480269053910506e-05,25.033258099265648
4.491386346848249e-05,25.03334884185241
4.502503639785992e-05,25.033949732212406
4.513620932723736e-05,25.033797494376348
4.5247382256614785e-05,25.034110510826256
4.535855518599222e-05,25.03364045470894
4.546972811536965e-05,25.033171781876934
4.558090104474708e-05,25.033272560896425
4.569207397412451e-05,25.033421083514263
4.5803246903501945e-05,25.032586573475243
4.591441983287938e-05,25.032692830948
4.602559276225681e-05,25.03384842831272
4.613676569163424e-05,25.034355667288647
4.624793862101167e-05,25.034915827943205
4.6359111550389105e-05,25.0347423797907
4.647028447976653e-05,25.033721271257527
4.658145740914397e-05,25.036186607967302
4.66926303385214e-05,25.035927934404462
4.680380326789883e-05,25.036260216071057
4.6914976197276265e-05,25.035073991102614
4.7026149126653693e-05,25.034326310684758
4.713732205603113e-05,25.03389758885895
4.724849498540856e-05,25.03277479992959
4.735966791478599e-05,25.0314769504818
4.7470840844163426e-05,25.029613646144206
4.7582013773540854e-05,25.03004786430262
4.769318670291829e-05,25.028165648428924
4.7804359632295716e-05,25.028575366010493
4.791553256167315e-05,25.026162644217106
4.8026705491050586e-05,25.02562574178286
4.8137878420428014e-05,25.02599578649301
4.824905134980545e-05,25.024723027873385
4.8360224279182877e-05,25.02628096808825
4.847139720856031e-05,25.025420891689738
4.858257013793774e-05,25.025534216704678
4.8693743067315174e-05,25.025897208010857
4.880491599669261e-05,25.026382309674034
4.891608892607004e-05,25.027102398250694
4.902726185544747e-05,25.02732178425597
4.91384347848249e-05,25.027293507838017
4.9249607714202334e-05,25.027051573497904
4.936078064357977e-05,25.026032877179368
4.94719535729572e-05,25.026912207356002
4.958312650233463e-05,25.02762718560938
4.969429943171206e-05,25.37140179628701
4.9805472361089494e-05,25.681666901758913
4.991664529046692e-05,25.950132987985747
5.002781821984436e-05,26.17941921547777
5.013899114922179e-05,26.375668479781396
5.025016407859922e-05,26.54071447524292
5.0361337007976655e-05,26.673062280146976
5.047250993735408e-05,26.77852714824761
5.058368286673152e-05,26.85515633216509
5.069485579610895e-05,26.906029163061685
5.080602872548638e-05,26.929985844655754
5.0917201654863815e-05,26.927626126522576
5.102837458424124e-05,26.89614062330806
5.113954751361868e-05,26.840641295363973
5.1250720442996105e-05,26.758682770714717
5.136189337237354e-05,26.65352037345133
5.1473066301750975e-05,26.523513771223794
5.15842392311284e-05,26.373882874418808
5.169541216050584e-05,26.200632294494106
5.1806585089883266e-05,26.008457519026816
5.19177580192607e-05,25.795504549629396
5.202893094863813e-05,25.562351285789504
5.214010387801556e-05,25.309333192989648
5.2251276807393e-05,25.038806274065067
5.2362449736770426e-05,24.74781537478914
5.247362266614786e-05,24.43866203088235
5.258479559552529e-05,24.114751551874424
5.269596852490272e-05,23.77236745346138
5.280714145428016e-05,23.41651638819637
5.2918314383657586e-05,23.046312708897446
5.302948731303502e-05,22.659070581408763
5.314066024241245e-05,22.258720759846774
5.3251833171789884e-05,21.84630318301551
5.336300610116731e-05,21.421206388083704
5.3474179030544746e-05,20.985816795042815
5.358535195992218e-05,20.536953959316318
5.369652488929961e-05,20.076389111160225
5.3807697818677044e-05,19.60687577904594
5.391887074805447e-05,19.130801491414886
5.4030043677431907e-05,18.6450783591947
5.4141216606809334e-05,18.152588964170494
5.425238953618677e-05,17.652726308601082
5.4363562465564204e-05,17.145448668897597
5.447473539494163e-05,16.6336694741624
5.458590832431907e-05,16.11630918561815
5.4697081253696495e-05,15.594223562872795
5.480825418307393e-05,15.068989725279533
5.4919427112451364e-05,14.540460768993295
5.503060004182879e-05,14.010119364144483
5.514177297120623e-05,13.475973787358788
5.5252945900583655e-05,12.941431044350786
5.536411882996109e-05,12.404861176709957
5.547529175933852e-05,11.87143228822562
5.558646468871595e-05,11.338478378612782
5.569763761809339e-05,10.805353558452332
5.5808810547470815e-05,10.27608375881094
5.591998347684825e-05,9.751085662446203
5.603115640622568e-05,9.22763532559768
5.614232933560311e-05,8.70902467466416
5.625350226498055e-05,8.195790101902789
5.6364675194357975e-05,7.689369849431385
5.647584812373541e-05,7.187647336959479
5.658702105311284e-05,6.692604413545255
5.669819398249027e-05,6.206492297354342
5.68093669118677e-05,5.729263372104501
5.6920539841245135e-05,5.260811407687184
5.703171277062257e-05,4.802838608371951
5.71428857e-05,4.356269845017731
5.725405862937743e-05,3.919806158286471
5.736523155875486e-05,3.496704623494892
5.7476404488132296e-05,3.086460645659198
5.7587577417509724e-05,2.689042008405752
5.769875034688716e-05,2.3063661795784527
5.780992327626459e-05,1.9379352996025958
5.792109620564202e-05,1.5866983104627042
5.8032269135019456e-05,1.2536748285944237
5.8143442064396884e-05,0.9377242626538472
5.825461499377432e-05,0.6393374590107785
5.836578792315175e-05,0.3588337491185742
5.847696085252918e-05,0.09773720537400563
5.8588133781906616e-05,-0.14203047623253923
5.8699306711284044e-05,-0.3591787174516944
5.881047964066148e-05,-0.5570823380026989
5.892165257003891e-05,-0.7309484449437774
5.903282549941634e-05,-0.8823163445308106
5.9143998428793776e-05,-1.0090047631714327
5.9255171358171204e-05,-1.112451369702132
5.936634428754864e-05,-1.1897234136705592
5.947751721692607e-05,-1.2398054258324798
5.95886901463035e-05,-1.2646557322313532
5.9699863075680936e-05,-1.2612269418508084
5.9811036005058364e-05,-1.2293775131197169
5.99222089344358e-05,-1.169122862158031
6.003338186381323e-05,-1.0782915135604767
6.014455479319066e-05,-0.9575406036432628
6.025572772256809e-05,-0.8042697518245948
6.0366900651945525e-05,-0.6191779665453573
6.047807358132296e-05,-0.4016148271358126
6.058924651070039e-05,-0.14990645711787945
6.070041944007782e-05,0.13561645748483694
6.081159236945525e-05,0.45516000892960534
6.0922765298832685e-05,0.43033222468687277
6.103393822821011e-05,0.40591491168816063
6.114511115758755e-05,0.38820578554549046
6.125628408696498e-05,0.3785073639395941
6.136745701634241e-05,0.3717370447387031
6.147862994571984e-05,0.36650866553704375
6.158980287509728e-05,0.3643897194161025
6.170097580447471e-05,0.3619738087809402
6.181214873385214e-05,0.3610466855850486
6.192332166322958e-05,0.3587764127926673
6.2034494592607e-05,0.358062417420495
6.214566752198443e-05,0.35648291012719735
6.225684045136186e-05,0.35869390086296044
6.23680133807393e-05,0.3616206533479362
6.247918631011673e-05,0.36701041229680964
6.259035923949416e-05,0.3740923154117378
6.27015321688716e-05,0.38228791455046224
6.281270509824903e-05,0.39036020873767563
6.292387802762646e-05,0.3993790411530775
6.303505095700388e-05,0.40795306374719453
6.314622388638133e-05,0.41700018607533096
6.325739681575875e-05,0.42608118532395584
6.336856974513618e-05,0.4377286956650861
6.347974267451362e-05,0.4478868046171459
6.359091560389105e-05,0.46027007639989104
6.370208853326848e-05,0.4742752925328646
6.381326146264591e-05,0.4884278321505861
6.392443439202335e-05,0.5038550128600431
6.403560732140078e-05,0.5175728125513385
6.41467802507782e-05,0.5307084022970178
6.425795318015565e-05,0.5467251845106074
6.436912610953307e-05,0.5620004726163498
6.44802990389105e-05,0.5774017289673719
6.459147196828794e-05,0.5935753069867425
6.470264489766537e-05,0.6114095767989257
6.48138178270428e-05,0.6289930317944887
6.492499075642023e-05,0.647788630900108
6.503616368579767e-05,0.6652730230552067
6.51473366151751e-05,0.6825946229309343
6.525850954455252e-05,0.697839831653494
6.536968247392997e-05,0.7150119013374306
6.54808554033074e-05,0.733065625509829
6.559202833268482e-05,0.7504715099178034
6.570320126206225e-05,0.7662060013674915
6.581437419143969e-05,0.7809732852750976
6.592554712081712e-05,0.7956480482761693
6.603672005019455e-05,0.8114421739663873
6.614789297957199e-05,0.8258553823725974
6.625906590894942e-05,0.8389230852857121
6.637023883832685e-05,0.8539509436354139
6.648141176770427e-05,0.8668806736275585
6.659258469708171e-05,0.8813186612171334
6.670375762645914e-05,0.8936752309738845
6.681493055583657e-05,0.9059924659984135
6.692610348521401e-05,0.9186871501932662
6.703727641459144e-05,0.9303642283825437
6.714844934396887e-05,0.9395343655224436
6.72596222733463e-05,0.9495142249433776
6.737079520272374e-05,0.9583881592917616
6.748196813210117e-05,0.9671012958099974
6.75931410614786e-05,0.9736188903262868
6.770431399085604e-05,0.98234245444348
6.781548692023346e-05,0.9904657392238179
6.792665984961089e-05,0.9985875996527502
6.803783277898833e-05,1.0040915577010803
6.814900570836576e-05,1.0094215368723458
6.826017863774319e-05,1.0147592553796805
6.837135156712062e-05,1.0190437981616742
6.848252449649806e-05,1.0225847511810804
6.859369742587549e-05,1.0267821913273119
6.870487035525291e-05,1.0291911228052268
6.881604328463036e-05,1.0335532039009852
6.892721621400778e-05,1.035554861343255
6.903838914338521e-05,1.0367036738299504
6.914956207276264e-05,1.03731634296336
6.926073500214008e-05,1.0355399071581548
6.937190793151751e-05,1.034446894502863
6.948308086089494e-05,1.0326821075153145
6.959425379027238e-05,1.0321246796338803
6.97054267196498e-05,1.0300636089771835
6.981659964902723e-05,1.0277321992090966
6.992777257840466e-05,1.0229589748770234
7.00389455077821e-05,1.0193017256874384
7.015011843715953e-05,1.014778744474191
7.026129136653696e-05,1.010419732761876
7.03724642959144e-05,1.0066336773238738
7.048363722529183e-05,1.0032161210296735
7.059481015466926e-05,0.9955082522679364
7.070598308404669e-05,0.9897072337540476
7.081715601342413e-05,0.9836534304816826
7.092832894280155e-05,0.9782211977406601
7.103950187217898e-05,0.9705670656915562
7.115067480155642e-05,0.9649617755593576
7.126184773093385e-05,0.9580165254234969
7.137302066031128e-05,0.9520894119855481
7.148419358968871e-05,0.9449118217375606
7.159536651906615e-05,0.9371679873126764
7.170653944844358e-05,0.928561350797304
7.1817712377821e-05,0.9208236423361906
7.192888530719845e-05,0.9123845595456416
7.204005823657588e-05,0.9053061597691594
7.21512311659533e-05,0.8970349402053743
7.226240409533074e-05,0.8893486008098076
7.237357702470817e-05,0.8809698979526321
7.24847499540856e-05,0.8717736198365819
7.259592288346303e-05,0.8623197714789024
7.270709581284047e-05,0.8536993543870472
7.28182687422179e-05,0.8456928244600376
7.292944167159533e-05,0.8377432511420277
7.304061460097277e-05,0.8283160824600763
7.31517875303502e-05,0.8193021833235381
7.326296045972762e-05,0.8104639570866624
7.337413338910505e-05,0.8011863324215943
7.348530631848249e-05,0.7933809189308632
7.359647924785992e-05,0.7840935186801761
7.370765217723735e-05,0.776279215706012
7.381882510661479e-05,0.7682132367885123
7.392999803599222e-05,0.7621584405810762
7.404117096536965e-05,0.7532534540254943
7.415234389474707e-05,0.7464306366117232
7.426351682412452e-05,0.74105989813113
7.437468975350194e-05,0.7346832625338652
7.448586268287937e-05,0.7290837219323355
7.459703561225681e-05,0.7236327392362231
7.470820854163424e-05,0.7175439820737612
7.481938147101167e-05,0.7135958052895987
7.49305544003891e-05,0.7079610171556722
7.504172732976654e-05,0.7026491239040512
7.515290025914397e-05,0.6985406397540654
7.52640731885214e-05,0.6953537788935187
7.537524611789884e-05,0.6920290004671721
7.548641904727626e-05,0.6882979381584081
7.559759197665369e-05,0.6861939436263848
7.570876490603113e-05,0.6843540749000943
7.581993783540856e-05,0.6829868148413709
7.593111076478599e-05,0.6802221230119269
7.604228369416342e-05,0.6777061758541324
7.615345662354086e-05,0.6745781013055185
7.626462955291829e-05,0.6729000842779643
7.637580248229572e-05,0.6718020020527617
7.648697541167316e-05,0.6704917640725236
7.659814834105058e-05,0.6680002121676096
7.670932127042801e-05,0.6662184411660899
7.682049419980544e-05,0.6653567357194766
7.693166712918288e-05,0.6648384701409553
7.704284005856031e-05,0.6643075644633724
7.715401298793774e-05,0.666477916474378
7.726518591731518e-05,0.6659020721291294
7.737635884669261e-05,0.668611729694046
7.748753177607004e-05,0.6700633420442677
7.759870470544746e-05,0.6718613120927429
7.77098776348249e-05,0.6742173612053579
7.782105056420233e-05,0.6753329104088459
7.793222349357976e-05,0.677759628265555
7.80433964229572e-05,0.6806540898474469
7.815456935233463e-05,0.6840683729530683
7.826574228171206e-05,0.6866249994419812
7.837691521108949e-05,0.6907603719319891
7.848808814046693e-05,0.6935229246406888
7.859926106984436e-05,0.6977373133832266
7.871043399922178e-05,0.702404779157786
7.882160692859923e-05,0.7061854114284176
7.893277985797665e-05,0.7095372170928296
7.904395278735408e-05,0.7120342782630193
7.915512571673152e-05,0.7150561164629343
7.926629864610895e-05,0.7176708347487547
7.937747157548638e-05,0.7218774765679135
7.948864450486381e-05,0.7249417976313619
7.959981743424125e-05,0.7295333632324212
7.971099036361868e-05,0.733953253271647
7.98221632929961e-05,0.7369219246988634
7.993333622237355e-05,0.7402097069897905
8.004450915175097e-05,0.7418587267620609
8.01556820811284e-05,0.7457221728315948
8.026685501050583e-05,0.7496534206070307
8.037802793988327e-05,0.7527437711181059
8.04892008692607e-05,0.7580880906500878
8.060037379863813e-05,0.7614813664601534
8.071154672801557e-05,0.7641353389296683
8.0822719657393e-05,0.7669637511195557
8.093389258677043e-05,0.7696072918067204
8.104506551614785e-05,0.772408507730062
8.11562384455253e-05,0.7767996122503935
8.126741137490272e-05,0.7810486380724071
8.137858430428015e-05,0.7854109508638941
8.148975723365759e-05,0.7894643539016772
8.160093016303502e-05,0.7917742608324239
8.171210309241245e-05,0.7931731088295956
8.182327602178988e-05,0.7965402227450352
8.193444895116732e-05,0.7979390982656378
8.204562188054475e-05,0.7990487120616923
8.215679480992217e-05,0.8003295628914268
8.226796773929961e-05,0.8019313632888364
8.237914066867704e-05,0.802248985524156
8.249031359805447e-05,0.8014612895156759
8.26014865274319e-05,0.8011794333896771
8.271265945680934e-05,0.8005958003767635
8.282383238618677e-05,0.8003989079373243
8.29350053155642e-05,0.8012344411130806
8.304617824494164e-05,0.8016379303661825
8.315735117431907e-05,0.8008867058688396
8.32685241036965e-05,0.7989605186628201
8.337969703307394e-05,0.7999887038622299
8.349086996245136e-05,0.7975142071101856
8.360204289182879e-05,0.796501757382384
8.371321582120622e-05,0.7941115153922341
8.382438875058366e-05,0.7925793971364808
8.393556167996109e-05,0.7911024569234197
8.404673460933852e-05,0.7906651347958474
8.415790753871596e-05,0.7887271797005243
8.426908046809339e-05,0.7872690292524092
8.438025339747081e-05,0.7855644526095874
8.449142632684824e-05,0.7845648992446909
8.460259925622568e-05,0.7852408996400417
8.471377218560311e-05,0.7839268816388839
8.482494511498054e-05,0.7821206187893825
8.493611804435798e-05,0.7815316762816535
8.504729097373541e-05,0.7799076149925929
8.515846390311284e-05,0.7785662905241003
8.526963683249027e-05,0.7775550926467503
8.53808097618677e-05,0.7756892487003952
8.549198269124513e-05,0.7732277934047921
8.560315562062256e-05,0.7716028762342373
8.571432855e-05,0.7695730669009697
8.582550147937743e-05,0.7667963860668502
8.593667440875486e-05,0.7653276606037425
8.604784733813229e-05,0.7625656643082288
8.615902026750973e-05,0.7605741594812792
8.627019319688716e-05,0.7593746358879256
8.638136612626459e-05,0.757240550466058
8.649253905564203e-05,0.7558432825607271
8.660371198501945e-05,0.7528884900899971
8.671488491439688e-05,0.7513437364446337
8.682605784377432e-05,0.748754880418786
8.693723077315175e-05,0.746267685086932
8.704840370252918e-05,0.7436366323011084
8.715957663190661e-05,0.7413333769804396
8.727074956128405e-05,0.7393690891315421
8.738192249066148e-05,0.737984106807601
8.74930954200389e-05,0.7364064000319445
8.760426834941635e-05,0.7340454765337516
8.771544127879378e-05,0.7337048966315197
8.78266142081712e-05,0.7323866580905636
8.793778713754863e-05,0.7323320157431445
8.804896006692607e-05,0.7314636024765768
8.81601329963035e-05,0.7309401866952705
8.827130592568093e-05,0.7299786548756981
8.838247885505837e-05,0.7289302368168414
8.84936517844358e-05,0.7299729158034214
8.860482471381323e-05,0.7287011676681328
8.871599764319065e-05,0.7280688096569055
8.88271705725681e-05,0.7256158908744582
8.893834350194552e-05,0.7248043176212555
8.904951643132295e-05,0.7241306187850669
8.91606893607004e-05,0.7238650597686802
8.927186229007782e-05,0.7231969698874022
8.938303521945525e-05,0.7224366085855638
8.949420814883268e-05,0.7217672450666149
8.960538107821012e-05,0.7198789212393969
8.971655400758755e-05,0.7189756994733362
8.982772693696497e-05,0.7185359060358688
8.993889986634242e-05,0.7172211218497097
9.005007279571984e-05,0.7173441883311134
9.016124572509727e-05,0.7164286629946512
9.027241865447471e-05,0.7176975916589217
9.038359158385214e-05,0.7169377971126236
9.049476451322957e-05,0.7173943355062774
9.0605937442607e-05,0.7176940059989042
9.071711037198444e-05,0.7181641619729479
9.082828330136187e-05,0.7173021341695079
9.09394562307393e-05,0.7170002308677583
9.105062916011674e-05,0.7172741717695833
9.116180208949416e-05,0.7179172827170253
9.127297501887159e-05,0.7190831190121616
9.138414794824902e-05,0.7199759512542065
9.149532087762646e-05,0.720731975110831
9.160649380700389e-05,0.7215116648194804
9.171766673638132e-05,0.721270120363937
9.182883966575876e-05,0.7227763356283438
9.194001259513619e-05,0.7239372505816356
9.205118552451362e-05,0.7242523315242895
9.216235845389104e-05,0.7251492053065056
9.227353138326848e-05,0.7270446943539415
9.238470431264591e-05,0.7267851729388344
9.249587724202334e-05,0.7266289010013498
9.260705017140078e-05,0.7264347741016164
9.271822310077821e-05,0.7266948635937703
9.282939603015564e-05,0.7248533937641289
9.294056895953307e-05,0.7247200631153132
9.305174188891051e-05,0.725288987047238
9.316291481828794e-05,0.7254516587703776
9.327408774766536e-05,0.7263324625768695
9.33852606770428e-05,0.7268220893724385
9.349643360642023e-05,0.7272117940440894
9.360760653579766e-05,0.7285482523702018
9.37187794651751e-05,0.7304759546417671
9.382995239455253e-05,0.7317063658255023
9.394112532392996e-05,0.7328905877452091
9.405229825330739e-05,0.7327185225832527
9.416347118268483e-05,0.7335436695837354
9.427464411206226e-05,0.7327002972025288
9.438581704143968e-05,0.7342580719488201
9.449698997081713e-05,0.7334650898591737
9.460816290019455e-05,0.7345959391747976
9.471933582957198e-05,0.7362352333932162
9.483050875894941e-05,0.7373907259061874
9.494168168832685e-05,0.739721977003882
9.505285461770428e-05,0.7406868612990866
9.516402754708171e-05,0.7413611440539416
9.527520047645915e-05,0.7415551960256475
9.538637340583658e-05,0.741896588758488
9.5497546335214e-05,0.7420930614659913
9.560871926459143e-05,0.7443645055688769
9.571989219396887e-05,0.7454960925634176
9.58310651233463e-05,0.7442479660087763
9.594223805272373e-05,0.7444443261797552
9.605341098210117e-05,0.745496493635552
9.61645839114786e-05,0.7457421064800575
9.627575684085603e-05,0.7463492519659454
9.638692977023346e-05,0.7450280091394983
9.64981026996109e-05,0.7450889644596744
9.660927562898833e-05,0.7449083940636185
9.672044855836575e-05,0.7444231706432086
9.68316214877432e-05,0.7445418560147486
9.694279441712062e-05,0.7455530424135505
9.705396734649805e-05,0.7449073480721689
9.716514027587548e-05,0.7454966763434082
9.727631320525292e-05,0.7456411608241296
9.738748613463035e-05,0.7465767028169841
9.749865906400778e-05,0.7447620092213165
9.760983199338522e-05,0.746202084724982
9.772100492276265e-05,0.7457449511825118
9.783217785214007e-05,0.7476069748820773
9.794335078151751e-05,0.7477839429726068
9.805452371089494e-05,0.7494971950766097
9.816569664027237e-05,0.7495815484026843
9.82768695696498e-05,0.7492503550064938
9.838804249902724e-05,0.7500724599041219
9.849921542840467e-05,0.7508232163904055
9.86103883577821e-05,0.7507025461367987
9.872156128715954e-05,0.7506300547821395
9.883273421653697e-05,0.7502868555168564
9.89439071459144e-05,0.7493904451808665
9.905508007529182e-05,0.7501837927678149
9.916625300466926e-05,0.7487551746934604
9.927742593404669e-05,0.7475890555515762
9.938859886342412e-05,0.7474747677333983
9.949977179280156e-05,0.748288844538198
9.961094472217899e-05,0.7478329486140558
9.972211765155642e-05,0.7459648849709962
9.983329058093384e-05,0.74460709503814
9.994446351031129e-05,0.7447579857401679
0.00010005563643968871,0.7464527528009941
0.00010016680936906614,0.7463076577247274
0.00010027798229844358,0.7457451669144651
0.00010038915522782101,0.7455445464638851
0.00010050032815719844,0.7453603101756063
0.00010061150108657587,0.7452521067550456
0.00010072267401595331,0.7439849635219961
0.00010083384694533074,0.7450805096042369
0.00010094501987470817,0.7458170694182047
0.0001010561928040856,0.7462333082749487
0.00010116736573346303,0.7446877225164011
0.00010127853866284046,0.7457347603593295
0.0001013897115922179,0.7461046294925838
0.00010150088452159533,0.7457014486799832
0.00010161205745097276,0.7459462342529711
0.00010172323038035019,0.7476732743059975
0.00010183440330972763,0.7470467285380894
0.00010194557623910506,0.7481363328010593
0.00010205674916848249,0.7475829256432984
0.00010216792209785993,0.7485689164683975
0.00010227909502723736,0.7474348483554804
0.00010239026795661478,0.7475325844170049
0.00010250144088599221,0.7475057232652741
0.00010261261381536965,0.7475068527423295
0.00010272378674474708,0.7483504953618572
0.00010283495967412451,0.7489967580886836
0.00010294613260350195,0.7502147264837106
0.00010305730553287938,0.7486411570732082
0.0001031684784622568,0.7491245653876355
0.00010327965139163423,0.7487108301877734
0.00010339082432101168,0.7482914497396965
0.0001035019972503891,0.7478185493238632
0.00010361317017976653,0.7486386418170653
0.00010372434310914397,0.7488062720832578
0.0001038355160385214,0.7491841513027804
0.00010394668896789883,0.7464315990969383
0.00010405786189727626,0.7474080336690097
0.0001041690348266537,0.7469538040137511
0.00010428020775603113,0.7468595076719051
0.00010439138068540855,0.7469484040727001
0.000104502553614786,0.7484899019603074
0.00010461372654416342,0.7484140781579965
0.00010472489947354085,0.7502855288364912
0.0001048360724029183,0.7497752598446886
0.00010494724533229572,0.7491698575627095
0.00010505841826167315,0.7484922699616057
0.00010516959119105058,0.7492859867079987
0.00010528076412042802,0.7508176339046879
0.00010539193704980545,0.7502214553027712
0.00010550310997918287,0.7512607239441792
0.00010561428290856032,0.7514005941157107
0.00010572545583793774,0.7520845857126989
0.00010583662876731517,0.7509686389170451
0.0001059478016966926,0.7508456323493093
0.00010605897462607004,0.7513454314826017
0.00010617014755544747,0.75028945544822
0.0001062813204848249,0.7496914652443969
0.00010639249341420234,0.750595904696693
0.00010650366634357977,0.7497209148884743
0.0001066148392729572,0.7501570425021057
0.00010672601220233462,0.7516773562941461
0.00010683718513171206,0.751012296283991
0.00010694835806108949,0.749815874738952
0.00010705953099046692,0.7506058313889433
0.00010717070391984436,0.7513967922598987
0.00010728187684922179,0.7520261625993668
0.00010739304977859922,0.751574796578988
0.00010750422270797665,0.7514486512738379
0.00010761539563735409,0.7524716585750758
0.00010772656856673152,0.7531639285488162
0.00010783774149610894,0.7531070985235969
0.00010794891442548639,0.7553877525693615
0.00010806008735486381,0.7551580470958975
0.00010817126028424124,0.7552328806223174
0.00010828243321361867,0.7554487322642807
0.00010839360614299611,0.7560559368862897
0.00010850477907237354,0.7563944311669427
0.00010861595200175097,0.7566408413892728
0.00010872712493112841,0.7597807315517108
0.00010883829786050584,0.7602133366249049
0.00010894947078988326,0.7602724350410374
0.0001090606437192607,0.759943146218438
0.00010917181664863813,0.7597199581181823
0.00010928298957801556,0.7583273460753615
0.00010939416250739299,0.7591029916850403
0.00010950533543677043,0.7594745669472839
0.00010961650836614786,0.7580570652200123
0.00010972768129552529,0.7558614164535641
0.00010983885422490273,0.7562943897260291
0.00010995002715428016,0.7563008071565244
0.00011006120008365758,0.7572834774714989
0.00011017237301303501,0.7555877048805784
0.00011028354594241245,0.7551596547899007
0.00011039471887178988,0.7552984473840454
0.00011050589180116731,0.7558918618411855
0.00011061706473054475,0.754962231228308
0.00011072823765992218,0.7541519673546815
0.00011083941058929961,0.7521514010840055
0.00011095058351867704,0.7526614945538221
0.00011106175644805448,0.7523196978824283
0.0001111729293774319,0.7533460581413625
0.00011128410230680933,0.752135069306625
0.00011139527523618677,0.7515557329090196
0.0001115064481655642,0.7519113631478729
0.00011161762109494163,0.7513594437341756
0.00011172879402431906,0.7513675029887253
0.0001118399669536965,0.7526166550748263
0.00011195113988307393,0.7524381148878402
0.00011206231281245136,0.7528410661748943
0.0001121734857418288,0.7521075738973255
0.00011228465867120623,0.7507996221942194
0.00011239583160058365,0.7522191547559834
0.0001125070045299611,0.7514897222046052
0.00011261817745933852,0.7511501123309903
0.00011272935038871595,0.7512473413445026
0.00011284052331809338,0.7515414828319071
0.00011295169624747082,0.7501227213414332
0.00011306286917684825,0.7508460301005787
0.00011317404210622568,0.7494983267377349
0.00011328521503560312,0.750565425316853
0.00011339638796498055,0.7507853821294423
0.00011350756089435797,0.7511506904653787
0.0001136187338237354,0.7514787555586295
0.00011372990675311284,0.7534442540837625
0.00011384107968249027,0.7538419352605279
0.0001139522526118677,0.7536834811419472
0.00011406342554124514,0.7535077213265978
0.00011417459847062257,0.75304604408243
0.0001142857714,0.7539504428465187
0.00011439694432937742,0.7547288498538293
0.00011450811725875487,0.7542440566956884
0.0001146192901881323,0.7549274799000777
0.00011473046311750972,0.755161626514341
0.00011484163604688716,0.755532946872903
0.00011495280897626459,0.7548872917763495
0.00011506398190564202,0.7543571440001348
0.00011517515483501945,0.7542941816086586
0.00011528632776439689,0.7548916173210269
0.00011539750069377432,0.754716276880478
0.00011550867362315174,0.755802033357595
0.00011561984655252919,0.755698279605322
0.00011573101948190661,0.7536559119492405
0.00011584219241128404,0.75375784743626
0.00011595336534066148,0.752381907085556
0.00011606453827003891,0.7529147871717031
0.00011617571119941634,0.7533037232203412
0.00011628688412879377,0.7527386005244535
0.00011639805705817121,0.7519292334221768
0.00011650922998754864,0.7518605070734788
0.00011662040291692607,0.7513657458035485
0.0001167315758463035,0.7519774876902348
0.00011684274877568093,0.7514472383822329
0.00011695392170505836,0.7528814595008374
0.00011706509463443579,0.751865171592176
0.00011717626756381323,0.7526244562544402
0.00011728744049319066,0.75102137885547
0.00011739861342256809,0.7530977937591974
0.00011750978635194553,0.7528995258649793
0.00011762095928132296,0.755057603869824
0.00011773213221070039,0.7564088631296089
0.00011784330514007781,0.7567459815482046
0.00011795447806945526,0.7576723448928968
0.00011806565099883268,0.7592632229311467
0.00011817682392821011,0.7581771848971868
0.00011828799685758755,0.7572808289204132
0.00011839916978696498,0.7563651073482371
0.00011851034271634241,0.7568371821653891
0.00011862151564571984,0.7567460800763033
0.00011873268857509728,0.7561986771431994
0.0001188438615044747,0.7551463490109666
0.00011895503443385213,0.7555373767939626
0.00011906620736322958,0.7562428299093293
0.000119177380292607,0.7557732280315819
0.00011928855322198443,0.7545932439594686
0.00011939972615136187,0.7543278216232544
0.0001195108990807393,0.756155355722016
0.00011962207201011673,0.756497149124317
0.00011973324493949416,0.7570397874705065
0.0001198444178688716,0.7582571109554702
0.00011995559079824903,0.7568282706324944
0.00012006676372762645,0.7556961556876601
0.0001201779366570039,0.7570807179637532
0.00012028910958638132,0.7561936583288081
0.00012040028251575875,0.7560290204741322
0.00012051145544513618,0.755806291920234
0.00012062262837451362,0.7542234028872138
0.00012073380130389105,0.7526980727780526
0.00012084497423326848,0.7540971130065763
0.00012095614716264592,0.7538107925176913
0.00012106732009202335,0.75340975396607
0.00012117849302140077,0.7520739518235552
0.0001212896659507782,0.7510955601358222
0.00012140083888015564,0.752914664142071
0.00012151201180953307,0.7537545279456584
0.0001216231847389105,0.7526911540393698
0.00012173435766828794,0.7522289937955536
0.00012184553059766537,0.7518203506831241
0.0001219567035270428,0.7537604539749208
0.00012206787645642023,0.7554160674981087
0.00012217904938579765,0.7558729677206578
0.0001222902223151751,0.7564263336673952
0.00012240139524455254,0.7547315798610705
0.00012251256817392996,0.7547429307178548
0.0001226237411033074,0.7557451794187169
0.00012273491403268482,0.7563501826549075
0.00012284608696206225,0.7581466740769274
0.00012295725989143968,0.7588932643771805
0.00012306843282081713,0.7570269597571049
0.00012317960575019456,0.7592576520366336
0.000123290778679572,0.7584771034279
0.00012340195160894942,0.759190471747658
0.00012351312453832684,0.7596897109204048
0.00012362429746770427,0.7598148345100173
0.0001237354703970817,0.758338868825419
0.00012384664332645915,0.7582846164719076
0.00012395781625583658,0.7581251935416394
0.000124068989185214,0.7577184610593372
0.00012418016211459144,0.7584628391009945
0.00012429133504396887,0.7597735407388152
0.0001244025079733463,0.7603203085512773
0.00012451368090272372,0.7615399993230898
0.00012462485383210118,0.7621586968380403
0.0001247360267614786,0.7632229481358439
0.00012484719969085603,0.7628950626218984
0.00012495837262023346,0.7624597645310636
0.0001250695455496109,0.7620303159806624
0.00012518071847898832,0.7607024948407759
0.00012529189140836575,0.7609805401143657
0.0001254030643377432,0.7599649831212156
0.00012551423726712063,0.7604011783944448
0.00012562541019649806,0.7596688762076178
0.00012573658312587548,0.759930141948608
0.0001258477560552529,0.7600208286765384
0.00012595892898463034,0.7595243958867216
0.00012607010191400777,0.7589638142861851
0.00012618127484338522,0.7594097748211607
0.00012629244777276265,0.7593465901297667
0.00012640362070214008,0.7615543704216918
0.0001265147936315175,0.7613655730973675
0.00012662596656089494,0.7630445737910497
0.00012673713949027236,0.761995564356574
0.0001268483124196498,0.762555749177898
0.00012695948534902725,0.7625392421461074
0.00012707065827840467,0.7635395462892911
0.0001271818312077821,0.7631742470768353
0.00012729300413715953,0.7627403883531029
0.00012740417706653696,0.7615695533652239
0.00012751534999591439,0.7628998168480357
0.00012762652292529181,0.763753821058566
0.00012773769585466927,0.7625120898644813
0.0001278488687840467,0.7638015700527105
0.00012796004171342413,0.7631627491154495
0.00012807121464280155,0.7632703650025103
0.00012818238757217898,0.7629499899833585
0.0001282935605015564,0.7634185243236039
0.00012840473343093384,0.7633535408207504
0.0001285159063603113,0.7647832759456014
0.00012862707928968872,0.7629824546170131
0.00012873825221906615,0.7641284772729507
0.00012884942514844358,0.7617344999209504
0.000128960598077821,0.7616858626265698
0.00012907177100719843,0.7610291887783921
0.0001291829439365759,0.7595488759773381
0.00012929411686595332,0.7579534632602513
0.00012940528979533074,0.7583383854003984
0.00012951646272470817,0.7578430408412944
0.0001296276356540856,0.7583085577971893
0.00012973880858346303,0.7580754107119873
0.00012984998151284045,0.7594654825333877
0.0001299611544422179,0.7598904451498445
0.00013007232737159534,0.7602202595535081
0.00013018350030097277,0.7604945818222181
0.0001302946732303502,0.7608708140612099
0.00013040584615972762,0.7609998014615389
0.00013051701908910505,0.7627069209374722
0.00013062819201848248,0.7629355205585291
0.00013073936494785993,0.7633955481728795
0.00013085053787723736,0.7629952982229751
0.0001309617108066148,0.7636528754646821
0.00013107288373599222,0.7615961211778364
0.00013118405666536964,0.7627752450737224
0.00013129522959474707,0.7625444685775363
0.0001314064025241245,0.7609473422585312
0.00013151757545350196,0.7620022494469203
0.00013162874838287938,0.7620676352846115
0.0001317399213122568,0.7621969230759055
0.00013185109424163424,0.7623822697400702
0.00013196226717101167,0.762302153112557
0.0001320734401003891,0.7615861115011836
0.00013218461302976652,0.7626144037910471
0.00013229578595914398,0.7626250714905151
0.0001324069588885214,0.7633506952010954
0.00013251813181789883,0.7638451392236556
0.00013262930474727626,0.763306033568335
0.0001327404776766537,0.7614943874165659
0.00013285165060603112,0.7624964448111291
0.00013296282353540855,0.762090895476509
0.000133073996464786,0.7625354587510842
0.00013318516939416343,0.760702424673241
0.00013329634232354086,0.7610856519106958
0.00013340751525291829,0.7611808695056047
0.00013351868818229571,0.7610278950800005
0.00013362986111167314,0.7610577441663469
0.00013374103404105057,0.7610921194449954
0.00013385220697042802,0.7604035775113689
0.00013396337989980545,0.7615575201303681
0.00013407455282918288,0.7607521986884253
0.0001341857257585603,0.7601632318433034
0.00013429689868793774,0.7599698869954156
0.00013440807161731516,0.7586855681263827
0.0001345192445466926,0.757601919865801
0.00013463041747607005,0.7578212297817433
0.00013474159040544748,0.7565579984398249
0.0001348527633348249,0.7561192572518303
0.00013496393626420233,0.7573925346542109
0.00013507510919357976,0.7587991343419578
0.0001351862821229572,0.7580572739620581
0.00013529745505233462,0.759567752599718
0.00013540862798171207,0.759608094759767
0.0001355198009110895,0.758160649509056
0.00013563097384046693,0.7586811052490386
0.00013574214676984435,0.758105811045195
0.00013585331969922178,0.7569534640443955
0.0001359644926285992,0.7556409849528803
0.00013607566555797667,0.7560030452855383
0.0001361868384873541,0.7558756719849642
0.00013629801141673152,0.7577785751623066
0.00013640918434610895,0.758169869083607
0.00013652035727548638,0.7591104848203263
0.0001366315302048638,0.7597851437506056
0.00013674270313424123,0.7595976699896184
0.0001368538760636187,0.7598652944065656
0.00013696504899299612,0.7604105823211893
0.00013707622192237354,0.7617989577191816
0.00013718739485175097,0.7633507405470252
0.0001372985677811284,0.7632243112035999
0.00013740974071050583,0.7636276968088627
0.00013752091363988326,0.7629328130831029
0.0001376320865692607,0.7627055522184822
0.00013774325949863814,0.7618491285256386
0.00013785443242801557,0.7603961054321642
0.000137965605357393,0.7602993082539968
0.00013807677828677042,0.7597747719361566
0.00013818795121614785,0.7593798313646771
0.00013829912414552528,0.7593739450184374
0.00013841029707490273,0.757746113013826
0.00013852147000428016,0.7580645292903136
0.0001386326429336576,0.7582641532256288
0.00013874381586303502,0.7574221498047109
0.00013885498879241245,0.7571106567784393
0.00013896616172178987,0.7572958628945183
0.0001390773346511673,0.7573312722644947
0.00013918850758054476,0.7559170272797918
0.00013929968050992219,0.7558590759602803
0.0001394108534392996,0.7557874958730053
0.00013952202636867704,0.7564954681605535
0.00013963319929805447,0.7566246314896161
0.0001397443722274319,0.7578893379366433
0.00013985554515680933,0.7570254739686042
0.00013996671808618678,0.7575249230021053
0.0001400778910155642,0.757385939360173
0.00014018906394494164,0.7573675216350498
0.00014030023687431906,0.7574213251678841
0.0001404114098036965,0.7565917214801755
0.00014052258273307392,0.7574494528822413
0.00014063375566245135,0.7601416501384205
0.0001407449285918288,0.7614308884946543
0.00014085610152120623,0.7625212558866631
0.00014096727445058366,0.762422752067851
0.0001410784473799611,0.7621645789848035
0.00014118962030933851,0.7613981032012185
0.00014130079323871594,0.7632437963493218
0.00014141196616809337,0.7633972008779881
0.00014152313909747083,0.7627714431055374
0.00014163431202684825,0.7625956938415218
0.00014174548495622568,0.7622138431096203
0.0001418566578856031,0.7610621497286046
0.00014196783081498054,0.7604222092742751
0.00014207900374435797,0.7610774951877293
0.0001421901766737354,0.7601826113345862
0.00014230134960311285,0.7602254215540123
0.00014241252253249028,0.7583471964414779
0.0001425236954618677,0.7593604813972425
0.00014263486839124513,0.759226034050599
0.00014274604132062256,0.7593203328416265
0.00014285721425,0.7579368556767433
0.00014296838717937742,0.758613976180313
0.00014307956010875487,0.7574573147247132
0.0001431907330381323,0.758166186509864
0.00014330190596750973,0.758232977556265
0.00014341307889688716,0.7576888828174675
0.00014352425182626458,0.7564429914773124
0.000143635424755642,0.7570994202032615
0.00014374659768501947,0.7564966528030879
0.0001438577706143969,0.7577536201235006
0.00014396894354377432,0.758251565380561
0.00014408011647315175,0.7573225365345486
0.00014419128940252918,0.7584525834787619
0.0001443024623319066,0.7595566170974962
0.00014441363526128403,0.7595841179993092
0.0001445248081906615,0.7602974042565512
0.00014463598112003892,0.7602618742294719
0.00014474715404941635,0.7610028395600215
0.00014485832697879377,0.7607747623036532
0.0001449694999081712,0.7599469198426073
0.00014508067283754863,0.7604016177541106
0.00014519184576692606,0.7592712095889844
0.0001453030186963035,0.7586714535474626
0.00014541419162568094,0.7586946622863231
0.00014552536455505837,0.7586426894133848
0.0001456365374844358,0.7587124478138031
0.00014574771041381322,0.7593369304495662
0.00014585888334319065,0.7594468627850027
0.00014597005627256808,0.7596649418450947
0.00014608122920194554,0.7595571615237914
0.00014619240213132296,0.7599871090165528
0.0001463035750607004,0.7603325366059198
0.00014641474799007782,0.761125739053818
0.00014652592091945525,0.7603100056656491
0.00014663709384883268,0.7599731212719215
0.0001467482667782101,0.7594698323006841
0.00014685943970758756,0.7599048439877901
0.00014697061263696499,0.7595117387769872
0.00014708178556634241,0.7596942576926663
0.00014719295849571984,0.7607143688631739
0.00014730413142509727,0.7613875958015367
0.0001474153043544747,0.7618110358222862
0.00014752647728385213,0.761295798225985
0.00014763765021322958,0.7616399427252691
0.000147748823142607,0.7617358602654264
0.00014785999607198444,0.7617834913347422
0.00014797116900136187,0.7618159326514868
0.0001480823419307393,0.7616608395230601
0.00014819351486011672,0.761083117720676
0.00014830468778949415,0.7596001962649654
0.0001484158607188716,0.7585255566573837
0.00014852703364824903,0.7586835029714297
0.00014863820657762646,0.7589652507861557
0.0001487493795070039,0.7593220677503434
0.00014886055243638132,0.7594311858280697
0.00014897172536575874,0.760041123427132
0.00014908289829513617,0.7610170248878579
0.00014919407122451363,0.760625537883987
0.00014930524415389106,0.7608750543428469
0.00014941641708326848,0.7624394456298993
0.0001495275900126459,0.7611114559095153
0.00014963876294202334,0.6425494680382087
0.00014974993587140077,0.20841420428224422
0.0001498611088007782,-0.15914992883281212
0.00014997228173015565,-0.4168255599379168
0.00015008345465953308,-0.5764638703642578
0.0001501946275889105,-0.762861251007564
0.00015030580051828793,-0.9034062355497944
0.00015041697344766536,-0.9970552957039659
0.0001505281463770428,-1.0832276962860137
0.00015063931930642025,-1.13711465413358
0.00015075049223579767,-1.1600858346362177
0.0001508616651651751,-1.1610771525431272
0.00015097283809455253,-1.1353530969258396
0.00015108401102392996,-1.079363759590372
0.00015119518395330738,-0.9991252038768039
0.0001513063568826848,-0.8954403725244846
0.00015141752981206227,-0.7670403059829023
0.0001515287027414397,-0.6162452942198114
0.00015163987567081712,-0.4436023620705607
0.00015175104860019455,-0.25149508954634975
0.00015186222152957198,-0.04158978328008842
0.0001519733944589494,0.19085352892238877
0.00015208456738832684,0.4424933617286747
0.0001521957403177043,0.714868403222198
0.00015230691324708172,1.0050034222901525
0.00015241808617645915,1.3153744785199857
0.00015252925910583657,1.6402234818911976
0.000152640432035214,1.9822549621384844
0.00015275160496459143,2.3391939312834658
0.00015286277789396886,2.7092234177302
0.00015297395082334631,3.096038698157217
0.00015308512375272374,3.497771078285788
0.00015319629668210117,3.911196272270959
0.0001533074696114786,4.337027814614204
0.00015341864254085603,4.7744930481940635
0.00015352981547023345,5.225444893553617
0.00015364098839961088,5.686776229634225
0.00015375216132898834,6.156006097120099
0.00015386333425836576,6.634847756738902
0.0001539745071877432,7.121319797734403
0.00015408568011712062,7.617829973689592
0.00015419685304649805,8.118763470881515
0.00015430802597587548,8.62839029945837
0.0001544191989052529,9.143429989356408
0.00015453037183463036,9.663658591865255
0.0001546415447640078,10.188546316576371
0.00015475271769338522,10.71801660350567
0.00015486389062276264,11.249294773339486
0.00015497506355214007,11.78353700088503
0.0001550862364815175,12.317019117531641
0.00015519740941089493,12.855117416370032
0.00015530858234027238,13.39267328703478
0.0001554197552696498,13.928370584995536
0.00015553092819902724,14.463794955938326
0.00015564210112840467,14.997669026795547
0.0001557532740577821,15.52885617210901
0.00015586444698715952,16.05698201859346
0.00015597561991653695,16.58214010998112
0.0001560867928459144,17.10355269160649
0.00015619796577529183,17.61965832415303
0.00015630913870466926,18.12949459042935
0.0001564203116340467,18.63253794169555
0.00015653148456342412,19.130698218456118
0.00015664265749280155,19.61939443956885
0.00015675383042217897,20.09917399531023
0.00015686500335155643,20.570439576792594
0.00015697617628093386,21.030466496095723
0.00015708734921031128,21.478561580342156
0.0001571985221396887,21.91736211440056
0.00015730969506906614,22.344240005599936
0.00015742086799844357,22.756536030554372
0.000157532040927821,23.154168402814747
0.00015764321385719845,23.538425782282978
0.00015775438678657588,23.907690163022433
0.0001578655597159533,24.261375943928538
0.00015797673264533074,24.598027911140786
0.00015808790557470816,24.91706283574879
0.0001581990785040856,25.218291890153417
0.00015831025143346305,25.500608155381766
0.00015842142436284047,25.763024554440864
0.0001585325972922179,26.00572108152037
0.00015864377022159533,26.22594374904016
0.00015875494315097276,26.425497949780635
0.00015886611608035019,26.60301913938752
0.00015897728900972761,26.7561494652439
0.00015908846193910507,26.88567911466879
0.0001591996348684825,26.990269750168967
0.00015931080779785993,27.070292936526112
0.00015942198072723735,27.124510141686645
0.00015953315365661478,27.15179064266933
0.0001596443265859922,27.1501166063032
0.00015975549951536964,27.11942044672557
0.0001598666724447471,27.05925546208197
0.00015997784537412452,26.970606003990913
0.00016008901830350195,26.851071501228148
0.00016020019123287938,26.699883173192312
0.0001603113641622568,26.517081610276932
0.00016042253709163423,26.302962139268438
0.00016053371002101166,26.054221984883295
0.00016064488295038912,25.769272059270488
0.00016075605587976654,25.449316419733943
0.00016086722880914397,25.226957251426384
0.0001609784017385214,25.3407407452965
0.00016108957466789883,25.44383968401111
0.00016120074759727626,25.479720231985915
0.00016131192052665368,25.445462359552213
0.00016142309345603114,25.4658742828643
0.00016153426638540857,25.47142536178786
0.000161645439314786,25.460083776999255
0.00016175661224416342,25.466011348077096
0.00016186778517354085,25.466363371278394
0.00016197895810291828,25.46293602854739
0.0001620901310322957,25.463454624855434
0.00016220130396167316,25.461450956011873
0.0001623124768910506,25.45550880346403
0.00016242364982042802,25.448373314523007
0.00016253482274980544,25.44181896895505
0.00016264599567918287,25.4323078856017
0.0001627571686085603,25.421002161818926
0.00016286834153793773,25.411570845939295
0.00016297951446731518,25.402054995422432
0.0001630906873966926,25.39262660772169
0.00016320186032607004,25.382900353320384
0.00016331303325544747,25.37050776777537
0.0001634242061848249,25.358205653879583
0.00016353537911420232,25.343768575020963
0.00016364655204357975,25.328606753708375
0.0001637577249729572,25.312591145180704
0.00016386889790233463,25.297832300228915
0.00016398007083171206,25.283518362791924
0.0001640912437610895,25.270820823086503
0.00016420241669046692,25.255558568177282
0.00016431358961984435,25.238866909034062
0.00016442476254922177,25.224825736919705
0.00016453593547859923,25.20790643918379
0.00016464710840797666,25.191364673982083
0.00016475828133735409,25.173955591612422
0.00016486945426673151,25.158833334577782
0.00016498062719610894,25.14234554069014
0.00016509180012548637,25.12745993391055
0.0001652029730548638,25.111608152536466
0.00016531414598424125,25.094317210113775
0.00016542531891361868,25.080843899068526
0.0001655364918429961,25.065037331466325
0.00016564766477237354,25.0499373394443
0.00016575883770175096,25.036045644355355
0.0001658700106311284,25.02122226562258
0.00016598118356050585,25.00688108849419
0.00016609235648988328,24.99405081453957
0.0001662035294192607,24.98110747386143
0.00016631470234863813,24.97011674981748
0.00016642587527801556,24.958760302366645
0.000166537048207393,24.9473638599928
0.00016664822113677042,24.937003515482154
0.00016675939406614787,24.926859235795327
0.0001668705669955253,24.917307502417124
0.00016698173992490273,24.908637727976824
0.00016709291285428015,24.90285904605523
0.00016720408578365758,24.895093142303594
0.000167315258713035,24.888982226705426
0.00016742643164241244,24.884495431112903
0.0001675376045717899,24.878341146026365
0.00016764877750116732,24.875194669769616
0.00016775995043054475,24.870042170738675
0.00016787112335992218,24.8658100200733
0.0001679822962892996,24.863171582336523
0.00016809346921867703,24.860740706337086
0.00016820464214805446,24.85866575518642
0.00016831581507743192,24.858280789015
0.00016842698800680934,24.857503563737136
0.00016853816093618677,24.85681799902749
0.0001686493338655642,24.85805174842464
0.00016876050679494163,24.85906772798764
0.00016887167972431906,24.860692400736966
0.00016898285265369648,24.862359052775066
0.00016909402558307394,24.864881778566225
0.00016920519851245137,24.86859029673737
0.0001693163714418288,24.871514669742826
0.00016942754437120622,24.875397863637158
0.00016953871730058365,24.878404236655644
0.00016964989022996108,24.88411792640235
0.0001697610631593385,24.88935667059741
0.00016987223608871596,24.895981411138013
0.0001699834090180934,24.901420830269018
0.00017009458194747082,24.90854858769123
0.00017020575487684825,24.91563210027486
0.00017031692780622567,24.92308206713799
0.0001704281007356031,24.931320581076715
0.00017053927366498053,24.93782485405193
0.00017065044659435799,24.946206988085518
0.0001707616195237354,24.953968744653576
0.00017087279245311284,24.963772210474904
0.00017098396538249027,24.973308327672044
0.0001710951383118677,24.98358786850411
0.00017120631124124513,24.9921672994843
0.00017131748417062255,25.00121626764595
0.0001714286571,25.00991181724229
0.00017153983002937744,25.01808633123884
0.00017165100295875486,25.02511715501035
0.0001717621758881323,25.032399273853912
0.00017187334881750972,25.04206130453171
0.00017198452174688715,25.051597779347595
0.00017209569467626458,25.06041649755753
0.00017220686760564203,25.070115201465303
0.00017231804053501946,25.07781574883863
0.0001724292134643969,25.08613237488193
0.00017254038639377432,25.095198946305672
0.00017265155932315174,25.104291950794533
0.00017276273225252917,25.111713542589566
0.00017287390518190663,25.11952106035923
0.00017298507811128405,25.127962244856494
0.00017309625104066148,25.1353267702451
0.0001732074239700389,25.14262885762566
0.00017331859689941634,25.150193634647394
0.00017342976982879377,25.15534681943108
0.0001735409427581712,25.163586132433494
0.00017365211568754865,25.171056581407903
0.00017376328861692608,25.176793552807684
0.0001738744615463035,25.181633163257533
0.00017398563447568093,25.187869232575174
0.00017409680740505836,25.19235127134958
0.0001742079803344358,25.196000405190734
0.00017431915326381322,25.200815815034716
0.00017443032619319067,25.203161552650513
0.0001745414991225681,25.208027371412918
0.00017465267205194553,25.211451423197097
0.00017476384498132296,25.215282913491514
0.00017487501791070038,25.218372226169976
0.0001749861908400778,25.223289981231463
0.00017509736376945524,25.22466292825744
0.0001752085366988327,25.227511628001754
0.00017531970962821012,25.22954976695322
0.00017543088255758755,25.231378974457446
0.00017554205548696498,25.23390476360703
0.0001756532284163424,25.233629567194697
0.00017576440134571983,25.235443570164442
0.00017587557427509726,25.237269978962246
0.00017598674720447472,25.23788268414367
0.00017609792013385215,25.236926824394107
0.00017620909306322957,25.236917785084646
0.000176320265992607,25.235151707839744
0.00017643143892198443,25.234832870886628
0.00017654261185136186,25.23537621298451
0.00017665378478073929,25.233530226467845
0.00017676495771011674,25.23355122580447
0.00017687613063949417,25.23286175075264
0.0001769873035688716,25.23081284585796
0.00017709847649824902,25.23066463234499
0.00017720964942762645,25.229247080477023
0.00017732082235700388,25.226031202349038
0.0001774319952863813,25.22448663042107
0.00017754316821575876,25.222658875636633
0.0001776543411451362,25.21918694084211
0.00017776551407451362,25.217081835599636
0.00017787668700389105,25.21498872274621
0.00017798785993326848,25.212294632932526
0.0001780990328626459,25.20912186937104
0.00017821020579202333,25.205551331876944
0.0001783213787214008,25.200632625164406
0.00017843255165077821,25.19653193977568
0.00017854372458015564,25.19287316563588
0.00017865489750953307,25.188251654482826
0.0001787660704389105,25.18633936535997
0.00017887724336828793,25.182501715588337
0.00017898841629766535,25.17859910680899
0.0001790995892270428,25.1767770764158
0.00017921076215642024,25.174765015029326
0.00017932193508579767,25.170301784930444
0.0001794331080151751,25.167771506758122
0.00017954428094455252,25.165193020478423
0.00017965545387392995,25.161189110709792
0.00017976662680330738,25.158229769171882
0.00017987779973268483,25.15472041045013
0.00017998897266206226,25.151315103288848
0.0001801001455914397,25.148549735000426
0.00018021131852081712,25.147502163704335
0.00018032249145019454,25.14503894173339
0.00018043366437957197,25.14403805844786
0.00018054483730894943,25.141557473003505
0.00018065601023832686,25.139656227146183
0.00018076718316770428,25.138030247066986
0.0001808783560970817,25.136125381738825
0.00018098952902645914,25.13279956015653
0.00018110070195583657,25.129527420668175
0.000181211874885214,25.127358112763588
0.00018132304781459145,25.125465678675326
0.00018143422074396888,25.123530060917552
0.0001815453936733463,25.121518537585402
0.00018165656660272373,25.1216735520496
0.00018176773953210116,25.120449819670462
0.0001818789124614786,25.11900841915956
0.00018199008539085602,25.117929155861763
0.00018210125832023347,25.115796623654955
0.0001822124312496109,25.114416902142562
0.00018232360417898833,25.11343897721732
0.00018243477710836576,25.112621291081105
0.00018254595003774319,25.11216627333021
0.0001826571229671206,25.114100818015267
0.00018276829589649804,25.11473640623338
0.0001828794688258755,25.114326991816576
0.00018299064175525292,25.116134305491578
0.00018310181468463035,25.116388896432333
0.00018321298761400778,25.116820321843928
0.0001833241605433852,25.118187229958277
0.00018343533347276264,25.118881803564204
0.00018354650640214006,25.119833842684233
0.00018365767933151752,25.120906925465178
0.00018376885226089495,25.120207909509794
0.00018388002519027238,25.121519925584376
0.0001839911981196498,25.12286238717335
0.00018410237104902723,25.123345647113215
0.00018421354397840466,25.12384733743386
0.0001843247169077821,25.126095743869662
0.00018443588983715954,25.127379325280675
0.00018454706276653697,25.127042111732887
0.0001846582356959144,25.129539950664423
0.00018476940862529183,25.129998241336946
0.00018488058155466925,25.130564366895833
0.00018499175448404668,25.13076403572245
0.0001851029274134241,25.130983311662263
0.00018521410034280156,25.133749245305427
0.000185325273272179,25.135189531378725
0.00018543644620155642,25.13685675808312
0.00018554761913093385,25.1375084712909
0.00018565879206031128,25.140154893406827
0.0001857699649896887,25.141848398013767
0.00018588113791906613,25.142606638794046
0.0001859923108484436,25.14372908736263
0.00018610348377782102,25.145345266804554
0.00018621465670719844,25.14647254956194
0.00018632582963657587,25.148900134028963
0.0001864370025659533,25.149540938972105
0.00018654817549533073,25.150832603280044
0.00018665934842470816,25.152779340913803
0.0001867705213540856,25.15513646824794
0.00018688169428346304,25.157379800883504
0.00018699286721284047,25.15890372985602
0.0001871040401422179,25.159898731791387
0.00018721521307159532,25.162081460840966
0.00018732638600097275,25.16447185041827
0.0001874375589303502,25.16642913024021
0.00018754873185972763,25.167532677597315
0.00018765990478910506,25.169128020481505
0.0001877710777184825,25.168825164265126
0.00018788225064785992,25.168695307369205
0.00018799342357723735,25.168247190049012
0.00018810459650661477,25.169718194754356
0.00018821576943599223,25.170281170724508
0.00018832694236536966,25.169564100877043
0.00018843811529474708,25.16826893723894
0.0001885492882241245,25.168956889468557
0.00018866046115350194,25.169534953720454
0.00018877163408287937,25.168880460735263
0.0001888828070122568,25.168670778908535
0.00018899397994163425,25.168270299432912
0.00018910515287101168,25.16735565835216
0.0001892163258003891,25.165969654752132
0.00018932749872976654,25.16640206807253
0.00018943867165914396,25.167419880130474
0.0001895498445885214,25.167471233628483
0.00018966101751789882,25.16819644514128
0.00018977219044727627,25.16831629856016
0.0001898833633766537,25.16984834692091
0.00018999453630603113,25.1697654474318
0.00019010570923540856,25.170638416365364
0.00019021688216478599,25.170491168628246
0.00019032805509416341,25.167537850331737
0.00019043922802354084,25.166042347584877
0.0001905504009529183,25.167054078138147
0.00019066157388229573,25.16588280612689
0.00019077274681167315,25.163970337121203
0.00019088391974105058,25.16443881511551
0.000190995092670428,25.163857597802412
0.00019110626559980544,25.163197091605696
0.00019121743852918287,25.162665511447454
0.00019132861145856032,25.161840365817724
0.00019143978438793775,25.158852069890028
0.00019155095731731518,25.156884273698388
0.0001916621302466926,25.15380612616797
0.00019177330317607003,25.15254793684427
0.00019188447610544746,25.14989460340569
0.0001919956490348249,25.14941992750856
0.00019210682196420234,25.148341075979946
0.00019221799489357977,25.150143679112304
0.0001923291678229572,25.150986411505414
0.00019244034075233463,25.151386254643977
0.00019255151368171206,25.1490451359064
0.00019266268661108948,25.148709058327487
0.0001927738595404669,25.14861742707528
0.00019288503246984437,25.14521805022744
0.0001929962053992218,25.143950199125573
0.00019310737832859922,25.142998279606275
0.00019321855125797665,25.142485591987047
0.00019332972418735408,25.142146204765194
0.0001934408971167315,25.141866706480574
0.00019355207004610893,25.140590914753435
0.0001936632429754864,25.141667545986415
0.00019377441590486382,25.141253780635815
0.00019388558883424125,25.13915287544677
0.00019399676176361867,25.13806972363667
0.0001941079346929961,25.137653017491672
0.00019421910762237353,25.13534758432526
0.00019433028055175096,25.133804410126576
0.0001944414534811284,25.132676770498268
0.00019455262641050584,25.13154752929053
0.00019466379933988327,25.130424001231493
0.0001947749722692607,25.129307677625125
0.00019488614519863812,25.12820004977182
0.00019499731812801555,25.12710260897197
0.000195108491057393,25.126016846525967
0.00019521966398677043,25.124944253734206
0.00019533083691614786,25.12388632189708
0.0001954420098455253,25.122844542314972
0.00019555318277490272,25.121820406288286
0.00019566435570428015,25.120815405117405
0.00019577552863365757,25.11983103010273
0.00019588670156303503,25.118868772544648
0.00019599787449241246,25.11793012374355
0.00019610904742178989,25.117016574999838
0.00019622022035116731,25.116129617613893
0.00019633139328054474,25.11527074288611
0.00019644256620992217,25.11444144211689
0.0001965537391392996,25.11364320660661
0.00019666491206867705,25.112877527655677
0.00019677608499805448,25.112145896564478
0.0001968872579274319,25.111449804633402
0.00019699843085680934,25.110790743162845
0.00019710960378618676,25.1101702034532
0.0001972207767155642,25.109589676804855
0.00019733194964494162,25.10905065451821
0.00019744312257431908,25.10855462789365
0.0001975542955036965,25.108103088231573
0.00019766546843307393,25.107697526832364
0.00019777664136245136,25.107339434996423
0.0001978878142918288,25.10703030402414
0.00019799898722120622,25.106771625215906
0.00019811016015058364,25.106564889872114
0.0001982213330799611,25.10641158929316
0.00019833250600933853,25.10631321477943
0.00019844367893871595,25.106271257631317
0.00019855485186809338,25.10628720914922
0.0001986660247974708,25.106362560633528
0.00019877719772684824,25.10649880338463
0.00019888837065622567,25.106697428702923
0.00019899954358560312,25.106959927888795
0.00019911071651498055,25.10728779224264
0.00019922188944435798,25.107682513064855
0.0001993330623737354,25.108145581655826
0.00019944423530311283,25.108678489315952
0.00019955540823249026,25.10928272734562
0.0001996665811618677,25.10995978704522
0.00019977775409124514,25.11071115971515
0.00019988892702062257,25.111538336655805
0.00020000009995,25.112442809167568
