Time,Amplitude
0.0,0.0
1.111729293774319e-07,0.0
2.223458587548638e-07,0.0
3.3351878813229573e-07,0.0
4.446917175097276e-07,0.0
5.558646468871596e-07,0.0
6.670375762645915e-07,0.0
7.782105056420233e-07,0.0
8.893834350194552e-07,0.0
1.0005563643968871e-06,0.0
1.1117292937743191e-06,0.0
1.222902223151751e-06,0.0
1.334075152529183e-06,0.0
1.4452480819066147e-06,0.0
1.5564210112840467e-06,0.0
1.6675939406614785e-06,0.0
1.7787668700389105e-06,0.0
1.8899397994163425e-06,0.0
2.0011127287937743e-06,0.0
2.112285658171206e-06,0.0
2.2234585875486383e-06,0.0
2.33463151692607e-06,0.0
2.445804446303502e-06,0.0
2.5569773756809336e-06,0.0
2.668150305058366e-06,0.0
2.7793232344357976e-06,0.0
2.8904961638132294e-06,0.0
3.0016690931906616e-06,0.0
3.1128420225680934e-06,0.0
3.224014951945525e-06,0.0
3.335187881322957e-06,0.0
3.446360810700389e-06,0.0
3.557533740077821e-06,0.0
3.6687066694552528e-06,0.0
3.779879598832685e-06,0.0
3.891052528210116e-06,0.0
4.0022254575875485e-06,0.0
4.113398386964981e-06,0.0
4.224571316342412e-06,0.0
4.335744245719844e-06,0.0
4.4469171750972765e-06,0.0
4.558090104474708e-06,0.0
4.66926303385214e-06,0.0
4.780435963229572e-06,0.0
4.891608892607004e-06,0.0
5.002781821984436e-06,0.0
5.113954751361867e-06,0.0
5.2251276807392995e-06,0.0
5.336300610116732e-06,0.0
5.447473539494163e-06,0.0
5.558646468871595e-06,0.0
5.6698193982490274e-06,0.0
5.780992327626459e-06,0.0
5.892165257003891e-06,0.0
6.003338186381323e-06,0.0
6.114511115758755e-06,0.0
6.225684045136187e-06,0.0
6.336856974513619e-06,0.0
6.44802990389105e-06,0.0
6.559202833268483e-06,0.0
6.670375762645914e-06,0.0
6.781548692023346e-06,0.0
6.892721621400778e-06,0.0
7.00389455077821e-06,0.0
7.115067480155642e-06,0.0
7.226240409533074e-06,0.0
7.3374133389105055e-06,0.0
7.448586268287938e-06,0.0
7.55975919766537e-06,0.0
7.670932127042801e-06,0.0
7.782105056420233e-06,0.0
7.893277985797666e-06,0.0
8.004450915175097e-06,0.0
8.115623844552528e-06,0.0
8.226796773929961e-06,0.0
8.337969703307393e-06,0.0
8.449142632684824e-06,0.0
8.560315562062257e-06,0.0
8.671488491439689e-06,0.0
8.78266142081712e-06,0.0
8.893834350194553e-06,0.0
9.005007279571984e-06,0.0
9.116180208949416e-06,0.0
9.227353138326849e-06,0.0
9.33852606770428e-06,0.0
9.449698997081712e-06,0.0
9.560871926459145e-06,0.0
9.672044855836576e-06,0.0
9.783217785214007e-06,0.0
9.89439071459144e-06,0.0
1.0005563643968872e-05,0.0
1.0116736573346303e-05,0.0
1.0227909502723734e-05,0.0
1.0339082432101168e-05,0.0
1.0450255361478599e-05,0.0
1.056142829085603e-05,0.0
1.0672601220233463e-05,0.0
1.0783774149610895e-05,0.0
1.0894947078988326e-05,0.0
1.1006120008365759e-05,0.0
1.111729293774319e-05,0.0
1.1228465867120622e-05,0.0
1.1339638796498055e-05,0.0
1.1450811725875486e-05,0.0
1.1561984655252918e-05,0.0
1.167315758463035e-05,0.0
1.1784330514007782e-05,0.0
1.1895503443385213e-05,0.0
1.2006676372762646e-05,0.0
1.2117849302140078e-05,0.0
1.222902223151751e-05,0.0
1.2340195160894942e-05,0.0
1.2451368090272374e-05,0.0
1.2562541019649805e-05,0.0
1.2673713949027238e-05,0.0
1.278488687840467e-05,0.0
1.28960598077821e-05,0.0
1.3007232737159532e-05,0.0
1.3118405666536965e-05,0.0
1.3229578595914397e-05,0.0
1.3340751525291828e-05,0.0
1.3451924454669261e-05,0.0
1.3563097384046692e-05,0.0
1.3674270313424124e-05,0.0
1.3785443242801557e-05,0.0
1.3896616172178988e-05,0.0
1.400778910155642e-05,0.0
1.4118962030933853e-05,0.0
1.4230134960311284e-05,0.0
1.4341307889688715e-05,0.0
1.4452480819066148e-05,0.0
1.456365374844358e-05,0.0
1.4674826677821011e-05,0.0
1.4785999607198444e-05,0.0
1.4897172536575875e-05,0.0
1.5008345465953307e-05,0.0
1.511951839533074e-05,0.0
1.5230691324708171e-05,0.0
1.5341864254085603e-05,0.0
1.5453037183463034e-05,0.0
1.5564210112840465e-05,0.0
1.56753830422179e-05,0.0
1.578655597159533e-05,0.0
1.5897728900972763e-05,0.0
1.6008901830350194e-05,0.0
1.6120074759727626e-05,0.0
1.6231247689105057e-05,0.0
1.634242061848249e-05,0.0
1.6453593547859923e-05,0.0
1.6564766477237354e-05,0.0
1.6675939406614786e-05,0.0
1.6787112335992217e-05,0.0
1.689828526536965e-05,0.0
1.7009458194747083e-05,0.0
1.7120631124124515e-05,0.0
1.7231804053501946e-05,0.0
1.7342976982879377e-05,0.0
1.745414991225681e-05,0.0
1.756532284163424e-05,0.0
1.767649577101167e-05,0.0
1.7787668700389106e-05,0.0
1.7898841629766537e-05,0.0
1.801001455914397e-05,0.0
1.81211874885214e-05,0.0
1.823236041789883e-05,0.0
1.8343533347276263e-05,0.0
1.8454706276653698e-05,0.0
1.856587920603113e-05,0.0
1.867705213540856e-05,0.0
1.8788225064785992e-05,0.0
1.8899397994163423e-05,0.0
1.9010570923540854e-05,0.0
1.912174385291829e-05,0.0
1.923291678229572e-05,0.0
1.9344089711673152e-05,0.0
1.9455262641050583e-05,0.0
1.9566435570428015e-05,0.0
1.9677608499805446e-05,0.0
1.978878142918288e-05,0.0
1.9899954358560312e-05,0.0
2.0011127287937744e-05,0.0
2.0122300217315175e-05,0.0
2.0233473146692606e-05,0.0
2.0344646076070038e-05,0.0
2.045581900544747e-05,0.0
2.0566991934824904e-05,0.0
2.0678164864202335e-05,0.0
2.0789337793579766e-05,0.0
2.0900510722957198e-05,0.0
2.101168365233463e-05,0.0
2.112285658171206e-05,0.0
2.1234029511089495e-05,0.0
2.1345202440466927e-05,0.0
2.1456375369844358e-05,0.0
2.156754829922179e-05,0.0
2.167872122859922e-05,0.0
2.1789894157976652e-05,0.0
2.1901067087354087e-05,0.0
2.2012240016731518e-05,0.0
2.212341294610895e-05,0.0
2.223458587548638e-05,0.0
2.2345758804863812e-05,0.0
2.2456931734241244e-05,0.0
2.256810466361868e-05,0.0
2.267927759299611e-05,0.0
2.279045052237354e-05,0.0
2.2901623451750973e-05,0.0
2.3012796381128404e-05,0.0
2.3123969310505835e-05,0.0
2.3235142239883267e-05,0.0
2.33463151692607e-05,0.0
2.3457488098638133e-05,0.0
2.3568661028015564e-05,0.0
2.3679833957392995e-05,0.0
2.3791006886770427e-05,0.0
2.3902179816147858e-05,0.0
2.4013352745525293e-05,0.0
2.4124525674902724e-05,0.0
2.4235698604280156e-05,0.0
2.4346871533657587e-05,0.0
2.445804446303502e-05,0.0
2.456921739241245e-05,0.0
2.4680390321789884e-05,0.0
2.4791563251167316e-05,0.0
2.4902736180544747e-05,0.0
2.501390910992218e-05,0.0
2.512508203929961e-05,0.0
2.523625496867704e-05,0.0
2.5347427898054476e-05,0.0
2.5458600827431907e-05,0.0
2.556977375680934e-05,0.0
2.568094668618677e-05,0.0
2.57921196155642e-05,0.0
2.5903292544941633e-05,0.0
2.6014465474319064e-05,0.0
2.61256384036965e-05,0.0
2.623681133307393e-05,0.0
2.634798426245136e-05,0.0
2.6459157191828793e-05,0.0
2.6570330121206224e-05,0.0
2.6681503050583656e-05,0.0
2.679267597996109e-05,0.0
2.6903848909338522e-05,0.0
2.7015021838715953e-05,0.0
2.7126194768093385e-05,0.0
2.7237367697470816e-05,0.0
2.7348540626848247e-05,0.0
2.7459713556225682e-05,0.0
2.7570886485603113e-05,0.0
2.7682059414980545e-05,0.0
2.7793232344357976e-05,0.0
2.7904405273735408e-05,0.0
2.801557820311284e-05,0.0
2.8126751132490274e-05,0.0
2.8237924061867705e-05,0.0
2.8349096991245136e-05,0.0
2.8460269920622568e-05,0.0
2.857144285e-05,0.0
2.868261577937743e-05,0.0
2.8793788708754862e-05,0.0
2.8904961638132297e-05,0.0
2.9016134567509728e-05,0.0
2.912730749688716e-05,0.0
2.923848042626459e-05,0.0
2.9349653355642022e-05,0.0
2.9460826285019453e-05,0.0
2.9571999214396888e-05,0.0
2.968317214377432e-05,0.0
2.979434507315175e-05,0.0
2.9905518002529182e-05,0.0
3.0016690931906614e-05,0.0
3.0127863861284045e-05,0.0
3.023903679066148e-05,0.0
3.035020972003891e-05,0.0
3.0461382649416342e-05,0.0
3.057255557879378e-05,0.0
3.0683728508171205e-05,0.0
3.079490143754864e-05,0.0
3.090607436692607e-05,0.0
3.10172472963035e-05,0.0
3.112842022568093e-05,0.0
3.1239593155058365e-05,0.0
3.13507660844358e-05,0.0
3.146193901381323e-05,0.0
3.157311194319066e-05,0.0
3.168428487256809e-05,0.0
3.1795457801945526e-05,0.0
3.1906630731322954e-05,0.0
3.201780366070039e-05,0.0
3.212897659007782e-05,0.0
3.224014951945525e-05,0.0
3.2351322448832686e-05,0.0
3.2462495378210114e-05,0.0
3.257366830758755e-05,0.0
3.268484123696498e-05,0.0
3.279601416634241e-05,0.0
3.2907187095719846e-05,0.0
3.3018360025097274e-05,0.0
3.312953295447471e-05,0.0
3.324070588385214e-05,0.0
3.335187881322957e-05,0.0
3.3463051742607006e-05,0.0
3.3574224671984434e-05,0.0
3.368539760136187e-05,0.0
3.37965705307393e-05,0.0
3.390774346011673e-05,0.0
3.4018916389494166e-05,0.0
3.4130089318871594e-05,0.0
3.424126224824903e-05,0.0
3.435243517762646e-05,0.0
3.446360810700389e-05,0.0
3.457478103638132e-05,0.0
3.4685953965758755e-05,0.0
3.479712689513619e-05,0.0
3.490829982451362e-05,0.0
3.501947275389105e-05,0.0
3.513064568326848e-05,0.0
3.5241818612645915e-05,0.0
3.535299154202334e-05,0.0
3.546416447140078e-05,0.0
3.557533740077821e-05,0.0
3.568651033015564e-05,0.0
3.5797683259533075e-05,0.0
3.59088561889105e-05,0.0
3.602002911828794e-05,0.0
3.613120204766537e-05,0.0
3.62423749770428e-05,0.0
3.6353547906420235e-05,0.0
3.646472083579766e-05,0.0
3.65758937651751e-05,0.0
3.6687066694552526e-05,0.0
3.679823962392996e-05,0.0
3.6909412553307395e-05,0.0
3.702058548268482e-05,0.0
3.713175841206226e-05,0.0
3.7242931341439686e-05,0.0
3.735410427081712e-05,0.0
3.746527720019455e-05,0.0
3.7576450129571984e-05,0.0
3.768762305894942e-05,0.0
3.7798795988326846e-05,0.0
3.790996891770428e-05,0.0
3.802114184708171e-05,0.0
3.8132314776459144e-05,0.0
3.824348770583658e-05,0.0
3.8354660635214006e-05,0.0
3.846583356459144e-05,0.0
3.857700649396887e-05,0.0
3.8688179423346304e-05,0.0
3.879935235272373e-05,0.0
3.891052528210117e-05,0.0
3.90216982114786e-05,0.0
3.913287114085603e-05,0.0
3.9244044070233464e-05,0.0
3.935521699961089e-05,0.0
3.946638992898833e-05,0.0
3.957756285836576e-05,0.0
3.968873578774319e-05,0.0
3.9799908717120624e-05,0.0
3.991108164649805e-05,0.0
4.002225457587549e-05,0.0
4.0133427505252915e-05,0.0
4.024460043463035e-05,0.0
4.0355773364007785e-05,0.0
4.046694629338521e-05,0.0
4.057811922276265e-05,0.0
4.0689292152140075e-05,0.0
4.080046508151751e-05,0.0
4.091163801089494e-05,0.0
4.102281094027237e-05,0.0
4.113398386964981e-05,0.0
4.1245156799027235e-05,0.0
4.135632972840467e-05,0.0
4.14675026577821e-05,0.0
4.157867558715953e-05,0.0
4.168984851653697e-05,0.0
4.1801021445914396e-05,0.0
4.191219437529183e-05,0.0
4.202336730466926e-05,0.0
4.213454023404669e-05,0.0
4.224571316342412e-05,0.0
4.2356886092801556e-05,0.0
4.246805902217899e-05,0.0
4.257923195155642e-05,0.0
4.269040488093385e-05,0.0
4.280157781031128e-05,0.0
4.2912750739688716e-05,0.0
4.3023923669066144e-05,0.0
4.313509659844358e-05,0.0
4.3246269527821014e-05,0.0
4.335744245719844e-05,0.0
4.3468615386575876e-05,0.0
4.3579788315953304e-05,0.0
4.369096124533074e-05,0.0
4.3802134174708174e-05,0.0
4.39133071040856e-05,0.0
4.4024480033463036e-05,0.0
4.4135652962840464e-05,0.0
4.42468258922179e-05,0.0
4.435799882159533e-05,0.0
4.446917175097276e-05,0.0
4.45803446803502e-05,0.0
4.4691517609727625e-05,0.0
4.480269053910506e-05,0.0
4.491386346848249e-05,0.0
4.502503639785992e-05,0.0
4.513620932723736e-05,0.0
4.5247382256614785e-05,0.0
4.535855518599222e-05,0.0
4.546972811536965e-05,0.0
4.558090104474708e-05,0.0
4.569207397412451e-05,0.0
4.5803246903501945e-05,0.0
4.591441983287938e-05,0.0
4.602559276225681e-05,0.0
4.613676569163424e-05,0.0
4.624793862101167e-05,0.0
4.6359111550389105e-05,0.0
4.647028447976653e-05,0.0
4.658145740914397e-05,0.0
4.66926303385214e-05,0.0
4.680380326789883e-05,0.0
4.6914976197276265e-05,0.0
4.7026149126653693e-05,0.0
4.713732205603113e-05,0.0
4.724849498540856e-05,0.0
4.735966791478599e-05,0.0
4.7470840844163426e-05,0.0
4.7582013773540854e-05,0.0
4.769318670291829e-05,0.0
4.7804359632295716e-05,0.0
4.791553256167315e-05,0.0
4.8026705491050586e-05,0.0
4.8137878420428014e-05,0.0
4.824905134980545e-05,0.0
4.8360224279182877e-05,0.0
4.847139720856031e-05,0.0
4.858257013793774e-05,0.0
4.8693743067315174e-05,0.0
4.880491599669261e-05,0.0
4.891608892607004e-05,0.0
4.902726185544747e-05,0.0
4.91384347848249e-05,0.0
4.9249607714202334e-05,0.0
4.936078064357977e-05,0.0
4.94719535729572e-05,0.0
4.958312650233463e-05,-0.0033180528589296775
4.969429943171206e-05,-0.012783201996334322
4.9805472361089494e-05,-0.024652176018818896
4.991664529046692e-05,-0.03691057374389517
5.002781821984436e-05,-0.048659036636855134
5.013899114922179e-05,-0.05928245337340075
5.025016407859922e-05,-0.06870869005429478
5.0361337007976655e-05,-0.0766166255689074
5.047250993735408e-05,-0.08313724717747412
5.058368286673152e-05,-0.08818655492156204
5.069485579610895e-05,-0.09183290826878633
5.080602872548638e-05,-0.09402527575552289
5.0917201654863815e-05,-0.09485030467607987
5.102837458424124e-05,-0.09433084460019872
5.113954751361868e-05,-0.09246762916474532
5.1250720442996105e-05,-0.08938983988609357
5.136189337237354e-05,-0.0849981945274302
5.1473066301750975e-05,-0.07939118355275297
5.15842392311284e-05,-0.07261090104213279
5.169541216050584e-05,-0.06460054605110552
5.1806585089883266e-05,-0.05552872719216284
5.19177580192607e-05,-0.0453462178916179
5.202893094863813e-05,-0.03412965673365039
5.214010387801556e-05,-0.021935492429758605
5.2251276807393e-05,-0.008672777023797758
5.2362449736770426e-05,0.005487050728797
5.247362266614786e-05,0.020513924318415915
5.258479559552529e-05,0.03647828293798521
5.269596852490272e-05,0.053267410789556324
5.280714145428016e-05,0.0708955971152666
5.2918314383657586e-05,0.08924765559438114
5.302948731303502e-05,0.1083737616848538
5.314066024241245e-05,0.1282538266977501
5.3251833171789884e-05,0.14872370324838016
5.336300610116731e-05,0.16987270258620316
5.3474179030544746e-05,0.1915997576741097
5.358535195992218e-05,0.21391727664921625
5.369652488929961e-05,0.23676397534631255
5.3807697818677044e-05,0.26008078616319025
5.391887074805447e-05,0.28390417513716704
5.4030043677431907e-05,0.3081743730990652
5.4141216606809334e-05,0.3327392817278949
5.425238953618677e-05,0.35768934790473694
5.4363562465564204e-05,0.38291632563256206
5.447473539494163e-05,0.4084868194942135
5.458590832431907e-05,0.43428146255829964
5.4697081253696495e-05,0.46031801230862635
5.480825418307393e-05,0.48647908249406857
5.4919427112451364e-05,0.5128577897442501
5.503060004182879e-05,0.5392668245317674
5.514177297120623e-05,0.5658539929622236
5.5252945900583655e-05,0.5923435084070241
5.536411882996109e-05,0.6189646475689901
5.547529175933852e-05,0.6454937588576865
5.558646468871595e-05,0.6719418639563921
5.569763761809339e-05,0.6983031850563539
5.5808810547470815e-05,0.7244571073387037
5.591998347684825e-05,0.7505146920822998
5.603115640622568e-05,0.7763823113112228
5.614232933560311e-05,0.8020428212425613
5.625350226498055e-05,0.8273940313869672
5.6364675194357975e-05,0.8524540873170746
5.647584812373541e-05,0.877128384621655
5.658702105311284e-05,0.9014174810128093
5.669819398249027e-05,0.9252927238793148
5.68093669118677e-05,0.94876230970996
5.6920539841245135e-05,0.9717286865680715
5.703171277062257e-05,0.9942429061494844
5.71428857e-05,1.0160756651420502
5.725405862937743e-05,1.037417782854628
5.736523155875486e-05,1.0580654273706438
5.7476404488132296e-05,1.0781532135937846
5.7587577417509724e-05,1.0975316687528112
5.769875034688716e-05,1.116257434868218
5.780992327626459e-05,1.1341518979052372
5.792109620564202e-05,1.1513311070646124
5.8032269135019456e-05,1.167577749522218
5.8143442064396884e-05,1.1830024967462411
5.825461499377432e-05,1.1975014493524978
5.836578792315175e-05,1.2111019098499554
5.847696085252918e-05,1.2236809231756582
5.8588133781906616e-05,1.2352806492998107
5.8699306711284044e-05,1.245868274245321
5.881047964066148e-05,1.2554203368703587
5.892165257003891e-05,1.2638878124230408
5.903282549941634e-05,1.2711844717815384
5.9143998428793776e-05,1.2772805092442192
5.9255171358171204e-05,1.2821480239777825
5.936634428754864e-05,1.2858592045006616
5.947751721692607e-05,1.288226338349215
5.95886901463035e-05,1.2893043852450197
5.9699863075680936e-05,1.2890253119313617
5.9811036005058364e-05,1.2873653060333698
5.99222089344358e-05,1.2842672895298402
6.003338186381323e-05,1.2797617904846639
6.014455479319066e-05,1.273738506033808
6.025572772256809e-05,1.2661899142491209
6.0366900651945525e-05,1.2570143759743662
6.047807358132296e-05,1.246320224060561
6.058924651070039e-05,1.2339829007115368
6.070041944007782e-05,1.220034685243829
6.081159236945525e-05,1.2079771841622706
6.0922765298832685e-05,1.2017711497801016
6.103393822821011e-05,1.1984940848148604
6.114511115758755e-05,1.1968167275663717
6.125628408696498e-05,1.1959632966219402
6.136745701634241e-05,1.1954657420862695
6.147862994571984e-05,1.195286107096917
6.158980287509728e-05,1.1951201316006994
6.170097580447471e-05,1.1951162101215795
6.181214873385214e-05,1.1950867927037359
6.192332166322958e-05,1.1951000879106766
6.2034494592607e-05,1.1950768360000796
6.214566752198443e-05,1.1950999850250148
6.225684045136186e-05,1.195126877315786
6.23680133807393e-05,1.1951179851173546
6.247918631011673e-05,1.1951935812223489
6.259035923949416e-05,1.1952509037591774
6.27015321688716e-05,1.1953072948880772
6.281270509824903e-05,1.1954209671136828
6.292387802762646e-05,1.1954507301631738
6.303505095700388e-05,1.1955381961712712
6.314622388638133e-05,1.1955201402749447
6.325739681575875e-05,1.1955910378298713
6.336856974513618e-05,1.1956801279138167
6.347974267451362e-05,1.1957922675462374
6.359091560389105e-05,1.195837963237693
6.370208853326848e-05,1.1960084019954307
6.381326146264591e-05,1.196035060422384
6.392443439202335e-05,1.1961580475226685
6.403560732140078e-05,1.1962183267560478
6.41467802507782e-05,1.1963621481121758
6.425795318015565e-05,1.196442882758086
6.436912610953307e-05,1.1964764216964223
6.44802990389105e-05,1.1966305129202484
6.459147196828794e-05,1.1967505147707413
6.470264489766537e-05,1.196795231260887
6.48138178270428e-05,1.1968613684633065
6.492499075642023e-05,1.1968557916533034
6.503616368579767e-05,1.1969770479917154
6.51473366151751e-05,1.1969315301281886
6.525850954455252e-05,1.1969210651174298
6.536968247392997e-05,1.196997183997901
6.54808554033074e-05,1.1970184578740668
6.559202833268482e-05,1.1971082732393898
6.570320126206225e-05,1.1970960279209222
6.581437419143969e-05,1.1971101843865388
6.592554712081712e-05,1.1970894818138789
6.603672005019455e-05,1.1971058250764826
6.614789297957199e-05,1.1969974776466006
6.625906590894942e-05,1.1969912877533797
6.637023883832685e-05,1.1968756011382737
6.648141176770427e-05,1.1969355548900518
6.659258469708171e-05,1.1968471890707268
6.670375762645914e-05,1.1968562183341276
6.681493055583657e-05,1.196874829292757
6.692610348521401e-05,1.196854048227494
6.703727641459144e-05,1.1968872675858888
6.714844934396887e-05,1.1969384210972123
6.72596222733463e-05,1.1968790406661671
6.737079520272374e-05,1.196797842885839
6.748196813210117e-05,1.1968011771712732
6.75931410614786e-05,1.19679472445538
6.770431399085604e-05,1.1967703079068202
6.781548692023346e-05,1.196776846006659
6.792665984961089e-05,1.1967950324565082
6.803783277898833e-05,1.196797871810534
6.814900570836576e-05,1.1967433370112306
6.826017863774319e-05,1.1966308027844572
6.837135156712062e-05,1.1966889003316346
6.848252449649806e-05,1.1966855389093256
6.859369742587549e-05,1.1967622981110873
6.870487035525291e-05,1.1967892804001155
6.881604328463036e-05,1.1967935576647486
6.892721621400778e-05,1.1967451383594254
6.903838914338521e-05,1.1967343661652774
6.914956207276264e-05,1.196627851142572
6.926073500214008e-05,1.1966417321820157
6.937190793151751e-05,1.1966104027335331
6.948308086089494e-05,1.196628728898734
6.959425379027238e-05,1.1966255966723707
6.97054267196498e-05,1.1966658460669886
6.981659964902723e-05,1.1966827386824368
6.992777257840466e-05,1.1966989327383737
7.00389455077821e-05,1.1965923845150268
7.015011843715953e-05,1.1965747443203798
7.026129136653696e-05,1.1964802428735044
7.03724642959144e-05,1.1964509006610968
7.048363722529183e-05,1.196414413346901
7.059481015466926e-05,1.196383716245526
7.070598308404669e-05,1.1962997463608185
7.081715601342413e-05,1.1962552826142137
7.092832894280155e-05,1.19624831144579
7.103950187217898e-05,1.1962588123783269
7.115067480155642e-05,1.1962510212295834
7.126184773093385e-05,1.1961831952310826
7.137302066031128e-05,1.1960994866688661
7.148419358968871e-05,1.1961178018057326
7.159536651906615e-05,1.196169057939468
7.170653944844358e-05,1.1961450195845336
7.1817712377821e-05,1.1961509412764944
7.192888530719845e-05,1.196081040809325
7.204005823657588e-05,1.196092462226005
7.21512311659533e-05,1.1960186167686522
7.226240409533074e-05,1.1960265170767714
7.237357702470817e-05,1.195971697144787
7.24847499540856e-05,1.1960214690215232
7.259592288346303e-05,1.1960154299307741
7.270709581284047e-05,1.19602409029935
7.28182687422179e-05,1.1960268195185553
7.292944167159533e-05,1.1959896841256215
7.304061460097277e-05,1.1959805111995574
7.31517875303502e-05,1.1959722685949803
7.326296045972762e-05,1.1959533960390258
7.337413338910505e-05,1.195967992214318
7.348530631848249e-05,1.1959986443607677
7.359647924785992e-05,1.1960507124930175
7.370765217723735e-05,1.196079554374438
7.381882510661479e-05,1.196125045131907
7.392999803599222e-05,1.196181230675417
7.404117096536965e-05,1.1962424884870437
7.415234389474707e-05,1.1962073512031366
7.426351682412452e-05,1.1962591478578766
7.437468975350194e-05,1.1963453444491423
7.448586268287937e-05,1.1963945152205628
7.459703561225681e-05,1.196487220441946
7.470820854163424e-05,1.1964705283247279
7.481938147101167e-05,1.1965425584194636
7.49305544003891e-05,1.196592275030238
7.504172732976654e-05,1.196691972694561
7.515290025914397e-05,1.1966897859178907
7.52640731885214e-05,1.1967176907631853
7.537524611789884e-05,1.1966803907364454
7.548641904727626e-05,1.196768061824447
7.559759197665369e-05,1.1968047724805848
7.570876490603113e-05,1.196791982982985
7.581993783540856e-05,1.1967193447446611
7.593111076478599e-05,1.1968062842491725
7.604228369416342e-05,1.1968463734925325
7.615345662354086e-05,1.1969303446357695
7.626462955291829e-05,1.196907336044905
7.637580248229572e-05,1.1970216332367312
7.648697541167316e-05,1.1970336508179138
7.659814834105058e-05,1.1970994129188461
7.670932127042801e-05,1.1971563319668348
7.682049419980544e-05,1.1972067737859737
7.693166712918288e-05,1.197249067350233
7.704284005856031e-05,1.1973357132143188
7.715401298793774e-05,1.1973804407478257
7.726518591731518e-05,1.197477384848114
7.737635884669261e-05,1.197553351087147
7.748753177607004e-05,1.1976515769473446
7.759870470544746e-05,1.19773428927292
7.77098776348249e-05,1.1978144377033546
7.782105056420233e-05,1.1978807751976714
7.793222349357976e-05,1.1979530355951529
7.80433964229572e-05,1.1979984807081017
7.815456935233463e-05,1.1980544387997862
7.826574228171206e-05,1.1981195638122348
7.837691521108949e-05,1.1981396033063643
7.848808814046693e-05,1.198143824228789
7.859926106984436e-05,1.198202938883243
7.871043399922178e-05,1.1982506469390757
7.882160692859923e-05,1.1981845343332682
7.893277985797665e-05,1.1982903231117619
7.904395278735408e-05,1.1983722861233324
7.915512571673152e-05,1.1983901961568673
7.926629864610895e-05,1.1983890518630194
7.937747157548638e-05,1.1984583254057741
7.948864450486381e-05,1.1984962057863608
7.959981743424125e-05,1.1986048363637134
7.971099036361868e-05,1.1986143307259398
7.98221632929961e-05,1.198664736566681
7.993333622237355e-05,1.1987219754395142
8.004450915175097e-05,1.1987033073696278
8.01556820811284e-05,1.1986662325290098
8.026685501050583e-05,1.1987507125313301
8.037802793988327e-05,1.1987382465575278
8.04892008692607e-05,1.1988252246725875
8.060037379863813e-05,1.1988075653906805
8.071154672801557e-05,1.1988404625450002
8.0822719657393e-05,1.1987995843773998
8.093389258677043e-05,1.1988460807941772
8.104506551614785e-05,1.198818499507725
8.11562384455253e-05,1.1988434390401248
8.126741137490272e-05,1.1989027620062356
8.137858430428015e-05,1.1988852981404043
8.148975723365759e-05,1.1989344580198218
8.160093016303502e-05,1.198954412506781
8.171210309241245e-05,1.198998873882257
8.182327602178988e-05,1.1989643704066812
8.193444895116732e-05,1.199030300994324
8.204562188054475e-05,1.19905540892986
8.215679480992217e-05,1.1990592364231814
8.226796773929961e-05,1.1989911359125722
8.237914066867704e-05,1.1989559765695303
8.249031359805447e-05,1.1989266173171989
8.26014865274319e-05,1.1989837792778026
8.271265945680934e-05,1.1988907491747487
8.282383238618677e-05,1.198873129642558
8.29350053155642e-05,1.1988464374104821
8.304617824494164e-05,1.1988200267406042
8.315735117431907e-05,1.1987468141104811
8.32685241036965e-05,1.1987395036698352
8.337969703307394e-05,1.1986806854100138
8.349086996245136e-05,1.198759704410745
8.360204289182879e-05,1.1987539231328428
8.371321582120622e-05,1.1987721980145412
8.382438875058366e-05,1.1987198294040993
8.393556167996109e-05,1.198711088602324
8.404673460933852e-05,1.1987159119587776
8.415790753871596e-05,1.1986665498369418
8.426908046809339e-05,1.1986265000604137
8.438025339747081e-05,1.1986115780030753
8.449142632684824e-05,1.1986273853702574
8.460259925622568e-05,1.1985964585674511
8.471377218560311e-05,1.1985475044727127
8.482494511498054e-05,1.1985121141233082
8.493611804435798e-05,1.198559537168236
8.504729097373541e-05,1.1985392339659684
8.515846390311284e-05,1.1984861246741445
8.526963683249027e-05,1.198370118884367
8.53808097618677e-05,1.1984012215414757
8.549198269124513e-05,1.1983301162884346
8.560315562062256e-05,1.1982953100374625
8.571432855e-05,1.1982553411872883
8.582550147937743e-05,1.1982360079359724
8.593667440875486e-05,1.1981967311846964
8.604784733813229e-05,1.1981733345748977
8.615902026750973e-05,1.1981215239226644
8.627019319688716e-05,1.1980923531968222
8.638136612626459e-05,1.1980137097584034
8.649253905564203e-05,1.198033266385549
8.660371198501945e-05,1.1980574898680505
8.671488491439688e-05,1.1980213792514418
8.682605784377432e-05,1.1979546366224976
8.693723077315175e-05,1.1979987339973832
8.704840370252918e-05,1.198044086208039
8.715957663190661e-05,1.198018956795103
8.727074956128405e-05,1.1980077525850825
8.738192249066148e-05,1.1979790819880674
8.74930954200389e-05,1.197989670995619
8.760426834941635e-05,1.1979895917210923
8.771544127879378e-05,1.197974973569116
8.78266142081712e-05,1.1979799727034737
8.793778713754863e-05,1.1980059649315293
8.804896006692607e-05,1.1980016203445245
8.81601329963035e-05,1.1980325035947148
8.827130592568093e-05,1.1979712454066673
8.838247885505837e-05,1.1979551736706466
8.84936517844358e-05,1.19790457371431
8.860482471381323e-05,1.1979914573475423
8.871599764319065e-05,1.1979834661207571
8.88271705725681e-05,1.1980061489979599
8.893834350194552e-05,1.1979510893468233
8.904951643132295e-05,1.197971759633347
8.91606893607004e-05,1.1978732799246314
8.927186229007782e-05,1.1978499514925125
8.938303521945525e-05,1.1978444237467505
8.949420814883268e-05,1.1978959026319995
8.960538107821012e-05,1.1978490837120974
8.971655400758755e-05,1.1979868098905786
8.982772693696497e-05,1.1980337774209668
8.993889986634242e-05,1.198071433471032
9.005007279571984e-05,1.1981659058220053
9.016124572509727e-05,1.1981691099006972
9.027241865447471e-05,1.1981120371112337
9.038359158385214e-05,1.1981455529843064
9.049476451322957e-05,1.1980994286358362
9.0605937442607e-05,1.198154054317763
9.071711037198444e-05,1.1981897402196733
9.082828330136187e-05,1.1981982030258587
9.09394562307393e-05,1.1981933879245479
9.105062916011674e-05,1.1981950229459966
9.116180208949416e-05,1.1981043468372548
9.127297501887159e-05,1.198152702248872
9.138414794824902e-05,1.1982155221007849
9.149532087762646e-05,1.1981325599355466
9.160649380700389e-05,1.1981750724671036
9.171766673638132e-05,1.1981169996449759
9.182883966575876e-05,1.1981300484885804
9.194001259513619e-05,1.1980725984398937
9.205118552451362e-05,1.198120407785512
9.216235845389104e-05,1.1980753504533526
9.227353138326848e-05,1.1980786994730748
9.238470431264591e-05,1.1979572587512806
9.249587724202334e-05,1.1979976860930561
9.260705017140078e-05,1.1979243266981863
9.271822310077821e-05,1.1979005442834019
9.282939603015564e-05,1.1978656733977175
9.294056895953307e-05,1.1978618067227085
9.305174188891051e-05,1.1977905427164186
9.316291481828794e-05,1.1978734023873963
9.327408774766536e-05,1.1978239467665928
9.33852606770428e-05,1.1978226380217276
9.349643360642023e-05,1.197825261061505
9.360760653579766e-05,1.1978540411881593
9.37187794651751e-05,1.1978038230480312
9.382995239455253e-05,1.1978043611437288
9.394112532392996e-05,1.1978491843186727
9.405229825330739e-05,1.197816079525698
9.416347118268483e-05,1.1977799909404223
9.427464411206226e-05,1.1977953197443314
9.438581704143968e-05,1.197861393210337
9.449698997081713e-05,1.1978936601342105
9.460816290019455e-05,1.197964402416039
9.471933582957198e-05,1.197928675930117
9.483050875894941e-05,1.1979260200780686
9.494168168832685e-05,1.1977984798376287
9.505285461770428e-05,1.1977958274602687
9.516402754708171e-05,1.1977528434188092
9.527520047645915e-05,1.1976848122537038
9.538637340583658e-05,1.1976835014917164
9.5497546335214e-05,1.197765927924465
9.560871926459143e-05,1.1977058088461097
9.571989219396887e-05,1.1976755393407754
9.58310651233463e-05,1.1976586478181934
9.594223805272373e-05,1.1976707971210998
9.605341098210117e-05,1.1976340427794672
9.61645839114786e-05,1.1975839756619426
9.627575684085603e-05,1.1975526777576564
9.638692977023346e-05,1.19754902304963
9.64981026996109e-05,1.1975345521092429
9.660927562898833e-05,1.1975788462014907
9.672044855836575e-05,1.1975443380024398
9.68316214877432e-05,1.1976171151415143
9.694279441712062e-05,1.1976114745332138
9.705396734649805e-05,1.1976092628244908
9.716514027587548e-05,1.197532013984176
9.727631320525292e-05,1.1975299449854522
9.738748613463035e-05,1.1974409302918494
9.749865906400778e-05,1.1974233801891596
9.760983199338522e-05,1.1974509069209769
9.772100492276265e-05,1.1975054307506474
9.783217785214007e-05,1.1975312706111692
9.794335078151751e-05,1.1975174973035079
9.805452371089494e-05,1.1976090249663587
9.816569664027237e-05,1.1975481752567259
9.82768695696498e-05,1.1975700767151318
9.838804249902724e-05,1.1976043927293232
9.849921542840467e-05,1.1976178320232023
9.86103883577821e-05,1.197668084713369
9.872156128715954e-05,1.1976984653659055
9.883273421653697e-05,1.1976877002967887
9.89439071459144e-05,1.1977714195345408
9.905508007529182e-05,1.1977243654187144
9.916625300466926e-05,1.197740936112033
9.927742593404669e-05,1.1976965144349898
9.938859886342412e-05,1.1977335295842022
9.949977179280156e-05,1.197690430939207
9.961094472217899e-05,1.197755124797534
9.972211765155642e-05,1.1978170399809767
9.983329058093384e-05,1.1977842234228364
9.994446351031129e-05,1.197790310592078
0.00010005563643968871,1.19787977479236
0.00010016680936906614,1.1979005710248554
0.00010027798229844358,1.1979188014275366
0.00010038915522782101,1.1979585148370808
0.00010050032815719844,1.1979921103219662
0.00010061150108657587,1.1980058739862085
0.00010072267401595331,1.1979544010030716
0.00010083384694533074,1.198010802812864
0.00010094501987470817,1.197961235802293
0.0001010561928040856,1.197937635581154
0.00010116736573346303,1.1978876973914874
0.00010127853866284046,1.1978486462956717
0.0001013897115922179,1.197769219801059
0.00010150088452159533,1.1977641230712242
0.00010161205745097276,1.1977112246343204
0.00010172323038035019,1.197746398235599
0.00010183440330972763,1.1976722776105668
0.00010194557623910506,1.1976670690868512
0.00010205674916848249,1.1975590706979893
0.00010216792209785993,1.1975703045383024
0.00010227909502723736,1.1975574973629672
0.00010239026795661478,1.1976087884715163
0.00010250144088599221,1.1976045883264608
0.00010261261381536965,1.1975686474531249
0.00010272378674474708,1.1975633731460458
0.00010283495967412451,1.1975904408650464
0.00010294613260350195,1.19753679554245
0.00010305730553287938,1.1976259568830407
0.0001031684784622568,1.1975765697975043
0.00010327965139163423,1.1975553397958458
0.00010339082432101168,1.1975354086611378
0.0001035019972503891,1.197577157252562
0.00010361317017976653,1.197661122178846
0.00010372434310914397,1.1976753439994836
0.0001038355160385214,1.1976697925836952
0.00010394668896789883,1.197681387055019
0.00010405786189727626,1.1976423246171517
0.0001041690348266537,1.1976403559317457
0.00010428020775603113,1.1976608809160665
0.00010439138068540855,1.1975473870222209
0.000104502553614786,1.1974811072509868
0.00010461372654416342,1.1974463612816129
0.00010472489947354085,1.1973917856929175
0.0001048360724029183,1.197315487743907
0.00010494724533229572,1.197295920674412
0.00010505841826167315,1.1972140659713602
0.00010516959119105058,1.1971427935986159
0.00010528076412042802,1.197121067066652
0.00010539193704980545,1.197152503418824
0.00010550310997918287,1.1970255340713458
0.00010561428290856032,1.197033668527844
0.00010572545583793774,1.1969577531222646
0.00010583662876731517,1.1969393370384773
0.0001059478016966926,1.196925980300282
0.00010605897462607004,1.1969678114921933
0.00010617014755544747,1.1969485639662538
0.0001062813204848249,1.196973909919922
0.00010639249341420234,1.196918141087009
0.00010650366634357977,1.1969547828208331
0.0001066148392729572,1.1969237101899262
0.00010672601220233462,1.1968450417053247
0.00010683718513171206,1.1968477137802387
0.00010694835806108949,1.1968594649158826
0.00010705953099046692,1.1968021168723573
0.00010717070391984436,1.1968053208354879
0.00010728187684922179,1.196802708586143
0.00010739304977859922,1.1967822413954974
0.00010750422270797665,1.1967713144897796
0.00010761539563735409,1.196781115497291
0.00010772656856673152,1.1968386652421947
0.00010783774149610894,1.1968185131398332
0.00010794891442548639,1.1968298764244003
0.00010806008735486381,1.1967624976212115
0.00010817126028424124,1.1967687591716194
0.00010828243321361867,1.1967396392845673
0.00010839360614299611,1.1968001127135182
0.00010850477907237354,1.196788047672066
0.00010861595200175097,1.1968259698838686
0.00010872712493112841,1.1968000293316272
0.00010883829786050584,1.1968642263546003
0.00010894947078988326,1.1968269430972645
0.0001090606437192607,1.1968954096501967
0.00010917181664863813,1.196877024759251
0.00010928298957801556,1.1969457961056917
0.00010939416250739299,1.1969632719710095
0.00010950533543677043,1.1969710065984656
0.00010961650836614786,1.1969701017493655
0.00010972768129552529,1.1970445336245124
0.00010983885422490273,1.1970454421293444
0.00010995002715428016,1.197100965845342
0.00011006120008365758,1.19715763797793
0.00011017237301303501,1.1972168163065158
0.00011028354594241245,1.1973289672068292
0.00011039471887178988,1.1973534248167021
0.00011050589180116731,1.197445702949541
0.00011061706473054475,1.197389863845315
0.00011072823765992218,1.1974649899273164
0.00011083941058929961,1.1974999237181576
0.00011095058351867704,1.1974587373893357
0.00011106175644805448,1.1974869045406138
0.0001111729293774319,1.1974987477938697
0.00011128410230680933,1.1973971920409023
0.00011139527523618677,1.1974617698043697
0.0001115064481655642,1.1974222892422384
0.00011161762109494163,1.1974890979229786
0.00011172879402431906,1.1974378215999701
0.0001118399669536965,1.1974482231398382
0.00011195113988307393,1.1974576524889369
0.00011206231281245136,1.1974606222527098
0.0001121734857418288,1.1974792717862306
0.00011228465867120623,1.1974973512393827
0.00011239583160058365,1.1974186210545772
0.0001125070045299611,1.1974611235336188
0.00011261817745933852,1.1974608905120299
0.00011272935038871595,1.1975384391804713
0.00011284052331809338,1.1975098315171087
0.00011295169624747082,1.1975700303497323
0.00011306286917684825,1.1975362684368356
0.00011317404210622568,1.197613971537013
0.00011328521503560312,1.1976146740509583
0.00011339638796498055,1.1976247672701945
0.00011350756089435797,1.1976287015293825
0.0001136187338237354,1.1975688311058237
0.00011372990675311284,1.1975813120900696
0.00011384107968249027,1.1975971071720906
0.0001139522526118677,1.1976110978755696
0.00011406342554124514,1.1975532055906952
0.00011417459847062257,1.1975598440218744
0.0001142857714,1.1974876992022263
0.00011439694432937742,1.1975620162548035
0.00011450811725875487,1.1975377724341805
0.0001146192901881323,1.1975346311002375
0.00011473046311750972,1.1974651927061084
0.00011484163604688716,1.1973832586011055
0.00011495280897626459,1.1972866253606544
0.00011506398190564202,1.1973251054852685
0.00011517515483501945,1.1972517588145155
0.00011528632776439689,1.1973012595806747
0.00011539750069377432,1.1972573419709736
0.00011550867362315174,1.1973173321651716
0.00011561984655252919,1.1972838146544829
0.00011573101948190661,1.1973763848258647
0.00011584219241128404,1.1972717837626683
0.00011595336534066148,1.1972920658216866
0.00011606453827003891,1.1973452784661753
0.00011617571119941634,1.1974533612473477
0.00011628688412879377,1.1974816915502695
0.00011639805705817121,1.19753340645932
0.00011650922998754864,1.1975548961969815
0.00011662040291692607,1.1975632449700542
0.0001167315758463035,1.1976289317065676
0.00011684274877568093,1.1976522773309908
0.00011695392170505836,1.1976614831074108
0.00011706509463443579,1.1976351542909547
0.00011717626756381323,1.1976728237612129
0.00011728744049319066,1.197599680977204
0.00011739861342256809,1.197570226984568
0.00011750978635194553,1.1975273041280239
0.00011762095928132296,1.1975345939605095
0.00011773213221070039,1.1975053460391023
0.00011784330514007781,1.1974881185077646
0.00011795447806945526,1.197438338458488
0.00011806565099883268,1.1973876622175792
0.00011817682392821011,1.1973544040696296
0.00011828799685758755,1.197351467400052
0.00011839916978696498,1.1972774085315534
0.00011851034271634241,1.1973138292127927
0.00011862151564571984,1.1972753958484887
0.00011873268857509728,1.1972985198296378
0.0001188438615044747,1.197260273249601
0.00011895503443385213,1.197271046118959
0.00011906620736322958,1.1972332381002937
0.000119177380292607,1.1972764461130616
0.00011928855322198443,1.1972709171033444
0.00011939972615136187,1.1973422751003462
0.0001195108990807393,1.1973369388363966
0.00011962207201011673,1.197382318507843
0.00011973324493949416,1.197388765870817
0.0001198444178688716,1.1974687461188178
0.00011995559079824903,1.197555760788694
0.00012006676372762645,1.1976089982483435
0.0001201779366570039,1.1976080155211895
0.00012028910958638132,1.1976644305614648
0.00012040028251575875,1.1977357175605003
0.00012051145544513618,1.1976896913971267
0.00012062262837451362,1.197745987561499
0.00012073380130389105,1.1977961642758752
0.00012084497423326848,1.1978614829891212
0.00012095614716264592,1.1978590514211858
0.00012106732009202335,1.1978841860899516
0.00012117849302140077,1.197864126014226
0.0001212896659507782,1.1979043343395677
0.00012140083888015564,1.1978561708769975
0.00012151201180953307,1.1978409795676324
0.0001216231847389105,1.1978637792599942
0.00012173435766828794,1.1978080318616038
0.00012184553059766537,1.1978386131510572
0.0001219567035270428,1.1978870274865718
0.00012206787645642023,1.197855585477261
0.00012217904938579765,1.1978972995519912
0.0001222902223151751,1.197851649630243
0.00012240139524455254,1.1978963660050865
0.00012251256817392996,1.1978847038309854
0.0001226237411033074,1.197857636625097
0.00012273491403268482,1.1978645538891888
0.00012284608696206225,1.1978503213995504
0.00012295725989143968,1.1979046686219768
0.00012306843282081713,1.197975208813949
0.00012317960575019456,1.198018251317801
0.000123290778679572,1.198023863455061
0.00012340195160894942,1.1979996001338238
0.00012351312453832684,1.198078760084368
0.00012362429746770427,1.198166207552538
0.0001237354703970817,1.1982581148313165
0.00012384664332645915,1.1982859711821434
0.00012395781625583658,1.1982620677959304
0.000124068989185214,1.1983400418828485
0.00012418016211459144,1.1982796550653447
0.00012429133504396887,1.198337288142873
0.0001244025079733463,1.1982972897809208
0.00012451368090272372,1.1983700485090873
0.00012462485383210118,1.19839132424025
0.0001247360267614786,1.1984088207904928
0.00012484719969085603,1.1984849518002536
0.00012495837262023346,1.1985436085473706
0.0001250695455496109,1.198587089906875
0.00012518071847898832,1.1986522838855325
0.00012529189140836575,1.1987113741173125
0.0001254030643377432,1.1988018991224456
0.00012551423726712063,1.1987986608037247
0.00012562541019649806,1.1988170587095703
0.00012573658312587548,1.1988742495569547
0.0001258477560552529,1.1989183685492681
0.00012595892898463034,1.1989537499234453
0.00012607010191400777,1.1990997606610458
0.00012618127484338522,1.1991488202653766
0.00012629244777276265,1.1992097971100604
0.00012640362070214008,1.1993194788862376
0.0001265147936315175,1.19931083229233
0.00012662596656089494,1.199310049803499
0.00012673713949027236,1.19930538363881
0.0001268483124196498,1.1993326504967015
0.00012695948534902725,1.1993528090516279
0.00012707065827840467,1.1994376526290602
0.0001271818312077821,1.1994187759028954
0.00012729300413715953,1.1994174445462757
0.00012740417706653696,1.1993873432024251
0.00012751534999591439,1.1993944360283124
0.00012762652292529181,1.1993900983773067
0.00012773769585466927,1.1993866812724856
0.0001278488687840467,1.1993659183645657
0.00012796004171342413,1.1993884701859616
0.00012807121464280155,1.1993094926994157
0.00012818238757217898,1.1992941704731555
0.0001282935605015564,1.1993121169910943
0.00012840473343093384,1.1992220700123661
0.0001285159063603113,1.1992180678276012
0.00012862707928968872,1.1992135765484107
0.00012873825221906615,1.199169747153224
0.00012884942514844358,1.1991943819209592
0.000128960598077821,1.199154916997214
0.00012907177100719843,1.1991109944401417
0.0001291829439365759,1.1990504002133584
0.00012929411686595332,1.199113688074692
0.00012940528979533074,1.1990732281526615
0.00012951646272470817,1.1991391081795637
0.0001296276356540856,1.1991425836543195
0.00012973880858346303,1.1991301853517728
0.00012984998151284045,1.1991538970342361
0.0001299611544422179,1.1991423891645037
0.00013007232737159534,1.1991409944393598
0.00013018350030097277,1.1991236999414268
0.0001302946732303502,1.1990752203225763
0.00013040584615972762,1.1990772750628511
0.00013051701908910505,1.199103077877063
0.00013062819201848248,1.1990737429202474
0.00013073936494785993,1.1990616799809215
0.00013085053787723736,1.1990389664439023
0.0001309617108066148,1.1990572691268855
0.00013107288373599222,1.1990073193295923
0.00013118405666536964,1.1989931867841828
0.00013129522959474707,1.1989439010211835
0.0001314064025241245,1.1989536341391502
0.00013151757545350196,1.198838083221559
0.00013162874838287938,1.1988003071561293
0.0001317399213122568,1.1987650234304716
0.00013185109424163424,1.1987858736453572
0.00013196226717101167,1.1987676270780199
0.0001320734401003891,1.1987455846900192
0.00013218461302976652,1.1986827753447802
0.00013229578595914398,1.1986915192532588
0.0001324069588885214,1.198695577600507
0.00013251813181789883,1.198720477129299
0.00013262930474727626,1.1987079037340946
0.0001327404776766537,1.1987384985150873
0.00013285165060603112,1.198635751738871
0.00013296282353540855,1.198686675164902
0.000133073996464786,1.198679435434099
0.00013318516939416343,1.1986437194172652
0.00013329634232354086,1.1986076761878912
0.00013340751525291829,1.1986449370628751
0.00013351868818229571,1.1986332091014549
0.00013362986111167314,1.1986574633754965
0.00013374103404105057,1.1986780617224597
0.00013385220697042802,1.198728658460352
0.00013396337989980545,1.1988038884555494
0.00013407455282918288,1.1988296987140843
0.0001341857257585603,1.1988696937004306
0.00013429689868793774,1.1988144200808448
0.00013440807161731516,1.1988101821148094
0.0001345192445466926,1.198869114317008
0.00013463041747607005,1.198916044232407
0.00013474159040544748,1.1988397768174714
0.0001348527633348249,1.1988316202667992
0.00013496393626420233,1.1987598683486993
0.00013507510919357976,1.198827260255578
0.0001351862821229572,1.1987972713268376
0.00013529745505233462,1.198788346083804
0.00013540862798171207,1.1988426789549926
0.0001355198009110895,1.1988915461725271
0.00013563097384046693,1.1989209630495083
0.00013574214676984435,1.1990143630609864
0.00013585331969922178,1.1990654557588925
0.0001359644926285992,1.1991651895737607
0.00013607566555797667,1.1991505926923742
0.0001361868384873541,1.1991785014318128
0.00013629801141673152,1.199208758346663
0.00013640918434610895,1.199228626506382
0.00013652035727548638,1.1992109852364077
0.0001366315302048638,1.1992295119906744
0.00013674270313424123,1.1992487024824465
0.0001368538760636187,1.1993023848629087
0.00013696504899299612,1.1993056894285927
0.00013707622192237354,1.1993239922924652
0.00013718739485175097,1.1993858380770863
0.0001372985677811284,1.1993597099056112
0.00013740974071050583,1.199363400777994
0.00013752091363988326,1.1993179910815606
0.0001376320865692607,1.1992730271741552
0.00013774325949863814,1.199313507332981
0.00013785443242801557,1.1993698292577946
0.000137965605357393,1.19932491609046
0.00013807677828677042,1.1994420272134574
0.00013818795121614785,1.1994254522159662
0.00013829912414552528,1.1994367391517744
0.00013841029707490273,1.199435432992371
0.00013852147000428016,1.1994272855828565
0.0001386326429336576,1.199418125451526
0.00013874381586303502,1.1994814182462816
0.00013885498879241245,1.199443847079168
0.00013896616172178987,1.1994888568670325
0.0001390773346511673,1.1994193370129067
0.00013918850758054476,1.1994500866997893
0.00013929968050992219,1.199510513501298
0.0001394108534392996,1.1995382215186863
0.00013952202636867704,1.199460640792732
0.00013963319929805447,1.1994816527076144
0.0001397443722274319,1.199384410412233
0.00013985554515680933,1.1993883953128464
0.00013996671808618678,1.1993461996680268
0.0001400778910155642,1.199311063854643
0.00014018906394494164,1.1992135932259953
0.00014030023687431906,1.1992761443054565
0.0001404114098036965,1.1992738604692166
0.00014052258273307392,1.199252701019341
0.00014063375566245135,1.1991959723478078
0.0001407449285918288,1.1991339778805714
0.00014085610152120623,1.1991308669656975
0.00014096727445058366,1.1991111391375542
0.0001410784473799611,1.1991323962594749
0.00014118962030933851,1.1990686284640892
0.00014130079323871594,1.1990839609523163
0.00014141196616809337,1.199010041507537
0.00014152313909747083,1.1990142954293352
0.00014163431202684825,1.1989612684667232
0.00014174548495622568,1.1989663304413871
0.0001418566578856031,1.1988663759114722
0.00014196783081498054,1.1988944156247796
0.00014207900374435797,1.1988327256484395
0.0001421901766737354,1.1988447097395962
0.00014230134960311285,1.198825068383058
0.00014241252253249028,1.1988201441585147
0.0001425236954618677,1.1988684035864057
0.00014263486839124513,1.1989530141297458
0.00014274604132062256,1.198984455922351
0.00014285721425,1.1990354219465715
0.00014296838717937742,1.1990398592039988
0.00014307956010875487,1.1990786215415308
0.0001431907330381323,1.1990617216404298
0.00014330190596750973,1.1991289074359486
0.00014341307889688716,1.199162351758127
0.00014352425182626458,1.19925843728612
0.000143635424755642,1.1992146130360501
0.00014374659768501947,1.1991658343193228
0.0001438577706143969,1.199196115333312
0.00014396894354377432,1.1991562301620087
0.00014408011647315175,1.1991799293858258
0.00014419128940252918,1.1990844796478088
0.0001443024623319066,1.1991548283750917
0.00014441363526128403,1.1991065610190998
0.0001445248081906615,1.199167619017207
0.00014463598112003892,1.199168869707843
0.00014474715404941635,1.1992189178895887
0.00014485832697879377,1.1992145769099523
0.0001449694999081712,1.199307668245907
0.00014508067283754863,1.1992805934266604
0.00014519184576692606,1.1993171278752972
0.0001453030186963035,1.1992971648726443
0.00014541419162568094,1.199340677181988
0.00014552536455505837,1.1994073277011343
0.0001456365374844358,1.199450326410137
0.00014574771041381322,1.1993500268166746
0.00014585888334319065,1.1994806420019728
0.00014597005627256808,1.1994954744005415
0.00014608122920194554,1.199561120724546
0.00014619240213132296,1.199545878440227
0.0001463035750607004,1.1995382165444552
0.00014641474799007782,1.1995495602106117
0.00014652592091945525,1.1996257804839476
0.00014663709384883268,1.1996254839652114
0.0001467482667782101,1.199709956813894
0.00014685943970758756,1.1996970165171645
0.00014697061263696499,1.1997104973803276
0.00014708178556634241,1.1997105162553265
0.00014719295849571984,1.1996518906071953
0.00014730413142509727,1.1996599780743622
0.0001474153043544747,1.1995734104485587
0.00014752647728385213,1.1995306048702323
0.00014763765021322958,1.1994901496129589
0.000147748823142607,1.1994955554618856
0.00014785999607198444,1.1994620741338917
0.00014797116900136187,1.1994874663605861
0.0001480823419307393,1.199482517153346
0.00014819351486011672,1.1995056391596977
0.00014830468778949415,1.1995094961754285
0.0001484158607188716,1.1994815793830393
0.00014852703364824903,1.1994775571150382
0.00014863820657762646,1.199488461955784
0.0001487493795070039,1.199484225953547
0.00014886055243638132,1.199531682741817
0.00014897172536575874,1.1994444118766463
0.00014908289829513617,1.1994640371544762
0.00014919407122451363,1.1994760324550562
0.00014930524415389106,1.1994696005175196
0.00014941641708326848,1.1994319054195635
0.0001495275900126459,1.199453185162007
0.00014963876294202334,1.1999049654569078
0.00014974993587140077,1.2079512468798579
0.0001498611088007782,1.2219331989037305
0.00014997228173015565,1.2364299658362226
0.00015008345465953308,1.249321776560865
0.0001501946275889105,1.2604868825916948
0.00015030580051828793,1.270169910944934
0.00015041697344766536,1.2781744026233055
0.0001505281463770428,1.2846258694644568
0.00015063931930642025,1.2895827952939216
0.00015075049223579767,1.2931385600464438
0.0001508616651651751,1.2951688333252778
0.00015097283809455253,1.2958929217364512
0.00015108401102392996,1.2951875554585182
0.00015119518395330738,1.2932024676940015
0.0001513063568826848,1.2898727614252392
0.00015141752981206227,1.2853637130789282
0.0001515287027414397,1.2795069775951549
0.00015163987567081712,1.2725305723086424
0.00015175104860019455,1.2643449714244845
0.00015186222152957198,1.2551359422494606
0.0001519733944589494,1.244778530835529
0.00015208456738832684,1.2333837325614259
0.0001521957403177043,1.2209491617167199
0.00015230691324708172,1.2075156793395916
0.00015241808617645915,1.193193856176365
0.00015252925910583657,1.177928879782136
0.000152640432035214,1.161843212936932
0.00015275160496459143,1.1449022784889902
0.00015286277789396886,1.1271493693803776
0.00015297395082334631,1.1085903373259816
0.00015308512375272374,1.0893695344978978
0.00015319629668210117,1.069379235617047
0.0001533074696114786,1.0487818751538154
0.00015341864254085603,1.0274924890112311
0.00015352981547023345,1.0056599408212852
0.00015364098839961088,0.9832294856483794
0.00015375216132898834,0.9602491814296604
0.00015386333425836576,0.9367210793013843
0.0001539745071877432,0.9127990363907799
0.00015408568011712062,0.8884376184634176
0.00015419685304649805,0.8637452002216711
0.00015430802597587548,0.8386090354869531
0.0001544191989052529,0.8132291353267246
0.00015453037183463036,0.7874732099799392
0.0001546415447640078,0.7615291078284813
0.00015475271769338522,0.7352906267569943
0.00015486389062276264,0.709003010332105
0.00015497506355214007,0.682522697431557
0.0001550862364815175,0.6559333616685581
0.00015519740941089493,0.6292580063968912
0.00015530858234027238,0.6025910447129089
0.0001554197552696498,0.575962398618004
0.00015553092819902724,0.5492457565491433
0.00015564210112840467,0.5227297005828175
0.0001557532740577821,0.49623277155211515
0.00015586444698715952,0.4698510591189904
0.00015597561991653695,0.44368795963922136
0.0001560867928459144,0.4176915357699029
0.00015619796577529183,0.3919124762108895
0.00015630913870466926,0.36645647346518534
0.0001564203116340467,0.34125027632078275
0.00015653148456342412,0.3164590296759423
0.00015664265749280155,0.29198183081774337
0.00015675383042217897,0.2679238718613414
0.00015686500335155643,0.24434593096274512
0.00015697617628093386,0.2213294199163481
0.00015708734921031128,0.19865108147993915
0.0001571985221396887,0.17665847207091287
0.00015730969506906614,0.15521626961105303
0.00015742086799844357,0.13444181441047537
0.000157532040927821,0.11429496501504796
0.00015764321385719845,0.09487399718125035
0.00015775438678657588,0.07610890882889224
0.0001578655597159533,0.058156425863140834
0.00015797673264533074,0.04092534066855377
0.00015808790557470816,0.02462491243738576
0.0001581990785040856,0.009092114106010643
0.00015831025143346305,-0.005471051229956804
0.00015842142436284047,-0.0190928576003528
0.0001585325972922179,-0.03171595071097373
0.00015864377022159533,-0.04330550473107931
0.00015875494315097276,-0.053884153613730994
0.00015886611608035019,-0.06338625160773632
0.00015897728900972761,-0.0717462064286398
0.00015908846193910507,-0.07898290869040987
0.0001591996348684825,-0.085028380666521
0.00015931080779785993,-0.0898848939179727
0.00015942198072723735,-0.0934822541674688
0.00015953315365661478,-0.09579220261134287
0.0001596443265859922,-0.09674984680466313
0.00015975549951536964,-0.09637495271438959
0.0001598666724447471,-0.09458885791427583
0.00015997784537412452,-0.09138079020338907
0.00016008901830350195,-0.08674664354498067
0.00016020019123287938,-0.08051005117975941
0.0001603113641622568,-0.07282524766357606
0.00016042253709163423,-0.06353456239457966
0.00016053371002101166,-0.05275104073775553
0.00016064488295038912,-0.04024057921182357
0.00016075605587976654,-0.02611544203992249
0.00016086722880914397,-0.010707093004888216
0.0001609784017385214,-0.002084484592873782
0.00016108957466789883,-1.1019081177807387e-05
0.00016120074759727626,-1.2399668718813997e-05
0.00016131192052665368,-1.3808721982315587e-05
0.00016142309345603114,0.0
0.00016153426638540857,0.0
0.000161645439314786,0.0
0.00016175661224416342,0.0
0.00016186778517354085,0.0
0.00016197895810291828,0.0
0.0001620901310322957,0.0
0.00016220130396167316,0.0
0.0001623124768910506,0.0
0.00016242364982042802,0.0
0.00016253482274980544,0.0
0.00016264599567918287,0.0
0.0001627571686085603,0.0
0.00016286834153793773,0.0
0.00016297951446731518,0.0
0.0001630906873966926,0.0
0.00016320186032607004,0.0
0.00016331303325544747,0.0
0.0001634242061848249,0.0
0.00016353537911420232,0.0
0.00016364655204357975,0.0
0.0001637577249729572,0.0
0.00016386889790233463,0.0
0.00016398007083171206,0.0
0.0001640912437610895,0.0
0.00016420241669046692,0.0
0.00016431358961984435,0.0
0.00016442476254922177,0.0
0.00016453593547859923,0.0
0.00016464710840797666,0.0
0.00016475828133735409,0.0
0.00016486945426673151,0.0
0.00016498062719610894,0.0
0.00016509180012548637,0.0
0.0001652029730548638,0.0
0.00016531414598424125,0.0
0.00016542531891361868,0.0
0.0001655364918429961,0.0
0.00016564766477237354,0.0
0.00016575883770175096,0.0
0.0001658700106311284,0.0
0.00016598118356050585,0.0
0.00016609235648988328,0.0
0.0001662035294192607,0.0
0.00016631470234863813,0.0
0.00016642587527801556,0.0
0.000166537048207393,0.0
0.00016664822113677042,0.0
0.00016675939406614787,0.0
0.0001668705669955253,0.0
0.00016698173992490273,0.0
0.00016709291285428015,0.0
0.00016720408578365758,0.0
0.000167315258713035,0.0
0.00016742643164241244,0.0
0.0001675376045717899,0.0
0.00016764877750116732,0.0
0.00016775995043054475,0.0
0.00016787112335992218,0.0
0.0001679822962892996,0.0
0.00016809346921867703,0.0
0.00016820464214805446,0.0
0.00016831581507743192,0.0
0.00016842698800680934,0.0
0.00016853816093618677,0.0
0.0001686493338655642,0.0
0.00016876050679494163,0.0
0.00016887167972431906,0.0
0.00016898285265369648,0.0
0.00016909402558307394,0.0
0.00016920519851245137,0.0
0.0001693163714418288,0.0
0.00016942754437120622,0.0
0.00016953871730058365,0.0
0.00016964989022996108,0.0
0.0001697610631593385,0.0
0.00016987223608871596,0.0
0.0001699834090180934,0.0
0.00017009458194747082,0.0
0.00017020575487684825,0.0
0.00017031692780622567,0.0
0.0001704281007356031,0.0
0.00017053927366498053,0.0
0.00017065044659435799,0.0
0.0001707616195237354,0.0
0.00017087279245311284,0.0
0.00017098396538249027,0.0
0.0001710951383118677,0.0
0.00017120631124124513,0.0
0.00017131748417062255,0.0
0.0001714286571,0.0
0.00017153983002937744,0.0
0.00017165100295875486,0.0
0.0001717621758881323,0.0
0.00017187334881750972,0.0
0.00017198452174688715,0.0
0.00017209569467626458,0.0
0.00017220686760564203,0.0
0.00017231804053501946,0.0
0.0001724292134643969,0.0
0.00017254038639377432,0.0
0.00017265155932315174,0.0
0.00017276273225252917,0.0
0.00017287390518190663,0.0
0.00017298507811128405,0.0
0.00017309625104066148,0.0
0.0001732074239700389,0.0
0.00017331859689941634,0.0
0.00017342976982879377,0.0
0.0001735409427581712,0.0
0.00017365211568754865,0.0
0.00017376328861692608,0.0
0.0001738744615463035,0.0
0.00017398563447568093,0.0
0.00017409680740505836,0.0
0.0001742079803344358,0.0
0.00017431915326381322,0.0
0.00017443032619319067,0.0
0.0001745414991225681,0.0
0.00017465267205194553,0.0
0.00017476384498132296,0.0
0.00017487501791070038,0.0
0.0001749861908400778,0.0
0.00017509736376945524,0.0
0.0001752085366988327,0.0
0.00017531970962821012,0.0
0.00017543088255758755,0.0
0.00017554205548696498,0.0
0.0001756532284163424,0.0
0.00017576440134571983,0.0
0.00017587557427509726,0.0
0.00017598674720447472,0.0
0.00017609792013385215,0.0
0.00017620909306322957,0.0
0.000176320265992607,0.0
0.00017643143892198443,0.0
0.00017654261185136186,0.0
0.00017665378478073929,0.0
0.00017676495771011674,0.0
0.00017687613063949417,0.0
0.0001769873035688716,0.0
0.00017709847649824902,0.0
0.00017720964942762645,0.0
0.00017732082235700388,0.0
0.0001774319952863813,0.0
0.00017754316821575876,0.0
0.0001776543411451362,0.0
0.00017776551407451362,0.0
0.00017787668700389105,0.0
0.00017798785993326848,0.0
0.0001780990328626459,0.0
0.00017821020579202333,0.0
0.0001783213787214008,0.0
0.00017843255165077821,0.0
0.00017854372458015564,0.0
0.00017865489750953307,0.0
0.0001787660704389105,0.0
0.00017887724336828793,0.0
0.00017898841629766535,0.0
0.0001790995892270428,0.0
0.00017921076215642024,0.0
0.00017932193508579767,0.0
0.0001794331080151751,0.0
0.00017954428094455252,0.0
0.00017965545387392995,0.0
0.00017976662680330738,0.0
0.00017987779973268483,0.0
0.00017998897266206226,0.0
0.0001801001455914397,0.0
0.00018021131852081712,0.0
0.00018032249145019454,0.0
0.00018043366437957197,0.0
0.00018054483730894943,0.0
0.00018065601023832686,0.0
0.00018076718316770428,0.0
0.0001808783560970817,0.0
0.00018098952902645914,0.0
0.00018110070195583657,0.0
0.000181211874885214,0.0
0.00018132304781459145,0.0
0.00018143422074396888,0.0
0.0001815453936733463,0.0
0.00018165656660272373,0.0
0.00018176773953210116,0.0
0.0001818789124614786,0.0
0.00018199008539085602,0.0
0.00018210125832023347,0.0
0.0001822124312496109,0.0
0.00018232360417898833,0.0
0.00018243477710836576,0.0
0.00018254595003774319,0.0
0.0001826571229671206,0.0
0.00018276829589649804,0.0
0.0001828794688258755,0.0
0.00018299064175525292,0.0
0.00018310181468463035,0.0
0.00018321298761400778,0.0
0.0001833241605433852,0.0
0.00018343533347276264,0.0
0.00018354650640214006,0.0
0.00018365767933151752,0.0
0.00018376885226089495,0.0
0.00018388002519027238,0.0
0.0001839911981196498,0.0
0.00018410237104902723,0.0
0.00018421354397840466,0.0
0.0001843247169077821,0.0
0.00018443588983715954,0.0
0.00018454706276653697,0.0
0.0001846582356959144,0.0
0.00018476940862529183,0.0
0.00018488058155466925,0.0
0.00018499175448404668,0.0
0.0001851029274134241,0.0
0.00018521410034280156,0.0
0.000185325273272179,0.0
0.00018543644620155642,0.0
0.00018554761913093385,0.0
0.00018565879206031128,0.0
0.0001857699649896887,0.0
0.00018588113791906613,0.0
0.0001859923108484436,0.0
0.00018610348377782102,0.0
0.00018621465670719844,0.0
0.00018632582963657587,0.0
0.0001864370025659533,0.0
0.00018654817549533073,0.0
0.00018665934842470816,0.0
0.0001867705213540856,0.0
0.00018688169428346304,0.0
0.00018699286721284047,0.0
0.0001871040401422179,0.0
0.00018721521307159532,0.0
0.00018732638600097275,0.0
0.0001874375589303502,0.0
0.00018754873185972763,0.0
0.00018765990478910506,0.0
0.0001877710777184825,0.0
0.00018788225064785992,0.0
0.00018799342357723735,0.0
0.00018810459650661477,0.0
0.00018821576943599223,0.0
0.00018832694236536966,0.0
0.00018843811529474708,0.0
0.0001885492882241245,0.0
0.00018866046115350194,0.0
0.00018877163408287937,0.0
0.0001888828070122568,0.0
0.00018899397994163425,0.0
0.00018910515287101168,0.0
0.0001892163258003891,0.0
0.00018932749872976654,0.0
0.00018943867165914396,0.0
0.0001895498445885214,0.0
0.00018966101751789882,0.0
0.00018977219044727627,0.0
0.0001898833633766537,0.0
0.00018999453630603113,0.0
0.00019010570923540856,0.0
0.00019021688216478599,0.0
0.00019032805509416341,0.0
0.00019043922802354084,0.0
0.0001905504009529183,0.0
0.00019066157388229573,0.0
0.00019077274681167315,0.0
0.00019088391974105058,0.0
0.000190995092670428,0.0
0.00019110626559980544,0.0
0.00019121743852918287,0.0
0.00019132861145856032,0.0
0.00019143978438793775,0.0
0.00019155095731731518,0.0
0.0001916621302466926,0.0
0.00019177330317607003,0.0
0.00019188447610544746,0.0
0.0001919956490348249,0.0
0.00019210682196420234,0.0
0.00019221799489357977,0.0
0.0001923291678229572,0.0
0.00019244034075233463,0.0
0.00019255151368171206,0.0
0.00019266268661108948,0.0
0.0001927738595404669,0.0
0.00019288503246984437,0.0
0.0001929962053992218,0.0
0.00019310737832859922,0.0
0.00019321855125797665,0.0
0.00019332972418735408,0.0
0.0001934408971167315,0.0
0.00019355207004610893,0.0
0.0001936632429754864,0.0
0.00019377441590486382,0.0
0.00019388558883424125,0.0
0.00019399676176361867,0.0
0.0001941079346929961,0.0
0.00019421910762237353,0.0
0.00019433028055175096,0.0
0.0001944414534811284,0.0
0.00019455262641050584,0.0
0.00019466379933988327,0.0
0.0001947749722692607,0.0
0.00019488614519863812,0.0
0.00019499731812801555,0.0
0.000195108491057393,0.0
0.00019521966398677043,0.0
0.00019533083691614786,0.0
0.0001954420098455253,0.0
0.00019555318277490272,0.0
0.00019566435570428015,0.0
0.00019577552863365757,0.0
0.00019588670156303503,0.0
0.00019599787449241246,0.0
0.00019610904742178989,0.0
0.00019622022035116731,0.0
0.00019633139328054474,0.0
0.00019644256620992217,0.0
0.0001965537391392996,0.0
0.00019666491206867705,0.0
0.00019677608499805448,0.0
0.0001968872579274319,0.0
0.00019699843085680934,0.0
0.00019710960378618676,0.0
0.0001972207767155642,0.0
0.00019733194964494162,0.0
0.00019744312257431908,0.0
0.0001975542955036965,0.0
0.00019766546843307393,0.0
0.00019777664136245136,0.0
0.0001978878142918288,0.0
0.00019799898722120622,0.0
0.00019811016015058364,0.0
0.0001982213330799611,0.0
0.00019833250600933853,0.0
0.00019844367893871595,0.0
0.00019855485186809338,0.0
0.0001986660247974708,0.0
0.00019877719772684824,0.0
0.00019888837065622567,0.0
0.00019899954358560312,0.0
0.00019911071651498055,0.0
0.00019922188944435798,0.0
0.0001993330623737354,0.0
0.00019944423530311283,0.0
0.00019955540823249026,0.0
0.0001996665811618677,0.0
0.00019977775409124514,0.0
0.00019988892702062257,0.0
0.00020000009995,0.0
