Time,Amplitude
0.0,0.0
1.111729293774319e-07,0.0
2.223458587548638e-07,0.0
3.3351878813229573e-07,0.0
4.446917175097276e-07,0.0
5.558646468871596e-07,0.0
6.670375762645915e-07,0.0
7.782105056420233e-07,0.0
8.893834350194552e-07,0.0
1.0005563643968871e-06,0.0
1.1117292937743191e-06,0.0
1.222902223151751e-06,0.0
1.334075152529183e-06,0.0
1.4452480819066147e-06,0.0
1.5564210112840467e-06,0.0
1.6675939406614785e-06,0.0
1.7787668700389105e-06,0.0
1.8899397994163425e-06,0.0
2.0011127287937743e-06,0.0
2.112285658171206e-06,0.0
2.2234585875486383e-06,0.0
2.33463151692607e-06,0.0
2.445804446303502e-06,0.0
2.5569773756809336e-06,0.0
2.668150305058366e-06,0.0
2.7793232344357976e-06,0.0
2.8904961638132294e-06,0.0
3.0016690931906616e-06,0.0
3.1128420225680934e-06,0.0
3.224014951945525e-06,0.0
3.335187881322957e-06,0.0
3.446360810700389e-06,0.0
3.557533740077821e-06,0.0
3.6687066694552528e-06,0.0
3.779879598832685e-06,0.0
3.891052528210116e-06,0.0
4.0022254575875485e-06,0.0
4.113398386964981e-06,0.0
4.224571316342412e-06,0.0
4.335744245719844e-06,0.0
4.4469171750972765e-06,0.0
4.558090104474708e-06,0.0
4.66926303385214e-06,0.0
4.780435963229572e-06,0.0
4.891608892607004e-06,0.0
5.002781821984436e-06,0.0
5.113954751361867e-06,0.0
5.2251276807392995e-06,0.0
5.336300610116732e-06,0.0
5.447473539494163e-06,0.0
5.558646468871595e-06,0.0
5.6698193982490274e-06,0.0
5.780992327626459e-06,0.0
5.892165257003891e-06,0.0
6.003338186381323e-06,0.0
6.114511115758755e-06,0.0
6.225684045136187e-06,0.0
6.336856974513619e-06,0.0
6.44802990389105e-06,0.0
6.559202833268483e-06,0.0
6.670375762645914e-06,0.0
6.781548692023346e-06,0.0
6.892721621400778e-06,0.0
7.00389455077821e-06,0.0
7.115067480155642e-06,0.0
7.226240409533074e-06,0.0
7.3374133389105055e-06,0.0
7.448586268287938e-06,0.0
7.55975919766537e-06,0.0
7.670932127042801e-06,0.0
7.782105056420233e-06,0.0
7.893277985797666e-06,0.0
8.004450915175097e-06,0.0
8.115623844552528e-06,0.0
8.226796773929961e-06,0.0
8.337969703307393e-06,0.0
8.449142632684824e-06,0.0
8.560315562062257e-06,0.0
8.671488491439689e-06,0.0
8.78266142081712e-06,0.0
8.893834350194553e-06,0.0
9.005007279571984e-06,0.0
9.116180208949416e-06,0.0
9.227353138326849e-06,0.0
9.33852606770428e-06,0.0
9.449698997081712e-06,0.0
9.560871926459145e-06,0.0
9.672044855836576e-06,0.0
9.783217785214007e-06,0.0
9.89439071459144e-06,0.0
1.0005563643968872e-05,0.0
1.0116736573346303e-05,0.0
1.0227909502723734e-05,0.0
1.0339082432101168e-05,0.0
1.0450255361478599e-05,0.0
1.056142829085603e-05,0.0
1.0672601220233463e-05,0.0
1.0783774149610895e-05,0.0
1.0894947078988326e-05,0.0
1.1006120008365759e-05,0.0
1.111729293774319e-05,0.0
1.1228465867120622e-05,0.0
1.1339638796498055e-05,0.0
1.1450811725875486e-05,0.0
1.1561984655252918e-05,0.0
1.167315758463035e-05,0.0
1.1784330514007782e-05,0.0
1.1895503443385213e-05,0.0
1.2006676372762646e-05,0.0
1.2117849302140078e-05,0.0
1.222902223151751e-05,0.0
1.2340195160894942e-05,0.0
1.2451368090272374e-05,0.0
1.2562541019649805e-05,0.0
1.2673713949027238e-05,0.0
1.278488687840467e-05,0.0
1.28960598077821e-05,0.0
1.3007232737159532e-05,0.0
1.3118405666536965e-05,0.0
1.3229578595914397e-05,0.0
1.3340751525291828e-05,0.0
1.3451924454669261e-05,0.0
1.3563097384046692e-05,0.0
1.3674270313424124e-05,0.0
1.3785443242801557e-05,0.0
1.3896616172178988e-05,0.0
1.400778910155642e-05,0.0
1.4118962030933853e-05,0.0
1.4230134960311284e-05,0.0
1.4341307889688715e-05,0.0
1.4452480819066148e-05,0.0
1.456365374844358e-05,0.0
1.4674826677821011e-05,0.0
1.4785999607198444e-05,0.0
1.4897172536575875e-05,0.0
1.5008345465953307e-05,0.0
1.511951839533074e-05,0.0
1.5230691324708171e-05,0.0
1.5341864254085603e-05,0.0
1.5453037183463034e-05,0.0
1.5564210112840465e-05,0.0
1.56753830422179e-05,0.0
1.578655597159533e-05,0.0
1.5897728900972763e-05,0.0
1.6008901830350194e-05,0.0
1.6120074759727626e-05,0.0
1.6231247689105057e-05,0.0
1.634242061848249e-05,0.0
1.6453593547859923e-05,0.0
1.6564766477237354e-05,0.0
1.6675939406614786e-05,0.0
1.6787112335992217e-05,0.0
1.689828526536965e-05,0.0
1.7009458194747083e-05,0.0
1.7120631124124515e-05,0.0
1.7231804053501946e-05,0.0
1.7342976982879377e-05,0.0
1.745414991225681e-05,0.0
1.756532284163424e-05,0.0
1.767649577101167e-05,0.0
1.7787668700389106e-05,0.0
1.7898841629766537e-05,0.0
1.801001455914397e-05,0.0
1.81211874885214e-05,0.0
1.823236041789883e-05,0.0
1.8343533347276263e-05,0.0
1.8454706276653698e-05,0.0
1.856587920603113e-05,0.0
1.867705213540856e-05,0.0
1.8788225064785992e-05,0.0
1.8899397994163423e-05,0.0
1.9010570923540854e-05,0.0
1.912174385291829e-05,0.0
1.923291678229572e-05,0.0
1.9344089711673152e-05,0.0
1.9455262641050583e-05,0.0
1.9566435570428015e-05,0.0
1.9677608499805446e-05,0.0
1.978878142918288e-05,0.0
1.9899954358560312e-05,0.0
2.0011127287937744e-05,0.0
2.0122300217315175e-05,0.0
2.0233473146692606e-05,0.0
2.0344646076070038e-05,0.0
2.045581900544747e-05,0.0
2.0566991934824904e-05,0.0
2.0678164864202335e-05,0.0
2.0789337793579766e-05,0.0
2.0900510722957198e-05,0.0
2.101168365233463e-05,0.0
2.112285658171206e-05,0.0
2.1234029511089495e-05,0.0
2.1345202440466927e-05,0.0
2.1456375369844358e-05,0.0
2.156754829922179e-05,0.0
2.167872122859922e-05,0.0
2.1789894157976652e-05,0.0
2.1901067087354087e-05,0.0
2.2012240016731518e-05,0.0
2.212341294610895e-05,0.0
2.223458587548638e-05,0.0
2.2345758804863812e-05,0.0
2.2456931734241244e-05,0.0
2.256810466361868e-05,0.0
2.267927759299611e-05,0.0
2.279045052237354e-05,0.0
2.2901623451750973e-05,0.0
2.3012796381128404e-05,0.0
2.3123969310505835e-05,0.0
2.3235142239883267e-05,0.0
2.33463151692607e-05,0.0
2.3457488098638133e-05,0.0
2.3568661028015564e-05,0.0
2.3679833957392995e-05,0.0
2.3791006886770427e-05,0.0
2.3902179816147858e-05,0.0
2.4013352745525293e-05,0.0
2.4124525674902724e-05,0.0
2.4235698604280156e-05,0.0
2.4346871533657587e-05,0.0
2.445804446303502e-05,0.0
2.456921739241245e-05,0.0
2.4680390321789884e-05,0.0
2.4791563251167316e-05,0.0
2.4902736180544747e-05,0.0
2.501390910992218e-05,0.0
2.512508203929961e-05,0.0
2.523625496867704e-05,0.0
2.5347427898054476e-05,0.0
2.5458600827431907e-05,0.0
2.556977375680934e-05,0.0
2.568094668618677e-05,0.0
2.57921196155642e-05,0.0
2.5903292544941633e-05,0.0
2.6014465474319064e-05,0.0
2.61256384036965e-05,0.0
2.623681133307393e-05,0.0
2.634798426245136e-05,0.0
2.6459157191828793e-05,0.0
2.6570330121206224e-05,0.0
2.6681503050583656e-05,0.0
2.679267597996109e-05,0.0
2.6903848909338522e-05,0.0
2.7015021838715953e-05,0.0
2.7126194768093385e-05,0.0
2.7237367697470816e-05,0.0
2.7348540626848247e-05,0.0
2.7459713556225682e-05,0.0
2.7570886485603113e-05,0.0
2.7682059414980545e-05,0.0
2.7793232344357976e-05,0.0
2.7904405273735408e-05,0.0
2.801557820311284e-05,0.0
2.8126751132490274e-05,0.0
2.8237924061867705e-05,0.0
2.8349096991245136e-05,0.0
2.8460269920622568e-05,0.0
2.857144285e-05,0.0
2.868261577937743e-05,0.0
2.8793788708754862e-05,0.0
2.8904961638132297e-05,0.0
2.9016134567509728e-05,0.0
2.912730749688716e-05,0.0
2.923848042626459e-05,0.0
2.9349653355642022e-05,0.0
2.9460826285019453e-05,0.0
2.9571999214396888e-05,0.0
2.968317214377432e-05,0.0
2.979434507315175e-05,0.0
2.9905518002529182e-05,0.0
3.0016690931906614e-05,0.0
3.0127863861284045e-05,0.0
3.023903679066148e-05,0.0
3.035020972003891e-05,0.0
3.0461382649416342e-05,0.0
3.057255557879378e-05,0.0
3.0683728508171205e-05,0.0
3.079490143754864e-05,0.0
3.090607436692607e-05,0.0
3.10172472963035e-05,0.0
3.112842022568093e-05,0.0
3.1239593155058365e-05,0.0
3.13507660844358e-05,0.0
3.146193901381323e-05,0.0
3.157311194319066e-05,0.0
3.168428487256809e-05,0.0
3.1795457801945526e-05,0.0
3.1906630731322954e-05,0.0
3.201780366070039e-05,0.0
3.212897659007782e-05,0.0
3.224014951945525e-05,0.0
3.2351322448832686e-05,0.0
3.2462495378210114e-05,0.0
3.257366830758755e-05,0.0
3.268484123696498e-05,0.0
3.279601416634241e-05,0.0
3.2907187095719846e-05,0.0
3.3018360025097274e-05,0.0
3.312953295447471e-05,0.0
3.324070588385214e-05,0.0
3.335187881322957e-05,0.0
3.3463051742607006e-05,0.0
3.3574224671984434e-05,0.0
3.368539760136187e-05,0.0
3.37965705307393e-05,0.0
3.390774346011673e-05,0.0
3.4018916389494166e-05,0.0
3.4130089318871594e-05,0.0
3.424126224824903e-05,0.0
3.435243517762646e-05,0.0
3.446360810700389e-05,0.0
3.457478103638132e-05,0.0
3.4685953965758755e-05,0.0
3.479712689513619e-05,0.0
3.490829982451362e-05,0.0
3.501947275389105e-05,0.0
3.513064568326848e-05,0.0
3.5241818612645915e-05,0.0
3.535299154202334e-05,0.0
3.546416447140078e-05,0.0
3.557533740077821e-05,0.0
3.568651033015564e-05,0.0
3.5797683259533075e-05,0.0
3.59088561889105e-05,0.0
3.602002911828794e-05,0.0
3.613120204766537e-05,0.0
3.62423749770428e-05,0.0
3.6353547906420235e-05,0.0
3.646472083579766e-05,0.0
3.65758937651751e-05,0.0
3.6687066694552526e-05,0.0
3.679823962392996e-05,0.0
3.6909412553307395e-05,0.0
3.702058548268482e-05,0.0
3.713175841206226e-05,0.0
3.7242931341439686e-05,0.0
3.735410427081712e-05,0.0
3.746527720019455e-05,0.0
3.7576450129571984e-05,0.0
3.768762305894942e-05,0.0
3.7798795988326846e-05,0.0
3.790996891770428e-05,0.0
3.802114184708171e-05,0.0
3.8132314776459144e-05,0.0
3.824348770583658e-05,0.0
3.8354660635214006e-05,0.0
3.846583356459144e-05,0.0
3.857700649396887e-05,0.0
3.8688179423346304e-05,0.0
3.879935235272373e-05,0.0
3.891052528210117e-05,0.0
3.90216982114786e-05,0.0
3.913287114085603e-05,0.0
3.9244044070233464e-05,0.0
3.935521699961089e-05,0.0
3.946638992898833e-05,0.0
3.957756285836576e-05,0.0
3.968873578774319e-05,0.0
3.9799908717120624e-05,0.0
3.991108164649805e-05,0.0
4.002225457587549e-05,0.0
4.0133427505252915e-05,0.0
4.024460043463035e-05,0.0
4.0355773364007785e-05,0.0
4.046694629338521e-05,0.0
4.057811922276265e-05,0.0
4.0689292152140075e-05,0.0
4.080046508151751e-05,0.0
4.091163801089494e-05,0.0
4.102281094027237e-05,0.0
4.113398386964981e-05,0.0
4.1245156799027235e-05,0.0
4.135632972840467e-05,0.0
4.14675026577821e-05,0.0
4.157867558715953e-05,0.0
4.168984851653697e-05,0.0
4.1801021445914396e-05,0.0
4.191219437529183e-05,0.0
4.202336730466926e-05,0.0
4.213454023404669e-05,0.0
4.224571316342412e-05,0.0
4.2356886092801556e-05,0.0
4.246805902217899e-05,0.0
4.257923195155642e-05,0.0
4.269040488093385e-05,0.0
4.280157781031128e-05,0.0
4.2912750739688716e-05,0.0
4.3023923669066144e-05,0.0
4.313509659844358e-05,0.0
4.3246269527821014e-05,0.0
4.335744245719844e-05,0.0
4.3468615386575876e-05,0.0
4.3579788315953304e-05,0.0
4.369096124533074e-05,0.0
4.3802134174708174e-05,0.0
4.39133071040856e-05,0.0
4.4024480033463036e-05,0.0
4.4135652962840464e-05,0.0
4.42468258922179e-05,0.0
4.435799882159533e-05,0.0
4.446917175097276e-05,0.0
4.45803446803502e-05,0.0
4.4691517609727625e-05,0.0
4.480269053910506e-05,0.0
4.491386346848249e-05,0.0
4.502503639785992e-05,0.0
4.513620932723736e-05,0.0
4.5247382256614785e-05,0.0
4.535855518599222e-05,0.0
4.546972811536965e-05,0.0
4.558090104474708e-05,0.0
4.569207397412451e-05,0.0
4.5803246903501945e-05,0.0
4.591441983287938e-05,0.0
4.602559276225681e-05,0.0
4.613676569163424e-05,0.0
4.624793862101167e-05,0.0
4.6359111550389105e-05,0.0
4.647028447976653e-05,0.0
4.658145740914397e-05,0.0
4.66926303385214e-05,0.0
4.680380326789883e-05,0.0
4.6914976197276265e-05,0.0
4.7026149126653693e-05,0.0
4.713732205603113e-05,0.0
4.724849498540856e-05,0.0
4.735966791478599e-05,0.0
4.7470840844163426e-05,0.0
4.7582013773540854e-05,0.0
4.769318670291829e-05,0.0
4.7804359632295716e-05,0.0
4.791553256167315e-05,0.0
4.8026705491050586e-05,0.0
4.8137878420428014e-05,0.0
4.824905134980545e-05,0.0
4.8360224279182877e-05,0.0
4.847139720856031e-05,0.0
4.858257013793774e-05,0.0
4.8693743067315174e-05,0.0
4.880491599669261e-05,0.0
4.891608892607004e-05,0.0
4.902726185544747e-05,0.0
4.91384347848249e-05,0.0
4.9249607714202334e-05,0.0
4.936078064357977e-05,0.0
4.94719535729572e-05,0.0
4.958312650233463e-05,0.0
4.969429943171206e-05,-0.004440229503890923
4.9805472361089494e-05,-0.014258719346706614
4.991664529046692e-05,-0.02603612203184161
5.002781821984436e-05,-0.037970157550204615
5.013899114922179e-05,-0.049197961103275
5.025016407859922e-05,-0.059357097667987156
5.0361337007976655e-05,-0.06818626682336254
5.047250993735408e-05,-0.07566001172338988
5.058368286673152e-05,-0.08168864281540801
5.069485579610895e-05,-0.08625899028600621
5.080602872548638e-05,-0.08947219157942851
5.0917201654863815e-05,-0.09135588102487378
5.102837458424124e-05,-0.09193115186540582
5.113954751361868e-05,-0.09113849676501139
5.1250720442996105e-05,-0.08910903336819942
5.136189337237354e-05,-0.08582501997560034
5.1473066301750975e-05,-0.08132982064793746
5.15842392311284e-05,-0.07562908632661454
5.169541216050584e-05,-0.0688459719941713
5.1806585089883266e-05,-0.060862742218411627
5.19177580192607e-05,-0.051833131662681824
5.202893094863813e-05,-0.04175124128906466
5.214010387801556e-05,-0.03071256960149095
5.2251276807393e-05,-0.018675113593784206
5.2362449736770426e-05,-0.005733240973524988
5.247362266614786e-05,0.008176146162430006
5.258479559552529e-05,0.022899492337765868
5.269596852490272e-05,0.038572666609414885
5.280714145428016e-05,0.05498776758834306
5.2918314383657586e-05,0.07225714451769127
5.302948731303502e-05,0.09017024929953421
5.314066024241245e-05,0.10877865928757802
5.3251833171789884e-05,0.12806038142433407
5.336300610116731e-05,0.14799830307186307
5.3474179030544746e-05,0.16859899794067196
5.358535195992218e-05,0.18975634736014435
5.369652488929961e-05,0.2114225729355826
5.3807697818677044e-05,0.2335365521494799
5.391887074805447e-05,0.25623973802427136
5.4030043677431907e-05,0.27924422384339287
5.4141216606809334e-05,0.3026538843415601
5.425238953618677e-05,0.32642870271007285
5.4363562465564204e-05,0.3506376481627083
5.447473539494163e-05,0.37507109156908347
5.458590832431907e-05,0.3998023827150795
5.4697081253696495e-05,0.4247802124547596
5.480825418307393e-05,0.4499446170669897
5.4919427112451364e-05,0.4752359213733685
5.503060004182879e-05,0.5007241984196219
5.514177297120623e-05,0.526290583669319
5.5252945900583655e-05,0.5518840921745903
5.536411882996109e-05,0.5775681152798056
5.547529175933852e-05,0.6032810012024777
5.558646468871595e-05,0.6288803723911371
5.569763761809339e-05,0.6544888800410048
5.5808810547470815e-05,0.6799526802409056
5.591998347684825e-05,0.7053341222135151
5.603115640622568e-05,0.7304896492414129
5.614232933560311e-05,0.7555349999541956
5.625350226498055e-05,0.780302433384559
5.6364675194357975e-05,0.8047913526358795
5.647584812373541e-05,0.8290205003027372
5.658702105311284e-05,0.8529046920119137
5.669819398249027e-05,0.8763180415455855
5.68093669118677e-05,0.8993854294508418
5.6920539841245135e-05,0.921980560694778
5.703171277062257e-05,0.9441521457275008
5.71428857e-05,0.9657936559367705
5.725405862937743e-05,0.9868271354347844
5.736523155875486e-05,1.0073306970561362
5.7476404488132296e-05,1.0272898772841004
5.7587577417509724e-05,1.0465771470105936
5.769875034688716e-05,1.0651957435341444
5.780992327626459e-05,1.0831099669638613
5.792109620564202e-05,1.1002535173490933
5.8032269135019456e-05,1.1166493022947956
5.8143442064396884e-05,1.1322411409956001
5.825461499377432e-05,1.1469504678050435
5.836578792315175e-05,1.160796623991617
5.847696085252918e-05,1.1737851045665515
5.8588133781906616e-05,1.1858593944364908
5.8699306711284044e-05,1.1969559101183997
5.881047964066148e-05,1.2070164180678316
5.892165257003891e-05,1.216058015759918
5.903282549941634e-05,1.2239901329576448
5.9143998428793776e-05,1.230828779660704
5.9255171358171204e-05,1.2364869977901085
5.936634428754864e-05,1.2409776522453775
5.947751721692607e-05,1.2442441752905704
5.95886901463035e-05,1.2463639348220388
5.9699863075680936e-05,1.2471301138236912
5.9811036005058364e-05,1.2466294888061487
5.99222089344358e-05,1.2447171206262664
6.003338186381323e-05,1.2415283324441255
6.014455479319066e-05,1.236869943601864
6.025572772256809e-05,1.2307791560168984
6.0366900651945525e-05,1.2232060166539518
6.047807358132296e-05,1.2141296041077856
6.058924651070039e-05,1.2035048526379404
6.070041944007782e-05,1.191322735840036
6.081159236945525e-05,1.1774765515917056
6.0922765298832685e-05,1.1669326263507807
6.103393822821011e-05,1.1615862997092405
6.114511115758755e-05,1.1589441311284967
6.125628408696498e-05,1.1575847957995942
6.136745701634241e-05,1.156902410604798
6.147862994571984e-05,1.1565778457907148
6.158980287509728e-05,1.156452909676764
6.170097580447471e-05,1.1564254528501594
6.181214873385214e-05,1.1564102011726556
6.192332166322958e-05,1.156390053798909
6.2034494592607e-05,1.156405538181757
6.214566752198443e-05,1.156479506106942
6.225684045136186e-05,1.1566314418609123
6.23680133807393e-05,1.1567256020940557
6.247918631011673e-05,1.1568456044986584
6.259035923949416e-05,1.156967906667263
6.27015321688716e-05,1.1570084604739725
6.281270509824903e-05,1.1570854067426093
6.292387802762646e-05,1.1572331585260127
6.303505095700388e-05,1.1572610986865601
6.314622388638133e-05,1.1573300548605405
6.325739681575875e-05,1.1573925609699665
6.336856974513618e-05,1.1574908673597537
6.347974267451362e-05,1.1575348088272595
6.359091560389105e-05,1.157627984470641
6.370208853326848e-05,1.1576886454986828
6.381326146264591e-05,1.15778732682791
6.392443439202335e-05,1.1577438904635107
6.403560732140078e-05,1.157825463710871
6.41467802507782e-05,1.1577801758768695
6.425795318015565e-05,1.1578051854110367
6.436912610953307e-05,1.1578001625041432
6.44802990389105e-05,1.1578343095910313
6.459147196828794e-05,1.1578854980577353
6.470264489766537e-05,1.1579118485414548
6.48138178270428e-05,1.1578894480211261
6.492499075642023e-05,1.1578896119425177
6.503616368579767e-05,1.1578936124501817
6.51473366151751e-05,1.1578547985961447
6.525850954455252e-05,1.1578805807022672
6.536968247392997e-05,1.157907797287672
6.54808554033074e-05,1.1578914646743717
6.559202833268482e-05,1.1578714418897305
6.570320126206225e-05,1.1579028230222794
6.581437419143969e-05,1.157941366470524
6.592554712081712e-05,1.1579716997636649
6.603672005019455e-05,1.158018188928585
6.614789297957199e-05,1.158111914152992
6.625906590894942e-05,1.1581621214933784
6.637023883832685e-05,1.1581897997786847
6.648141176770427e-05,1.158248253542789
6.659258469708171e-05,1.15824957290667
6.670375762645914e-05,1.1582827234254869
6.681493055583657e-05,1.1583981845532791
6.692610348521401e-05,1.1584284109844416
6.703727641459144e-05,1.1584756445486244
6.714844934396887e-05,1.1584900321741642
6.72596222733463e-05,1.1585230268070628
6.737079520272374e-05,1.1584609277876057
6.748196813210117e-05,1.158445749071466
6.75931410614786e-05,1.1583754246425249
6.770431399085604e-05,1.1582933776715494
6.781548692023346e-05,1.1582059712282826
6.792665984961089e-05,1.1582145072285486
6.803783277898833e-05,1.158189627557837
6.814900570836576e-05,1.1582541564657707
6.826017863774319e-05,1.1581441877275904
6.837135156712062e-05,1.1581037693407685
6.848252449649806e-05,1.1581177066477726
6.859369742587549e-05,1.1581731213852333
6.870487035525291e-05,1.1581294125984942
6.881604328463036e-05,1.1581566560712342
6.892721621400778e-05,1.158142040858722
6.903838914338521e-05,1.158172990307271
6.914956207276264e-05,1.1581655309606367
6.926073500214008e-05,1.1581669947798285
6.937190793151751e-05,1.158215286306384
6.948308086089494e-05,1.1582951492827824
6.959425379027238e-05,1.1583756496577944
6.97054267196498e-05,1.158367778988674
6.981659964902723e-05,1.1583205092393003
6.992777257840466e-05,1.1583586818279348
7.00389455077821e-05,1.1583914443350045
7.015011843715953e-05,1.1583787529035798
7.026129136653696e-05,1.1583954672511543
7.03724642959144e-05,1.1584154675513247
7.048363722529183e-05,1.1584398010987722
7.059481015466926e-05,1.1584984295274858
7.070598308404669e-05,1.1585844642107326
7.081715601342413e-05,1.1585312306765283
7.092832894280155e-05,1.15857991157395
7.103950187217898e-05,1.1585112499199173
7.115067480155642e-05,1.158574038715446
7.126184773093385e-05,1.1585078145719705
7.137302066031128e-05,1.1585556300187174
7.148419358968871e-05,1.1585732417846712
7.159536651906615e-05,1.1585930686505108
7.170653944844358e-05,1.1585878503477312
7.1817712377821e-05,1.158621781545613
7.192888530719845e-05,1.158571613822726
7.204005823657588e-05,1.1586358331344433
7.21512311659533e-05,1.1585922234227002
7.226240409533074e-05,1.1585901610577993
7.237357702470817e-05,1.1585772113755988
7.24847499540856e-05,1.1585991935299156
7.259592288346303e-05,1.158604576373736
7.270709581284047e-05,1.1587115157279249
7.28182687422179e-05,1.1587139245049327
7.292944167159533e-05,1.158744799157903
7.304061460097277e-05,1.1587682751478132
7.31517875303502e-05,1.1587668579675643
7.326296045972762e-05,1.1587498733513444
7.337413338910505e-05,1.1587829010913873
7.348530631848249e-05,1.1587499219997168
7.359647924785992e-05,1.1587212213676776
7.370765217723735e-05,1.158669095327577
7.381882510661479e-05,1.1586494478075011
7.392999803599222e-05,1.1586745455755396
7.404117096536965e-05,1.1585915922384953
7.415234389474707e-05,1.158546278301802
7.426351682412452e-05,1.158497963378367
7.437468975350194e-05,1.1584542438145673
7.448586268287937e-05,1.1584248586250583
7.459703561225681e-05,1.1584337082319385
7.470820854163424e-05,1.158480609586765
7.481938147101167e-05,1.1585005388182048
7.49305544003891e-05,1.1584313138484106
7.504172732976654e-05,1.1584767385937482
7.515290025914397e-05,1.1584578709516715
7.52640731885214e-05,1.158440927475741
7.537524611789884e-05,1.1583950067457824
7.548641904727626e-05,1.158413572642563
7.559759197665369e-05,1.1584431114884914
7.570876490603113e-05,1.158485239068389
7.581993783540856e-05,1.1584553900565426
7.593111076478599e-05,1.1583691585173785
7.604228369416342e-05,1.1583941849996835
7.615345662354086e-05,1.1584040874026214
7.626462955291829e-05,1.1584371233563167
7.637580248229572e-05,1.1584472162347106
7.648697541167316e-05,1.158472951722947
7.659814834105058e-05,1.1585028477527786
7.670932127042801e-05,1.1586004895507698
7.682049419980544e-05,1.1586263940668298
7.693166712918288e-05,1.1586743431068338
7.704284005856031e-05,1.1587238580560613
7.715401298793774e-05,1.1587309020288339
7.726518591731518e-05,1.1587368123562547
7.737635884669261e-05,1.1587107527538016
7.748753177607004e-05,1.1586638309567658
7.759870470544746e-05,1.1586341861371292
7.77098776348249e-05,1.1586614101012753
7.782105056420233e-05,1.1587113790268662
7.793222349357976e-05,1.158682658014378
7.80433964229572e-05,1.1587113275754326
7.815456935233463e-05,1.158651785194144
7.826574228171206e-05,1.1586382877913737
7.837691521108949e-05,1.15862462592905
7.848808814046693e-05,1.1586782643003761
7.859926106984436e-05,1.1587050944903565
7.871043399922178e-05,1.158695315406666
7.882160692859923e-05,1.1587071912384364
7.893277985797665e-05,1.1587884663400325
7.904395278735408e-05,1.158795391668959
7.915512571673152e-05,1.1588452731828796
7.926629864610895e-05,1.1588251292921545
7.937747157548638e-05,1.1587645823390986
7.948864450486381e-05,1.1588049640760882
7.959981743424125e-05,1.1588910869532805
7.971099036361868e-05,1.1589734917130845
7.98221632929961e-05,1.158981906652847
7.993333622237355e-05,1.1589840480549773
8.004450915175097e-05,1.1589779337118509
8.01556820811284e-05,1.1590092415811966
8.026685501050583e-05,1.1589866300611618
8.037802793988327e-05,1.159036694989702
8.04892008692607e-05,1.1590550972957567
8.060037379863813e-05,1.1590563535237388
8.071154672801557e-05,1.1590755319097696
8.0822719657393e-05,1.1591041956606445
8.093389258677043e-05,1.159063851217804
8.104506551614785e-05,1.159129085896192
8.11562384455253e-05,1.1591194537696383
8.126741137490272e-05,1.1590470842502223
8.137858430428015e-05,1.1590501520701049
8.148975723365759e-05,1.1590715129681173
8.160093016303502e-05,1.1590322031636617
8.171210309241245e-05,1.1590441930119397
8.182327602178988e-05,1.1589824774951736
8.193444895116732e-05,1.1590105937058208
8.204562188054475e-05,1.1590216785545178
8.215679480992217e-05,1.1590834310059615
8.226796773929961e-05,1.1591261621354332
8.237914066867704e-05,1.1591257463445905
8.249031359805447e-05,1.159187284731781
8.26014865274319e-05,1.1591755495043665
8.271265945680934e-05,1.159193605916717
8.282383238618677e-05,1.159195622575871
8.29350053155642e-05,1.159219820348112
8.304617824494164e-05,1.1591440812005878
8.315735117431907e-05,1.159199419782058
8.32685241036965e-05,1.1591072468269008
8.337969703307394e-05,1.1591709192277746
8.349086996245136e-05,1.1592181000468753
8.360204289182879e-05,1.159179633251097
8.371321582120622e-05,1.1592350412993926
8.382438875058366e-05,1.1593341710662635
8.393556167996109e-05,1.1592896367420624
8.404673460933852e-05,1.1593029651409283
8.415790753871596e-05,1.1592948982460083
8.426908046809339e-05,1.1592997444014184
8.438025339747081e-05,1.1592864727408034
8.449142632684824e-05,1.159333175725133
8.460259925622568e-05,1.1593105154808432
8.471377218560311e-05,1.1593369600936072
8.482494511498054e-05,1.159273600044212
8.493611804435798e-05,1.1593604302049025
8.504729097373541e-05,1.1592955339330568
8.515846390311284e-05,1.1593401348607137
8.526963683249027e-05,1.1594480789390202
8.53808097618677e-05,1.1594980074594914
8.549198269124513e-05,1.1596007900403333
8.560315562062256e-05,1.1597124771512068
8.571432855e-05,1.1597206881376703
8.582550147937743e-05,1.1597838171288928
8.593667440875486e-05,1.1598555546143001
8.604784733813229e-05,1.1598821262789276
8.615902026750973e-05,1.1599455259533085
8.627019319688716e-05,1.1599484164459186
8.638136612626459e-05,1.160064054296733
8.649253905564203e-05,1.1601068038918214
8.660371198501945e-05,1.1602068052902779
8.671488491439688e-05,1.160227075444881
8.682605784377432e-05,1.1602647385001807
8.693723077315175e-05,1.1603023504485719
8.704840370252918e-05,1.1604052889756635
8.715957663190661e-05,1.1604820794058808
8.727074956128405e-05,1.1605182532932412
8.738192249066148e-05,1.1605597865616577
8.74930954200389e-05,1.160629318329779
8.760426834941635e-05,1.1606362028591268
8.771544127879378e-05,1.1606841173930553
8.78266142081712e-05,1.1607222138324453
8.793778713754863e-05,1.1607793001977784
8.804896006692607e-05,1.1608174263007762
8.81601329963035e-05,1.1608538239390374
8.827130592568093e-05,1.1608275211525023
8.838247885505837e-05,1.160853719416491
8.84936517844358e-05,1.1608785445674832
8.860482471381323e-05,1.1609322170526633
8.871599764319065e-05,1.160963711771011
8.88271705725681e-05,1.1610911482015385
8.893834350194552e-05,1.1611413692557147
8.904951643132295e-05,1.1611598708818427
8.91606893607004e-05,1.161211939790309
8.927186229007782e-05,1.1611938030374562
8.938303521945525e-05,1.161251119359166
8.949420814883268e-05,1.161322694967665
8.960538107821012e-05,1.1613313108304655
8.971655400758755e-05,1.1612883390054045
8.982772693696497e-05,1.1612792221515051
8.993889986634242e-05,1.1612764761649301
9.005007279571984e-05,1.1613311197502647
9.016124572509727e-05,1.1612878651500989
9.027241865447471e-05,1.1613248901810975
9.038359158385214e-05,1.161364449116295
9.049476451322957e-05,1.1614056152176522
9.0605937442607e-05,1.161424434495684
9.071711037198444e-05,1.161502765205812
9.082828330136187e-05,1.1614154396461394
9.09394562307393e-05,1.161384052314442
9.105062916011674e-05,1.1613394362885687
9.116180208949416e-05,1.161308536296412
9.127297501887159e-05,1.1612607509892052
9.138414794824902e-05,1.161351021504785
9.149532087762646e-05,1.1613339060125478
9.160649380700389e-05,1.1614120043675165
9.171766673638132e-05,1.1614413540535111
9.182883966575876e-05,1.1614618219823925
9.194001259513619e-05,1.1613843490280555
9.205118552451362e-05,1.1613890620137344
9.216235845389104e-05,1.1615063109297328
9.227353138326848e-05,1.1614971621812864
9.238470431264591e-05,1.161507309275087
9.249587724202334e-05,1.1615744402230719
9.260705017140078e-05,1.1616295269363444
9.271822310077821e-05,1.1616040054285774
9.282939603015564e-05,1.1616148483046482
9.294056895953307e-05,1.1616265592203632
9.305174188891051e-05,1.1616660227619344
9.316291481828794e-05,1.1616051255177942
9.327408774766536e-05,1.1615430609816109
9.33852606770428e-05,1.161456816593642
9.349643360642023e-05,1.1614317633535738
9.360760653579766e-05,1.161370118645155
9.37187794651751e-05,1.1613025340617444
9.382995239455253e-05,1.1612812744439431
9.394112532392996e-05,1.1612784305543726
9.405229825330739e-05,1.1612971075990508
9.416347118268483e-05,1.161287635884969
9.427464411206226e-05,1.1613260399914964
9.438581704143968e-05,1.1613414323714089
9.449698997081713e-05,1.1614094919837836
9.460816290019455e-05,1.1614284173273866
9.471933582957198e-05,1.161398243468418
9.483050875894941e-05,1.1615096162338543
9.494168168832685e-05,1.1614792344734137
9.505285461770428e-05,1.1614248070355813
9.516402754708171e-05,1.1613648496113047
9.527520047645915e-05,1.1613836147486603
9.538637340583658e-05,1.1613411737223942
9.5497546335214e-05,1.1613934044625518
9.560871926459143e-05,1.161381205908579
9.571989219396887e-05,1.161408769251587
9.58310651233463e-05,1.1613895591535415
9.594223805272373e-05,1.1614313684224404
9.605341098210117e-05,1.161486440241954
9.61645839114786e-05,1.1614728672210295
9.627575684085603e-05,1.1615920162471913
9.638692977023346e-05,1.1615678887085235
9.64981026996109e-05,1.161564515616196
9.660927562898833e-05,1.1615574985509527
9.672044855836575e-05,1.1616176509985265
9.68316214877432e-05,1.1615511128368008
9.694279441712062e-05,1.161553227513203
9.705396734649805e-05,1.1615516867813025
9.716514027587548e-05,1.1615062170830464
9.727631320525292e-05,1.1614536081375573
9.738748613463035e-05,1.1614802828547892
9.749865906400778e-05,1.1614084939172673
9.760983199338522e-05,1.1614111022492442
9.772100492276265e-05,1.1613477509943921
9.783217785214007e-05,1.161311305416715
9.794335078151751e-05,1.161336463717789
9.805452371089494e-05,1.1614151984866703
9.816569664027237e-05,1.1614555394134678
9.82768695696498e-05,1.1614892125716645
9.838804249902724e-05,1.1615322013156393
9.849921542840467e-05,1.1615893510527762
9.86103883577821e-05,1.1615621741972721
9.872156128715954e-05,1.161604302711162
9.883273421653697e-05,1.161587157224225
9.89439071459144e-05,1.1616125545183889
9.905508007529182e-05,1.1616004522477823
9.916625300466926e-05,1.161588461124459
9.927742593404669e-05,1.1615660877501948
9.938859886342412e-05,1.1615680455043127
9.949977179280156e-05,1.161599926083629
9.961094472217899e-05,1.1616303888111836
9.972211765155642e-05,1.16163948888624
9.983329058093384e-05,1.1616398092626214
9.994446351031129e-05,1.1616301386409218
0.00010005563643968871,1.16156388328634
0.00010016680936906614,1.1615620485087326
0.00010027798229844358,1.1615345887280446
0.00010038915522782101,1.1615630749958339
0.00010050032815719844,1.1615296444153493
0.00010061150108657587,1.1615328646283387
0.00010072267401595331,1.1614717751297718
0.00010083384694533074,1.161530491261359
0.00010094501987470817,1.1614909449099369
0.0001010561928040856,1.1614908860269935
0.00010116736573346303,1.161492090634005
0.00010127853866284046,1.1615505523913792
0.0001013897115922179,1.1616024899327237
0.00010150088452159533,1.1616177311300686
0.00010161205745097276,1.161551149987092
0.00010172323038035019,1.1615660653904214
0.00010183440330972763,1.1616270752719213
0.00010194557623910506,1.1616281766633108
0.00010205674916848249,1.161683417951286
0.00010216792209785993,1.16171762821474
0.00010227909502723736,1.1617232939052107
0.00010239026795661478,1.1618525849784953
0.00010250144088599221,1.1618665127042096
0.00010261261381536965,1.1618106869833498
0.00010272378674474708,1.1619190636766366
0.00010283495967412451,1.161878303495643
0.00010294613260350195,1.1618835983211002
0.00010305730553287938,1.161870253155146
0.0001031684784622568,1.1619662201225212
0.00010327965139163423,1.161943112850301
0.00010339082432101168,1.1619143736164186
0.0001035019972503891,1.1619624903933585
0.00010361317017976653,1.161907246653376
0.00010372434310914397,1.1618628116891234
0.0001038355160385214,1.1618028914154062
0.00010394668896789883,1.1618125658292089
0.00010405786189727626,1.1618635382510212
0.0001041690348266537,1.1618400370101807
0.00010428020775603113,1.161850291311495
0.00010439138068540855,1.1618661092678382
0.000104502553614786,1.161975321772398
0.00010461372654416342,1.1619249759010644
0.00010472489947354085,1.1619909577899927
0.0001048360724029183,1.1620803375954387
0.00010494724533229572,1.1622080816373583
0.00010505841826167315,1.1622518961386352
0.00010516959119105058,1.1623007628587478
0.00010528076412042802,1.1623252943362103
0.00010539193704980545,1.1623674963403245
0.00010550310997918287,1.1623775699077958
0.00010561428290856032,1.1623365691952157
0.00010572545583793774,1.1623462634062005
0.00010583662876731517,1.1623212163946837
0.0001059478016966926,1.1623269251759685
0.00010605897462607004,1.1623528408793753
0.00010617014755544747,1.162384893322117
0.0001062813204848249,1.162377787851808
0.00010639249341420234,1.1624469107840765
0.00010650366634357977,1.1624408217046434
0.0001066148392729572,1.1624544068359681
0.00010672601220233462,1.1624122795018768
0.00010683718513171206,1.1624595887239666
0.00010694835806108949,1.1623932765625666
0.00010705953099046692,1.1624530247364953
0.00010717070391984436,1.1624155187444092
0.00010728187684922179,1.162479339344637
0.00010739304977859922,1.1624983567885878
0.00010750422270797665,1.1624747157563822
0.00010761539563735409,1.1624778410125352
0.00010772656856673152,1.162541910118308
0.00010783774149610894,1.1625822278668552
0.00010794891442548639,1.1625710803464446
0.00010806008735486381,1.1626111833080086
0.00010817126028424124,1.1627063316764124
0.00010828243321361867,1.1626989816159963
0.00010839360614299611,1.162713267064214
0.00010850477907237354,1.1627754794119343
0.00010861595200175097,1.162853691590245
0.00010872712493112841,1.1629782429830993
0.00010883829786050584,1.1630566462324314
0.00010894947078988326,1.1631089819079115
0.0001090606437192607,1.1631755293728263
0.00010917181664863813,1.1632142489713913
0.00010928298957801556,1.1631815039761397
0.00010939416250739299,1.1631779567297826
0.00010950533543677043,1.163151942745708
0.00010961650836614786,1.1631163003048686
0.00010972768129552529,1.1630816082089461
0.00010983885422490273,1.1630986594374524
0.00010995002715428016,1.1630901472903226
0.00011006120008365758,1.1630912562705724
0.00011017237301303501,1.1630611224038134
0.00011028354594241245,1.1630838470126446
0.00011039471887178988,1.1630729948457672
0.00011050589180116731,1.1631363542051074
0.00011061706473054475,1.1630953449426407
0.00011072823765992218,1.1630679475658423
0.00011083941058929961,1.1629889883518074
0.00011095058351867704,1.162961384191163
0.00011106175644805448,1.1629240957961628
0.0001111729293774319,1.162976717679405
0.00011128410230680933,1.162995322577911
0.00011139527523618677,1.1629961095532957
0.0001115064481655642,1.1630445556121811
0.00011161762109494163,1.163056624616162
0.00011172879402431906,1.1630602885603956
0.0001118399669536965,1.1630846470019731
0.00011195113988307393,1.1631129974117669
0.00011206231281245136,1.1630582116011299
0.0001121734857418288,1.1631205139294987
0.00011228465867120623,1.1631149979239443
0.00011239583160058365,1.163101848308946
0.0001125070045299611,1.1631053761319654
0.00011261817745933852,1.1630544673686318
0.00011272935038871595,1.1630469748986907
0.00011284052331809338,1.1630850779342663
0.00011295169624747082,1.163059436749962
0.00011306286917684825,1.1629659602467868
0.00011317404210622568,1.1629159800540079
0.00011328521503560312,1.1628592333163326
0.00011339638796498055,1.1627883327656097
0.00011350756089435797,1.1628123565506854
0.0001136187338237354,1.1627590109165913
0.00011372990675311284,1.162850698312525
0.00011384107968249027,1.1629086291653108
0.0001139522526118677,1.1628870568454603
0.00011406342554124514,1.1628716422894905
0.00011417459847062257,1.1628489402250246
0.0001142857714,1.1628282916755512
0.00011439694432937742,1.162829335358292
0.00011450811725875487,1.1628493720790667
0.0001146192901881323,1.1628639971692185
0.00011473046311750972,1.162832385061444
0.00011484163604688716,1.1629147852948556
0.00011495280897626459,1.1629542843760003
0.00011506398190564202,1.1629880384549238
0.00011517515483501945,1.163037708045543
0.00011528632776439689,1.1630117662102397
0.00011539750069377432,1.1630102983579493
0.00011550867362315174,1.1630104779965433
0.00011561984655252919,1.1629757396605003
0.00011573101948190661,1.1629880997904432
0.00011584219241128404,1.1630182494572079
0.00011595336534066148,1.1630025339802135
0.00011606453827003891,1.1630089342829968
0.00011617571119941634,1.162960191984694
0.00011628688412879377,1.162959786319104
0.00011639805705817121,1.1628847404717924
0.00011650922998754864,1.1628225910976375
0.00011662040291692607,1.1627346864529888
0.0001167315758463035,1.1627417554105945
0.00011684274877568093,1.1627144528419107
0.00011695392170505836,1.1627556184015189
0.00011706509463443579,1.1626973912281588
0.00011717626756381323,1.1626863910656513
0.00011728744049319066,1.1625821742068452
0.00011739861342256809,1.1625729576110402
0.00011750978635194553,1.1625522814903086
0.00011762095928132296,1.162553166415569
0.00011773213221070039,1.162450553134753
0.00011784330514007781,1.162458980995614
0.00011795447806945526,1.162444765111263
0.00011806565099883268,1.1624968727053204
0.00011817682392821011,1.1625785855209505
0.00011828799685758755,1.1625977409143469
0.00011839916978696498,1.1625963585091357
0.00011851034271634241,1.1626058442225313
0.00011862151564571984,1.1626011866394927
0.00011873268857509728,1.162626199941142
0.0001188438615044747,1.1627387062482293
0.00011895503443385213,1.1627009407614415
0.00011906620736322958,1.1627571729776083
0.000119177380292607,1.162712837959919
0.00011928855322198443,1.1627175401558876
0.00011939972615136187,1.1626754146327374
0.0001195108990807393,1.1626534939735258
0.00011962207201011673,1.162603636523909
0.00011973324493949416,1.162572342966401
0.0001198444178688716,1.162539488797468
0.00011995559079824903,1.1624668390702961
0.00012006676372762645,1.1623201553844453
0.0001201779366570039,1.1622863226450513
0.00012028910958638132,1.1622259206787389
0.00012040028251575875,1.1621902847932817
0.00012051145544513618,1.1621754074473643
0.00012062262837451362,1.1621761815162774
0.00012073380130389105,1.1621288396354417
0.00012084497423326848,1.1621690140255658
0.00012095614716264592,1.162108917706604
0.00012106732009202335,1.1620370051662299
0.00012117849302140077,1.1619724643500404
0.0001212896659507782,1.1620204851097191
0.00012140083888015564,1.16199037265241
0.00012151201180953307,1.162007441506625
0.0001216231847389105,1.162002117811252
0.00012173435766828794,1.1619272622134338
0.00012184553059766537,1.161925898856667
0.0001219567035270428,1.161942277820708
0.00012206787645642023,1.162018370915919
0.00012217904938579765,1.1620584701163759
0.0001222902223151751,1.1620720169025505
0.00012240139524455254,1.1620793305602706
0.00012251256817392996,1.1620870833696657
0.0001226237411033074,1.1620943667697092
0.00012273491403268482,1.162119949085289
0.00012284608696206225,1.1620411528013248
0.00012295725989143968,1.1620569731659096
0.00012306843282081713,1.1619989283755239
0.00012317960575019456,1.161940484582759
0.000123290778679572,1.1619086167188428
0.00012340195160894942,1.1618966125188728
0.00012351312453832684,1.1618623470963394
0.00012362429746770427,1.1619230431726832
0.0001237354703970817,1.1618636803660811
0.00012384664332645915,1.1618247484347355
0.00012395781625583658,1.1617586812457263
0.000124068989185214,1.1617817234859826
0.00012418016211459144,1.161759074057788
0.00012429133504396887,1.1618384127798729
0.0001244025079733463,1.1618606601340438
0.00012451368090272372,1.1619327052105424
0.00012462485383210118,1.1619852005565747
0.0001247360267614786,1.162037692965811
0.00012484719969085603,1.1620811845146488
0.00012495837262023346,1.1621347412575667
0.0001250695455496109,1.162137383465403
0.00012518071847898832,1.1621746575385337
0.00012529189140836575,1.1621863701299748
0.0001254030643377432,1.1622663993928048
0.00012551423726712063,1.1623568268507118
0.00012562541019649806,1.162374321837321
0.00012573658312587548,1.1623721301226426
0.0001258477560552529,1.1623959169806628
0.00012595892898463034,1.162338773109573
0.00012607010191400777,1.1623573112443002
0.00012618127484338522,1.1623796913077267
0.00012629244777276265,1.162356421071425
0.00012640362070214008,1.1622797659939652
0.0001265147936315175,1.162259622670986
0.00012662596656089494,1.1623074202880281
0.00012673713949027236,1.1622777239901196
0.0001268483124196498,1.1623512967442091
0.00012695948534902725,1.162229084090832
0.00012707065827840467,1.1622700368524181
0.0001271818312077821,1.162249394622913
0.00012729300413715953,1.1622572883105544
0.00012740417706653696,1.1622117527786937
0.00012751534999591439,1.1621542719621019
0.00012762652292529181,1.1621385425315236
0.00012773769585466927,1.1621530757815504
0.0001278488687840467,1.1622050129692627
0.00012796004171342413,1.1622547793760023
0.00012807121464280155,1.1623002624145715
0.00012818238757217898,1.1623231419721727
0.0001282935605015564,1.1623810202033291
0.00012840473343093384,1.162440498922668
0.0001285159063603113,1.1625331886362031
0.00012862707928968872,1.1625073293278143
0.00012873825221906615,1.1625170704646537
0.00012884942514844358,1.162516071084584
0.000128960598077821,1.1625760603226114
0.00012907177100719843,1.1626209501680684
0.0001291829439365759,1.1626313685692207
0.00012929411686595332,1.1626374991168684
0.00012940528979533074,1.1626016146382336
0.00012951646272470817,1.16258815633408
0.0001296276356540856,1.162605936865531
0.00012973880858346303,1.1626390558032038
0.00012984998151284045,1.1626338782760188
0.0001299611544422179,1.1626059224066931
0.00013007232737159534,1.1625219367247381
0.00013018350030097277,1.1624572943648075
0.0001302946732303502,1.1624035324835584
0.00013040584615972762,1.162337680616913
0.00013051701908910505,1.1623313704762992
0.00013062819201848248,1.1622718147950086
0.00013073936494785993,1.1622963302909384
0.00013085053787723736,1.1622802241504802
0.0001309617108066148,1.1622932930774743
0.00013107288373599222,1.1622034199649227
0.00013118405666536964,1.162263419547879
0.00013129522959474707,1.1623465784021767
0.0001314064025241245,1.1624056597787935
0.00013151757545350196,1.1624177709153343
0.00013162874838287938,1.1624451193645398
0.0001317399213122568,1.1624716278130596
0.00013185109424163424,1.1624594849600745
0.00013196226717101167,1.162524632586709
0.0001320734401003891,1.1624813731071388
0.00013218461302976652,1.1625232373228518
0.00013229578595914398,1.162582204342547
0.0001324069588885214,1.1626120148850823
0.00013251813181789883,1.1625454357378104
0.00013262930474727626,1.1625771636669329
0.0001327404776766537,1.1625298331477667
0.00013285165060603112,1.162493996407294
0.00013296282353540855,1.1624983922139291
0.000133073996464786,1.1625361215184675
0.00013318516939416343,1.1625143207989568
0.00013329634232354086,1.1624712486129904
0.00013340751525291829,1.1623851393184539
0.00013351868818229571,1.162441486393651
0.00013362986111167314,1.1623772645843853
0.00013374103404105057,1.1623640623940406
0.00013385220697042802,1.1623122996299025
0.00013396337989980545,1.162259255439782
0.00013407455282918288,1.1622408563265278
0.0001341857257585603,1.1622054196468026
0.00013429689868793774,1.1621400532083306
0.00013440807161731516,1.1622348066311323
0.0001345192445466926,1.1622779197327395
0.00013463041747607005,1.1623479108409998
0.00013474159040544748,1.1624044198337937
0.0001348527633348249,1.1624067856565459
0.00013496393626420233,1.1623720506118047
0.00013507510919357976,1.1625393182288422
0.0001351862821229572,1.1625980589775253
0.00013529745505233462,1.1625957761086996
0.00013540862798171207,1.1626386130236468
0.0001355198009110895,1.1626599091386751
0.00013563097384046693,1.1626262536686518
0.00013574214676984435,1.162633981377068
0.00013585331969922178,1.1626747072369115
0.0001359644926285992,1.162629206495804
0.00013607566555797667,1.1626436261284572
0.0001361868384873541,1.1626150255270307
0.00013629801141673152,1.162580469078474
0.00013640918434610895,1.162490304735473
0.00013652035727548638,1.162566667511074
0.0001366315302048638,1.1625469950249077
0.00013674270313424123,1.1625264985667618
0.0001368538760636187,1.1625269908087834
0.00013696504899299612,1.1626001071953995
0.00013707622192237354,1.1625513569081263
0.00013718739485175097,1.16263788975829
0.0001372985677811284,1.1625479376419479
0.00013740974071050583,1.1625913108309975
0.00013752091363988326,1.1626528979879458
0.0001376320865692607,1.1627297767163984
0.00013774325949863814,1.1627047506553823
0.00013785443242801557,1.1627469953520284
0.000137965605357393,1.1627997337022964
0.00013807677828677042,1.1627588195585492
0.00013818795121614785,1.1627944542910114
0.00013829912414552528,1.162833186719141
0.00013841029707490273,1.1629235562527536
0.00013852147000428016,1.162950904743115
0.0001386326429336576,1.1629935508403793
0.00013874381586303502,1.1630261446521044
0.00013885498879241245,1.1630852579598923
0.00013896616172178987,1.1631321343469816
0.0001390773346511673,1.1631335775023306
0.00013918850758054476,1.1631249204940142
0.00013929968050992219,1.163150072419707
0.0001394108534392996,1.163135318932429
0.00013952202636867704,1.1631827833410937
0.00013963319929805447,1.1631325499807117
0.0001397443722274319,1.1630588964387465
0.00013985554515680933,1.1630793143497418
0.00013996671808618678,1.1630839914382176
0.0001400778910155642,1.1630498328339642
0.00014018906394494164,1.163097230128493
0.00014030023687431906,1.1630352530263561
0.0001404114098036965,1.1631301564939167
0.00014052258273307392,1.1630785170987399
0.00014063375566245135,1.1631412938363623
0.0001407449285918288,1.163129774233537
0.00014085610152120623,1.1631899621958448
0.00014096727445058366,1.1630958817228663
0.0001410784473799611,1.1631246492393725
0.00014118962030933851,1.1631355149221831
0.00014130079323871594,1.1632122055532097
0.00014141196616809337,1.1633650913941445
0.00014152313909747083,1.1634028944611758
0.00014163431202684825,1.1634787767838497
0.00014174548495622568,1.1635014566860482
0.0001418566578856031,1.1635419794269375
0.00014196783081498054,1.1635640791084636
0.00014207900374435797,1.1636220732309088
0.0001421901766737354,1.1637116136339558
0.00014230134960311285,1.1638169880746865
0.00014241252253249028,1.1637716208567175
0.0001425236954618677,1.1637142229717508
0.00014263486839124513,1.1636645339543346
0.00014274604132062256,1.1636932448875112
0.00014285721425,1.163672674742199
0.00014296838717937742,1.1637086782219077
0.00014307956010875487,1.1636525991761386
0.0001431907330381323,1.1636194856797255
0.00014330190596750973,1.1635918671066077
0.00014341307889688716,1.1635796120913038
0.00014352425182626458,1.1635276825036764
0.000143635424755642,1.1635428616560939
0.00014374659768501947,1.1635229025852023
0.0001438577706143969,1.1635060309879182
0.00014396894354377432,1.1634687878008263
0.00014408011647315175,1.1635428516101998
0.00014419128940252918,1.163520069974915
0.0001443024623319066,1.1634981959742436
0.00014441363526128403,1.1634736892235862
0.0001445248081906615,1.1635026399726716
0.00014463598112003892,1.163594096968273
0.00014474715404941635,1.1635923976420346
0.00014485832697879377,1.1636243090018392
0.0001449694999081712,1.1636937411364803
0.00014508067283754863,1.163728472440878
0.00014519184576692606,1.163785861077612
0.0001453030186963035,1.1638261672345385
0.00014541419162568094,1.163893004448311
0.00014552536455505837,1.1640244963555781
0.0001456365374844358,1.1639588414277433
0.00014574771041381322,1.1639569607081028
0.00014585888334319065,1.1639194402352828
0.00014597005627256808,1.1639289641287742
0.00014608122920194554,1.16391653416576
0.00014619240213132296,1.1640041722995904
0.0001463035750607004,1.1637936090219343
0.00014641474799007782,1.1637978250461485
0.00014652592091945525,1.1637622108377217
0.00014663709384883268,1.1638084447209731
0.0001467482667782101,1.1637758603467196
0.00014685943970758756,1.1638320964229243
0.00014697061263696499,1.1638465388086767
0.00014708178556634241,1.1639107718849588
0.00014719295849571984,1.1639444335630889
0.00014730413142509727,1.163995556128684
0.0001474153043544747,1.1639904261938847
0.00014752647728385213,1.1640207314667324
0.00014763765021322958,1.1641270932740255
0.000147748823142607,1.1641350563339365
0.00014785999607198444,1.1641250979682667
0.00014797116900136187,1.164168700634761
0.0001480823419307393,1.164207908616458
0.00014819351486011672,1.164188999789229
0.00014830468778949415,1.1642365199391203
0.0001484158607188716,1.1643216107235046
0.00014852703364824903,1.1644532051465384
0.00014863820657762646,1.1645207981917454
0.0001487493795070039,1.164485527332074
0.00014886055243638132,1.1644647712089926
0.00014897172536575874,1.1645292290668245
0.00014908289829513617,1.1644606119673058
0.00014919407122451363,1.1644546701797904
0.00014930524415389106,1.1644421599426062
0.00014941641708326848,1.1644632003352355
0.0001495275900126459,1.1644211970612015
0.00014963876294202334,1.1650449224444774
0.00014974993587140077,1.1739946764692526
0.0001498611088007782,1.1880725260283438
0.00014997228173015565,1.2020591419619375
0.00015008345465953308,1.214391124259494
0.0001501946275889105,1.2251113743223914
0.00015030580051828793,1.2343079974091422
0.00015041697344766536,1.2419472585024984
0.0001505281463770428,1.2481098484532094
0.00015063931930642025,1.2527896312393676
0.00015075049223579767,1.2560257628596496
0.0001508616651651751,1.2579403013358437
0.00015097283809455253,1.2585047606775412
0.00015108401102392996,1.257721234619942
0.00015119518395330738,1.2556549548630187
0.0001513063568826848,1.2523542080857257
0.00015141752981206227,1.2477855629798862
0.0001515287027414397,1.2421203658672095
0.00015163987567081712,1.235180962396307
0.00015175104860019455,1.227208184890985
0.00015186222152957198,1.2181009761141333
0.0001519733944589494,1.2080007113686857
0.00015208456738832684,1.1968159701793821
0.0001521957403177043,1.1847462516000489
0.00015230691324708172,1.1716537120066042
0.00015241808617645915,1.1576600960819694
0.00015252925910583657,1.1427296555253748
0.000152640432035214,1.1269025652546991
0.00015275160496459143,1.1102979975938192
0.00015286277789396886,1.0929411642813838
0.00015297395082334631,1.0748238992406338
0.00015308512375272374,1.056044926218013
0.00015319629668210117,1.0365278002414033
0.0001533074696114786,1.0163858407919153
0.00015341864254085603,0.9955711441450488
0.00015352981547023345,0.9741957960202519
0.00015364098839961088,0.9523334128020366
0.00015375216132898834,0.9299740174828112
0.00015386333425836576,0.9071355412438096
0.0001539745071877432,0.8838198265152869
0.00015408568011712062,0.8601041266453127
0.00015419685304649805,0.8359773410499337
0.00015430802597587548,0.8115953059847195
0.0001544191989052529,0.7868458672602441
0.00015453037183463036,0.7618739053174173
0.0001546415447640078,0.7366187303502603
0.00015475271769338522,0.7112347915913886
0.00015486389062276264,0.685603082119345
0.00015497506355214007,0.6598969691848787
0.0001550862364815175,0.6340537783873689
0.00015519740941089493,0.6081944742853168
0.00015530858234027238,0.5822224271427819
0.0001554197552696498,0.5563200239859214
0.00015553092819902724,0.5304355652638897
0.00015564210112840467,0.5046591995776657
0.0001557532740577821,0.4789342405477107
0.00015586444698715952,0.4533280844458556
0.00015597561991653695,0.427882498962698
0.0001560867928459144,0.4026777879955229
0.00015619796577529183,0.37763999816203925
0.00015630913870466926,0.35293335877998716
0.0001564203116340467,0.32848508458804354
0.00015653148456342412,0.30441611741718944
0.00015664265749280155,0.2806816655378067
0.00015675383042217897,0.2573553119106663
0.00015686500335155643,0.23454339740813646
0.00015697617628093386,0.2121686513233701
0.00015708734921031128,0.190279867128552
0.0001571985221396887,0.16894157825936842
0.00015730969506906614,0.14819449500942714
0.00015742086799844357,0.1280385989432996
0.000157532040927821,0.10866237416918031
0.00015764321385719845,0.08988547174124731
0.00015775438678657588,0.0718334186619842
0.0001578655597159533,0.0544758101977869
0.00015797673264533074,0.03791797326619209
0.00015808790557470816,0.02217424823481456
0.0001581990785040856,0.007266400766273105
0.00015831025143346305,-0.00680835628443535
0.00015842142436284047,-0.019883355287818354
0.0001585325972922179,-0.032073772071821986
0.00015864377022159533,-0.04322054156684319
0.00015875494315097276,-0.05335839338464968
0.00015886611608035019,-0.062483154612847466
0.00015897728900972761,-0.07052484825364179
0.00015908846193910507,-0.077379849626992
0.0001591996348684825,-0.08314810327238711
0.00015931080779785993,-0.08771712821423042
0.00015942198072723735,-0.0910686432049691
0.00015953315365661478,-0.09312808359003277
0.0001596443265859922,-0.09397596602684442
0.00015975549951536964,-0.09350843452485134
0.0001598666724447471,-0.09171548548472276
0.00015997784537412452,-0.08843566651488116
0.00016008901830350195,-0.08373951888269214
0.00016020019123287938,-0.07758878782488668
0.0001603113641622568,-0.06991323116562691
0.00016042253709163423,-0.06072847868413379
0.00016053371002101166,-0.04995339731198598
0.00016064488295038912,-0.03757333532046205
0.00016075605587976654,-0.023572185782572655
0.00016086722880914397,-0.008670189631361557
0.0001609784017385214,-0.001395509072542296
0.00016108957466789883,0.0
0.00016120074759727626,0.0
0.00016131192052665368,0.0
0.00016142309345603114,0.0
0.00016153426638540857,0.0
0.000161645439314786,0.0
0.00016175661224416342,0.0
0.00016186778517354085,0.0
0.00016197895810291828,0.0
0.0001620901310322957,0.0
0.00016220130396167316,0.0
0.0001623124768910506,0.0
0.00016242364982042802,0.0
0.00016253482274980544,0.0
0.00016264599567918287,0.0
0.0001627571686085603,0.0
0.00016286834153793773,0.0
0.00016297951446731518,0.0
0.0001630906873966926,0.0
0.00016320186032607004,0.0
0.00016331303325544747,0.0
0.0001634242061848249,0.0
0.00016353537911420232,0.0
0.00016364655204357975,0.0
0.0001637577249729572,0.0
0.00016386889790233463,0.0
0.00016398007083171206,0.0
0.0001640912437610895,0.0
0.00016420241669046692,0.0
0.00016431358961984435,0.0
0.00016442476254922177,0.0
0.00016453593547859923,0.0
0.00016464710840797666,0.0
0.00016475828133735409,0.0
0.00016486945426673151,0.0
0.00016498062719610894,0.0
0.00016509180012548637,0.0
0.0001652029730548638,0.0
0.00016531414598424125,0.0
0.00016542531891361868,0.0
0.0001655364918429961,0.0
0.00016564766477237354,0.0
0.00016575883770175096,0.0
0.0001658700106311284,0.0
0.00016598118356050585,0.0
0.00016609235648988328,0.0
0.0001662035294192607,0.0
0.00016631470234863813,0.0
0.00016642587527801556,0.0
0.000166537048207393,0.0
0.00016664822113677042,0.0
0.00016675939406614787,0.0
0.0001668705669955253,0.0
0.00016698173992490273,0.0
0.00016709291285428015,0.0
0.00016720408578365758,0.0
0.000167315258713035,0.0
0.00016742643164241244,0.0
0.0001675376045717899,0.0
0.00016764877750116732,0.0
0.00016775995043054475,0.0
0.00016787112335992218,0.0
0.0001679822962892996,0.0
0.00016809346921867703,0.0
0.00016820464214805446,0.0
0.00016831581507743192,0.0
0.00016842698800680934,0.0
0.00016853816093618677,0.0
0.0001686493338655642,0.0
0.00016876050679494163,0.0
0.00016887167972431906,0.0
0.00016898285265369648,0.0
0.00016909402558307394,0.0
0.00016920519851245137,0.0
0.0001693163714418288,0.0
0.00016942754437120622,0.0
0.00016953871730058365,0.0
0.00016964989022996108,0.0
0.0001697610631593385,0.0
0.00016987223608871596,0.0
0.0001699834090180934,0.0
0.00017009458194747082,0.0
0.00017020575487684825,0.0
0.00017031692780622567,0.0
0.0001704281007356031,0.0
0.00017053927366498053,0.0
0.00017065044659435799,0.0
0.0001707616195237354,0.0
0.00017087279245311284,0.0
0.00017098396538249027,0.0
0.0001710951383118677,0.0
0.00017120631124124513,0.0
0.00017131748417062255,0.0
0.0001714286571,0.0
0.00017153983002937744,0.0
0.00017165100295875486,0.0
0.0001717621758881323,0.0
0.00017187334881750972,0.0
0.00017198452174688715,0.0
0.00017209569467626458,0.0
0.00017220686760564203,0.0
0.00017231804053501946,0.0
0.0001724292134643969,0.0
0.00017254038639377432,0.0
0.00017265155932315174,0.0
0.00017276273225252917,0.0
0.00017287390518190663,0.0
0.00017298507811128405,0.0
0.00017309625104066148,0.0
0.0001732074239700389,0.0
0.00017331859689941634,0.0
0.00017342976982879377,0.0
0.0001735409427581712,0.0
0.00017365211568754865,0.0
0.00017376328861692608,0.0
0.0001738744615463035,0.0
0.00017398563447568093,0.0
0.00017409680740505836,0.0
0.0001742079803344358,0.0
0.00017431915326381322,0.0
0.00017443032619319067,0.0
0.0001745414991225681,0.0
0.00017465267205194553,0.0
0.00017476384498132296,0.0
0.00017487501791070038,0.0
0.0001749861908400778,0.0
0.00017509736376945524,0.0
0.0001752085366988327,0.0
0.00017531970962821012,0.0
0.00017543088255758755,0.0
0.00017554205548696498,0.0
0.0001756532284163424,0.0
0.00017576440134571983,0.0
0.00017587557427509726,0.0
0.00017598674720447472,0.0
0.00017609792013385215,0.0
0.00017620909306322957,0.0
0.000176320265992607,0.0
0.00017643143892198443,0.0
0.00017654261185136186,0.0
0.00017665378478073929,0.0
0.00017676495771011674,0.0
0.00017687613063949417,0.0
0.0001769873035688716,0.0
0.00017709847649824902,0.0
0.00017720964942762645,0.0
0.00017732082235700388,0.0
0.0001774319952863813,0.0
0.00017754316821575876,0.0
0.0001776543411451362,0.0
0.00017776551407451362,0.0
0.00017787668700389105,0.0
0.00017798785993326848,0.0
0.0001780990328626459,0.0
0.00017821020579202333,0.0
0.0001783213787214008,0.0
0.00017843255165077821,0.0
0.00017854372458015564,0.0
0.00017865489750953307,0.0
0.0001787660704389105,0.0
0.00017887724336828793,0.0
0.00017898841629766535,0.0
0.0001790995892270428,0.0
0.00017921076215642024,0.0
0.00017932193508579767,0.0
0.0001794331080151751,0.0
0.00017954428094455252,0.0
0.00017965545387392995,0.0
0.00017976662680330738,0.0
0.00017987779973268483,0.0
0.00017998897266206226,0.0
0.0001801001455914397,0.0
0.00018021131852081712,0.0
0.00018032249145019454,0.0
0.00018043366437957197,0.0
0.00018054483730894943,0.0
0.00018065601023832686,0.0
0.00018076718316770428,0.0
0.0001808783560970817,0.0
0.00018098952902645914,0.0
0.00018110070195583657,0.0
0.000181211874885214,0.0
0.00018132304781459145,0.0
0.00018143422074396888,0.0
0.0001815453936733463,0.0
0.00018165656660272373,0.0
0.00018176773953210116,0.0
0.0001818789124614786,0.0
0.00018199008539085602,0.0
0.00018210125832023347,0.0
0.0001822124312496109,0.0
0.00018232360417898833,0.0
0.00018243477710836576,0.0
0.00018254595003774319,0.0
0.0001826571229671206,0.0
0.00018276829589649804,0.0
0.0001828794688258755,0.0
0.00018299064175525292,0.0
0.00018310181468463035,0.0
0.00018321298761400778,0.0
0.0001833241605433852,0.0
0.00018343533347276264,0.0
0.00018354650640214006,0.0
0.00018365767933151752,0.0
0.00018376885226089495,0.0
0.00018388002519027238,0.0
0.0001839911981196498,0.0
0.00018410237104902723,0.0
0.00018421354397840466,0.0
0.0001843247169077821,0.0
0.00018443588983715954,0.0
0.00018454706276653697,0.0
0.0001846582356959144,0.0
0.00018476940862529183,0.0
0.00018488058155466925,0.0
0.00018499175448404668,0.0
0.0001851029274134241,0.0
0.00018521410034280156,0.0
0.000185325273272179,0.0
0.00018543644620155642,0.0
0.00018554761913093385,0.0
0.00018565879206031128,0.0
0.0001857699649896887,0.0
0.00018588113791906613,0.0
0.0001859923108484436,0.0
0.00018610348377782102,0.0
0.00018621465670719844,0.0
0.00018632582963657587,0.0
0.0001864370025659533,0.0
0.00018654817549533073,0.0
0.00018665934842470816,0.0
0.0001867705213540856,0.0
0.00018688169428346304,0.0
0.00018699286721284047,0.0
0.0001871040401422179,0.0
0.00018721521307159532,0.0
0.00018732638600097275,0.0
0.0001874375589303502,0.0
0.00018754873185972763,0.0
0.00018765990478910506,0.0
0.0001877710777184825,0.0
0.00018788225064785992,0.0
0.00018799342357723735,0.0
0.00018810459650661477,0.0
0.00018821576943599223,0.0
0.00018832694236536966,0.0
0.00018843811529474708,0.0
0.0001885492882241245,0.0
0.00018866046115350194,0.0
0.00018877163408287937,0.0
0.0001888828070122568,0.0
0.00018899397994163425,0.0
0.00018910515287101168,0.0
0.0001892163258003891,0.0
0.00018932749872976654,0.0
0.00018943867165914396,0.0
0.0001895498445885214,0.0
0.00018966101751789882,0.0
0.00018977219044727627,0.0
0.0001898833633766537,0.0
0.00018999453630603113,0.0
0.00019010570923540856,0.0
0.00019021688216478599,0.0
0.00019032805509416341,0.0
0.00019043922802354084,0.0
0.0001905504009529183,0.0
0.00019066157388229573,0.0
0.00019077274681167315,0.0
0.00019088391974105058,0.0
0.000190995092670428,0.0
0.00019110626559980544,0.0
0.00019121743852918287,0.0
0.00019132861145856032,0.0
0.00019143978438793775,0.0
0.00019155095731731518,0.0
0.0001916621302466926,0.0
0.00019177330317607003,0.0
0.00019188447610544746,0.0
0.0001919956490348249,0.0
0.00019210682196420234,0.0
0.00019221799489357977,0.0
0.0001923291678229572,0.0
0.00019244034075233463,0.0
0.00019255151368171206,0.0
0.00019266268661108948,0.0
0.0001927738595404669,0.0
0.00019288503246984437,0.0
0.0001929962053992218,0.0
0.00019310737832859922,0.0
0.00019321855125797665,0.0
0.00019332972418735408,0.0
0.0001934408971167315,0.0
0.00019355207004610893,0.0
0.0001936632429754864,0.0
0.00019377441590486382,0.0
0.00019388558883424125,0.0
0.00019399676176361867,0.0
0.0001941079346929961,0.0
0.00019421910762237353,0.0
0.00019433028055175096,0.0
0.0001944414534811284,0.0
0.00019455262641050584,0.0
0.00019466379933988327,0.0
0.0001947749722692607,0.0
0.00019488614519863812,0.0
0.00019499731812801555,0.0
0.000195108491057393,0.0
0.00019521966398677043,0.0
0.00019533083691614786,0.0
0.0001954420098455253,0.0
0.00019555318277490272,0.0
0.00019566435570428015,0.0
0.00019577552863365757,0.0
0.00019588670156303503,0.0
0.00019599787449241246,0.0
0.00019610904742178989,0.0
0.00019622022035116731,0.0
0.00019633139328054474,0.0
0.00019644256620992217,0.0
0.0001965537391392996,0.0
0.00019666491206867705,0.0
0.00019677608499805448,0.0
0.0001968872579274319,0.0
0.00019699843085680934,0.0
0.00019710960378618676,0.0
0.0001972207767155642,0.0
0.00019733194964494162,0.0
0.00019744312257431908,0.0
0.0001975542955036965,0.0
0.00019766546843307393,0.0
0.00019777664136245136,0.0
0.0001978878142918288,0.0
0.00019799898722120622,0.0
0.00019811016015058364,0.0
0.0001982213330799611,0.0
0.00019833250600933853,0.0
0.00019844367893871595,0.0
0.00019855485186809338,0.0
0.0001986660247974708,0.0
0.00019877719772684824,0.0
0.00019888837065622567,0.0
0.00019899954358560312,0.0
0.00019911071651498055,0.0
0.00019922188944435798,0.0
0.0001993330623737354,0.0
0.00019944423530311283,0.0
0.00019955540823249026,0.0
0.0001996665811618677,0.0
0.00019977775409124514,0.0
0.00019988892702062257,0.0
0.00020000009995,0.0
