Time,Amplitude
0.0,32.92410896288984
1.111729293774319e-07,32.92420209009532
2.223458587548638e-07,32.924286181435264
3.3351878813229573e-07,32.92436157958455
4.446917175097276e-07,32.924428627218056
5.558646468871596e-07,32.92448766701066
6.670375762645915e-07,32.924539041637246
7.782105056420233e-07,32.924583093772696
8.893834350194552e-07,32.924620166091884
1.0005563643968871e-06,32.9246506012697
1.1117292937743191e-06,32.92467474198101
1.222902223151751e-06,32.9246929309007
1.334075152529183e-06,32.92470551070365
1.4452480819066147e-06,32.924712824064756
1.5564210112840467e-06,32.92471521365887
1.6675939406614785e-06,32.924713022160894
1.7787668700389105e-06,32.9247065922457
1.8899397994163425e-06,32.924696266588164
2.0011127287937743e-06,32.92468238786317
2.112285658171206e-06,32.9246652987456
2.2234585875486383e-06,32.924645341910335
2.33463151692607e-06,32.92462286003225
2.445804446303502e-06,32.924598195786224
2.5569773756809336e-06,32.92457169184715
2.668150305058366e-06,32.92454369088989
2.7793232344357976e-06,32.92451453558934
2.8904961638132294e-06,32.92448456862037
3.0016690931906616e-06,32.924454132657864
3.1128420225680934e-06,32.9244235703767
3.224014951945525e-06,32.92439322445176
3.335187881322957e-06,32.92436343755793
3.446360810700389e-06,32.92433455237008
3.557533740077821e-06,32.92430691156309
3.6687066694552528e-06,32.92428085781185
3.779879598832685e-06,32.92425673379123
3.891052528210116e-06,32.924234882176115
4.0022254575875485e-06,32.92421564564138
4.113398386964981e-06,32.92419936686192
4.224571316342412e-06,32.924186388512595
4.335744245719844e-06,32.9241770532683
4.4469171750972765e-06,32.92417170380391
4.558090104474708e-06,32.9241706827943
4.66926303385214e-06,32.92417433291436
4.780435963229572e-06,32.92418299683896
4.891608892607004e-06,32.92419701724299
5.002781821984436e-06,32.92421673680132
5.113954751361867e-06,32.92424249818884
5.2251276807392995e-06,32.92427464408043
5.336300610116732e-06,32.924313517150956
5.447473539494163e-06,32.924359460075316
5.558646468871595e-06,32.92441281552368
5.6698193982490274e-06,32.92551269027976
5.780992327626459e-06,32.926078239566934
5.892165257003891e-06,32.92806307263538
6.003338186381323e-06,32.92855308929057
6.114511115758755e-06,32.927772053781126
6.225684045136187e-06,32.92857162730597
6.336856974513619e-06,32.928333369310934
6.44802990389105e-06,32.92876835206874
6.559202833268483e-06,32.92881800318815
6.670375762645914e-06,32.92967759818534
6.781548692023346e-06,32.929512597404035
6.892721621400778e-06,32.931350046805115
7.00389455077821e-06,32.930061848102966
7.115067480155642e-06,32.92953815673875
7.226240409533074e-06,32.929912368821675
7.3374133389105055e-06,32.9284138092887
7.448586268287938e-06,32.927850069811996
7.55975919766537e-06,32.92909128507936
7.670932127042801e-06,32.92926026252968
7.782105056420233e-06,32.9289351867142
7.893277985797666e-06,32.9292373576807
8.004450915175097e-06,32.92840197198786
8.115623844552528e-06,32.927930947243894
8.226796773929961e-06,32.92794991039198
8.337969703307393e-06,32.9280420302184
8.449142632684824e-06,32.928987278735654
8.560315562062257e-06,32.92987041733693
8.671488491439689e-06,32.930250719979554
8.78266142081712e-06,32.932216682203155
8.893834350194553e-06,32.931132856386135
9.005007279571984e-06,32.93103035039843
9.116180208949416e-06,32.93004019010077
9.227353138326849e-06,32.93058629851489
9.33852606770428e-06,32.93077536943138
9.449698997081712e-06,32.93159990305978
9.560871926459145e-06,32.93166625715317
9.672044855836576e-06,32.93197666216375
9.783217785214007e-06,32.93295647366672
9.89439071459144e-06,32.93274440048472
1.0005563643968872e-05,32.932570703986705
1.0116736573346303e-05,32.932170184155375
1.0227909502723734e-05,32.93220679132398
1.0339082432101168e-05,32.93262721826958
1.0450255361478599e-05,32.93119450074224
1.056142829085603e-05,32.93280766748588
1.0672601220233463e-05,32.93490992534876
1.0783774149610895e-05,32.93345396789981
1.0894947078988326e-05,32.933851690156494
1.1006120008365759e-05,32.93361925415709
1.111729293774319e-05,32.93382169758905
1.1228465867120622e-05,32.93424358374608
1.1339638796498055e-05,32.93521213433548
1.1450811725875486e-05,32.936095489081346
1.1561984655252918e-05,32.936491611085636
1.167315758463035e-05,32.93732361979575
1.1784330514007782e-05,32.93681268641066
1.1895503443385213e-05,32.9373842599813
1.2006676372762646e-05,32.93806833827623
1.2117849302140078e-05,32.93772301222604
1.222902223151751e-05,32.939204852733525
1.2340195160894942e-05,32.94004922075406
1.2451368090272374e-05,32.94206999618587
1.2562541019649805e-05,32.94254578082055
1.2673713949027238e-05,32.94411093786775
1.278488687840467e-05,32.94645932781856
1.28960598077821e-05,32.94864956510739
1.3007232737159532e-05,32.94836211970476
1.3118405666536965e-05,32.94811371573691
1.3229578595914397e-05,32.94736702365606
1.3340751525291828e-05,32.946033519824326
1.3451924454669261e-05,32.944478948204505
1.3563097384046692e-05,32.94328122717948
1.3674270313424124e-05,32.94324607968364
1.3785443242801557e-05,32.94292440681753
1.3896616172178988e-05,32.941764525110656
1.400778910155642e-05,32.94044689431203
1.4118962030933853e-05,32.93980069164555
1.4230134960311284e-05,32.939988828073595
1.4341307889688715e-05,32.93928202856741
1.4452480819066148e-05,32.939132685632096
1.456365374844358e-05,32.938699733567844
1.4674826677821011e-05,32.939060738894646
1.4785999607198444e-05,32.938277573746426
1.4897172536575875e-05,32.93935069499572
1.5008345465953307e-05,32.94081008793156
1.511951839533074e-05,32.94240043817042
1.5230691324708171e-05,32.94398497840371
1.5341864254085603e-05,32.9456331594269
1.5453037183463034e-05,32.946597682441045
1.5564210112840465e-05,32.946986326900834
1.56753830422179e-05,32.946939254877776
1.578655597159533e-05,32.946726034324094
1.5897728900972763e-05,32.94656065229129
1.6008901830350194e-05,32.9451260438348
1.6120074759727626e-05,32.943607060179914
1.6231247689105057e-05,32.94277076556457
1.634242061848249e-05,32.94181531132967
1.6453593547859923e-05,32.941852782816085
1.6564766477237354e-05,32.941404260312574
1.6675939406614786e-05,32.94049066785728
1.6787112335992217e-05,32.94199963101152
1.689828526536965e-05,32.94099762490453
1.7009458194747083e-05,32.942001879665355
1.7120631124124515e-05,32.93992120473286
1.7231804053501946e-05,32.940894351012616
1.7342976982879377e-05,32.939977954949
1.745414991225681e-05,32.938254822897456
1.756532284163424e-05,32.93832423762843
1.767649577101167e-05,32.937888883804874
1.7787668700389106e-05,32.935776743068494
1.7898841629766537e-05,32.93641379213786
1.801001455914397e-05,32.93718026873061
1.81211874885214e-05,32.93590322633129
1.823236041789883e-05,32.936502614598496
1.8343533347276263e-05,32.936335027587674
1.8454706276653698e-05,32.937068569782475
1.856587920603113e-05,32.93824465246623
1.867705213540856e-05,32.94122951146016
1.8788225064785992e-05,32.93852485725987
1.8899397994163423e-05,32.93922573306503
1.9010570923540854e-05,32.93954027417804
1.912174385291829e-05,32.940555484287536
1.923291678229572e-05,32.941622526045975
1.9344089711673152e-05,32.94175881289848
1.9455262641050583e-05,32.940878455581824
1.9566435570428015e-05,32.941659532859795
1.9677608499805446e-05,32.93952677421629
1.978878142918288e-05,32.94056305984289
1.9899954358560312e-05,32.93914890512783
2.0011127287937744e-05,32.93868622661729
2.0122300217315175e-05,32.93762078131173
2.0233473146692606e-05,32.93990022453694
2.0344646076070038e-05,32.9410686028067
2.045581900544747e-05,32.941748246824545
2.0566991934824904e-05,32.940279622138725
2.0678164864202335e-05,32.940578879802814
2.0789337793579766e-05,32.939478743077885
2.0900510722957198e-05,32.93971754149598
2.101168365233463e-05,32.93847963942926
2.112285658171206e-05,32.93750395252477
2.1234029511089495e-05,32.93825753295141
2.1345202440466927e-05,32.93831312779461
2.1456375369844358e-05,32.93883665968492
2.156754829922179e-05,32.93813318772491
2.167872122859922e-05,32.940292639160184
2.1789894157976652e-05,32.94066693634693
2.1901067087354087e-05,32.94075541256584
2.2012240016731518e-05,32.941674286131935
2.212341294610895e-05,32.94328268912054
2.223458587548638e-05,32.944269731789014
2.2345758804863812e-05,32.94648469181831
2.2456931734241244e-05,32.946463175270104
2.256810466361868e-05,32.94672393332651
2.267927759299611e-05,32.94526266928804
2.279045052237354e-05,32.94593420110828
2.2901623451750973e-05,32.946136330890496
2.3012796381128404e-05,32.94759793267209
2.3123969310505835e-05,32.946414579584626
2.3235142239883267e-05,32.94756401649766
2.33463151692607e-05,32.9486196412875
2.3457488098638133e-05,32.94890047319744
2.3568661028015564e-05,32.948525995659914
2.3679833957392995e-05,32.94842945649505
2.3791006886770427e-05,32.94785731384323
2.3902179816147858e-05,32.947210051861454
2.4013352745525293e-05,32.94436932117901
2.4124525674902724e-05,32.9445710116984
2.4235698604280156e-05,32.94326652099159
2.4346871533657587e-05,32.94317304566411
2.445804446303502e-05,32.94432025024226
2.456921739241245e-05,32.944919599679785
2.4680390321789884e-05,32.945555951687844
2.4791563251167316e-05,32.947565438001234
2.4902736180544747e-05,32.94815126709346
2.501390910992218e-05,32.94824933993461
2.512508203929961e-05,32.95007415072354
2.523625496867704e-05,32.95187825022274
2.5347427898054476e-05,32.95272203066487
2.5458600827431907e-05,32.951717740539536
2.556977375680934e-05,32.95444031684804
2.568094668618677e-05,32.95377265874919
2.57921196155642e-05,32.95481744149486
2.5903292544941633e-05,32.954523515152964
2.6014465474319064e-05,32.956011637632734
2.61256384036965e-05,32.95485741014697
2.623681133307393e-05,32.95390585502043
2.634798426245136e-05,32.952127049273436
2.6459157191828793e-05,32.9514540824409
2.6570330121206224e-05,32.95029405949131
2.6681503050583656e-05,32.950185163481756
2.679267597996109e-05,32.94874296055704
2.6903848909338522e-05,32.950274861604925
2.7015021838715953e-05,32.948674203716045
2.7126194768093385e-05,32.948874338053436
2.7237367697470816e-05,32.94819978925278
2.7348540626848247e-05,32.94775806070728
2.7459713556225682e-05,32.947096134878564
2.7570886485603113e-05,32.94818682284466
2.7682059414980545e-05,32.94909000734487
2.7793232344357976e-05,32.948070702295546
2.7904405273735408e-05,32.94878795852468
2.801557820311284e-05,32.94802111222304
2.8126751132490274e-05,32.947549387336316
2.8237924061867705e-05,32.94663159961384
2.8349096991245136e-05,32.94715847498035
2.8460269920622568e-05,32.94624149188229
2.857144285e-05,32.94642625332094
2.868261577937743e-05,32.947029844213034
2.8793788708754862e-05,32.94974683265217
2.8904961638132297e-05,32.94929109630132
2.9016134567509728e-05,32.95279680816238
2.912730749688716e-05,32.952250695532825
2.923848042626459e-05,32.95312515093656
2.9349653355642022e-05,32.95303671864134
2.9460826285019453e-05,32.95472763414432
2.9571999214396888e-05,32.953889452587376
2.968317214377432e-05,32.954157124135655
2.979434507315175e-05,32.95253146246821
2.9905518002529182e-05,32.95128435533796
3.0016690931906614e-05,32.951101427028426
3.0127863861284045e-05,32.95123237678641
3.023903679066148e-05,32.95038902858395
3.035020972003891e-05,32.950280437436845
3.0461382649416342e-05,32.948459604345096
3.057255557879378e-05,32.94862646188683
3.0683728508171205e-05,32.947230507016556
3.079490143754864e-05,32.94566209293248
3.090607436692607e-05,32.94541115295458
3.10172472963035e-05,32.94434226457982
3.112842022568093e-05,32.94583386982322
3.1239593155058365e-05,32.94465141834317
3.13507660844358e-05,32.9454985756908
3.146193901381323e-05,32.94386330295112
3.157311194319066e-05,32.942904392800514
3.168428487256809e-05,32.94134621077924
3.1795457801945526e-05,32.943678509819584
3.1906630731322954e-05,32.94329112976725
3.201780366070039e-05,32.945933717708996
3.212897659007782e-05,32.945738718299715
3.224014951945525e-05,32.94752882789858
3.2351322448832686e-05,32.948742480101075
3.2462495378210114e-05,32.95009326230278
3.257366830758755e-05,32.94996369632452
3.268484123696498e-05,32.95168346102897
3.279601416634241e-05,32.95110083504396
3.2907187095719846e-05,32.95071211128273
3.3018360025097274e-05,32.94838755396453
3.312953295447471e-05,32.94861685703182
3.324070588385214e-05,32.94795071125148
3.335187881322957e-05,32.946855224619156
3.3463051742607006e-05,32.9457043322456
3.3574224671984434e-05,32.942831170909116
3.368539760136187e-05,32.94254706280228
3.37965705307393e-05,32.94130477562352
3.390774346011673e-05,32.94199379453199
3.4018916389494166e-05,32.94125976866673
3.4130089318871594e-05,32.94096620495018
3.424126224824903e-05,32.94148775323754
3.435243517762646e-05,32.94207006231887
3.446360810700389e-05,32.94152870449791
3.457478103638132e-05,32.941285329420374
3.4685953965758755e-05,32.94117676842277
3.479712689513619e-05,32.94141646136326
3.490829982451362e-05,32.94103894711892
3.501947275389105e-05,32.941010018632426
3.513064568326848e-05,32.940810576463754
3.5241818612645915e-05,32.94246061862624
3.535299154202334e-05,32.94174418394002
3.546416447140078e-05,32.94211999412495
3.557533740077821e-05,32.9416954397524
3.568651033015564e-05,32.94242120346397
3.5797683259533075e-05,32.941960996407886
3.59088561889105e-05,32.94363708782476
3.602002911828794e-05,32.94257359918485
3.613120204766537e-05,32.943973504891176
3.62423749770428e-05,32.94373797678466
3.6353547906420235e-05,32.94319131524432
3.646472083579766e-05,32.941873186828865
3.65758937651751e-05,32.94310866982142
3.6687066694552526e-05,32.94199246374997
3.679823962392996e-05,32.94137618843803
3.6909412553307395e-05,32.94154784507263
3.702058548268482e-05,32.94125523271784
3.713175841206226e-05,32.94048651944671
3.7242931341439686e-05,32.94043178388563
3.735410427081712e-05,32.940632913764226
3.746527720019455e-05,32.94021971264453
3.7576450129571984e-05,32.941069425892735
3.768762305894942e-05,32.941545292108316
3.7798795988326846e-05,32.94092298268116
3.790996891770428e-05,32.9407436471653
3.802114184708171e-05,32.94182504592994
3.8132314776459144e-05,32.93993124305263
3.824348770583658e-05,32.941538649429056
3.8354660635214006e-05,32.94036826872702
3.846583356459144e-05,32.94225244573934
3.857700649396887e-05,32.94270916926438
3.8688179423346304e-05,32.944691953268986
3.879935235272373e-05,32.94390359526005
3.891052528210117e-05,32.94432351684701
3.90216982114786e-05,32.94615520449932
3.913287114085603e-05,32.947634512393186
3.9244044070233464e-05,32.94675178853537
3.935521699961089e-05,32.9477928508113
3.946638992898833e-05,32.94747568026506
3.957756285836576e-05,32.9487440891057
3.968873578774319e-05,32.94802542642969
3.9799908717120624e-05,32.949401916998795
3.991108164649805e-05,32.95011390273321
4.002225457587549e-05,32.94933581056455
4.0133427505252915e-05,32.9484454592816
4.024460043463035e-05,32.94699843268782
4.0355773364007785e-05,32.94565724214152
4.046694629338521e-05,32.944139076522085
4.057811922276265e-05,32.94337098221344
4.0689292152140075e-05,32.94282020852104
4.080046508151751e-05,32.94227102649975
4.091163801089494e-05,32.94156652368201
4.102281094027237e-05,32.94208503888759
4.113398386964981e-05,32.94229516358682
4.1245156799027235e-05,32.943912843193985
4.135632972840467e-05,32.94369229976912
4.14675026577821e-05,32.943492565904215
4.157867558715953e-05,32.94381894784507
4.168984851653697e-05,32.94528597635742
4.1801021445914396e-05,32.944892434020986
4.191219437529183e-05,32.94637541961761
4.202336730466926e-05,32.9463419461144
4.213454023404669e-05,32.948834399758425
4.224571316342412e-05,32.94812867593728
4.2356886092801556e-05,32.94799173826859
4.246805902217899e-05,32.948653561142535
4.257923195155642e-05,32.94944413428399
4.269040488093385e-05,32.94747750618214
4.280157781031128e-05,32.948157290280356
4.2912750739688716e-05,32.94808969659867
4.3023923669066144e-05,32.94838163771059
4.313509659844358e-05,32.94680479049964
4.3246269527821014e-05,32.94649169244254
4.335744245719844e-05,32.946416148635755
4.3468615386575876e-05,32.946853094208336
4.3579788315953304e-05,32.94552283813789
4.369096124533074e-05,32.945657105129925
4.3802134174708174e-05,32.945704802894795
4.39133071040856e-05,32.94489063886765
4.4024480033463036e-05,32.94509211296366
4.4135652962840464e-05,32.944843393353
4.42468258922179e-05,32.943431701248805
4.435799882159533e-05,32.943183387329746
4.446917175097276e-05,32.94194458898118
4.45803446803502e-05,32.94165946233887
4.4691517609727625e-05,32.94319466167767
4.480269053910506e-05,32.94505566795117
4.491386346848249e-05,32.945183590398734
4.502503639785992e-05,32.9458243013621
4.513620932723736e-05,32.946025432217375
4.5247382256614785e-05,32.947215625202645
4.535855518599222e-05,32.94844764995488
4.546972811536965e-05,32.947521724350025
4.558090104474708e-05,32.94714717672046
4.569207397412451e-05,32.94766628592543
4.5803246903501945e-05,32.94814539590333
4.591441983287938e-05,32.948554485273846
4.602559276225681e-05,32.94896734667437
4.613676569163424e-05,32.94722021027372
4.624793862101167e-05,32.948689673001134
4.6359111550389105e-05,32.94808916749529
4.647028447976653e-05,32.948303102441734
4.658145740914397e-05,32.94716735420457
4.66926303385214e-05,32.947625032162634
4.680380326789883e-05,32.946430921142245
4.6914976197276265e-05,32.946221636475855
4.7026149126653693e-05,32.94481198810293
4.713732205603113e-05,32.94279029715089
4.724849498540856e-05,32.94200141041444
4.735966791478599e-05,32.94061245270706
4.7470840844163426e-05,32.939961944147015
4.7582013773540854e-05,32.93931223756543
4.769318670291829e-05,32.93967996869589
4.7804359632295716e-05,32.93825705505188
4.791553256167315e-05,32.93860889706548
4.8026705491050586e-05,32.937454719894745
4.8137878420428014e-05,32.93731168816453
4.824905134980545e-05,32.93761249404556
4.8360224279182877e-05,32.93873500767874
4.847139720856031e-05,32.93886230072448
4.858257013793774e-05,32.94050555414392
4.8693743067315174e-05,32.93997862477616
4.880491599669261e-05,32.940185800062565
4.891608892607004e-05,32.93986274577776
4.902726185544747e-05,32.942749633554286
4.91384347848249e-05,32.94169354580142
4.9249607714202334e-05,32.94202998474319
4.936078064357977e-05,32.942335426058264
4.94719535729572e-05,32.94276307260619
4.958312650233463e-05,33.40830595108676
4.969429943171206e-05,33.82481822490565
4.9805472361089494e-05,34.19588602865144
4.991664529046692e-05,34.52067475805743
5.002781821984436e-05,34.80170336669057
5.013899114922179e-05,35.03815784305749
5.025016407859922e-05,35.229881186925276
5.0361337007976655e-05,35.379880609102756
5.047250993735408e-05,35.49120366077181
5.058368286673152e-05,35.56150910073125
5.069485579610895e-05,35.593291689879145
5.080602872548638e-05,35.58517388906515
5.0917201654863815e-05,35.540784901546864
5.102837458424124e-05,35.45903080552482
5.113954751361868e-05,35.342959322080475
5.1250720442996105e-05,35.19251774408746
5.136189337237354e-05,35.01205111598144
5.1473066301750975e-05,34.79892966258178
5.15842392311284e-05,34.55690647902753
5.169541216050584e-05,34.28542682700003
5.1806585089883266e-05,33.98535309967851
5.19177580192607e-05,33.655358522881265
5.202893094863813e-05,33.29951915061747
5.214010387801556e-05,32.91696018461599
5.2251276807393e-05,32.50926477334815
5.2362449736770426e-05,32.07569947929164
5.247362266614786e-05,31.619898739063053
5.258479559552529e-05,31.141657532484526
5.269596852490272e-05,30.64317053984211
5.280714145428016e-05,30.12177091591618
5.2918314383657586e-05,29.58143664172687
5.302948731303502e-05,29.02282268409592
5.314066024241245e-05,28.448048001092616
5.3251833171789884e-05,27.856503783197205
5.336300610116731e-05,27.247448352366437
5.3474179030544746e-05,26.62536187363381
5.358535195992218e-05,25.9912465214606
5.369652488929961e-05,25.344534576358352
5.3807697818677044e-05,24.68588014653923
5.391887074805447e-05,24.019016932907068
5.4030043677431907e-05,23.33952339024593
5.4141216606809334e-05,22.653641568681973
5.425238953618677e-05,21.956771322714054
5.4363562465564204e-05,21.255946300783005
5.447473539494163e-05,20.545591676815754
5.458590832431907e-05,19.832195555321857
5.4697081253696495e-05,19.111558261890504
5.480825418307393e-05,18.391432824033227
5.4919427112451364e-05,17.665915123426796
5.503060004182879e-05,16.94096112669484
5.514177297120623e-05,16.213382009782062
5.5252945900583655e-05,15.48930280499734
5.536411882996109e-05,14.763247380138997
5.547529175933852e-05,14.042541638356013
5.558646468871595e-05,13.323539007734716
5.569763761809339e-05,12.610857566039558
5.5808810547470815e-05,11.901827210823472
5.591998347684825e-05,11.199618632056866
5.603115640622568e-05,10.503884374032703
5.614232933560311e-05,9.8156717112885
5.625350226498055e-05,9.136953378255377
5.6364675194357975e-05,8.468340749995368
5.647584812373541e-05,7.809857084548407
5.658702105311284e-05,7.16215382742579
5.669819398249027e-05,6.52790994631836
5.68093669118677e-05,5.908128925590564
5.6920539841245135e-05,5.3016197982230295
5.703171277062257e-05,4.710505894545159
5.71428857e-05,4.135644415037298
5.725405862937743e-05,3.5780116240296342
5.736523155875486e-05,3.0410037516902655
5.7476404488132296e-05,2.5202536945734955
5.7587577417509724e-05,2.021704598861161
5.769875034688716e-05,1.543731929131748
5.780992327626459e-05,1.0892639701198203
5.792109620564202e-05,0.656080003756023
5.8032269135019456e-05,0.24859810089521758
5.8143442064396884e-05,-0.1354931305834349
5.825461499377432e-05,-0.49151772064865623
5.836578792315175e-05,-0.8205890517563981
5.847696085252918e-05,-1.121592523516932
5.8588133781906616e-05,-1.3947703358264882
5.8699306711284044e-05,-1.637107265002924
5.881047964066148e-05,-1.8497840065565603
5.892165257003891e-05,-2.03095185082529
5.903282549941634e-05,-2.1786648933141626
5.9143998428793776e-05,-2.2919728391731615
5.9255171358171204e-05,-2.3716591841097006
5.936634428754864e-05,-2.415668964847539
5.947751721692607e-05,-2.423758887560137
5.95886901463035e-05,-2.393980044840876
5.9699863075680936e-05,-2.325952937957533
5.9811036005058364e-05,-2.2192166116567713
5.99222089344358e-05,-2.070616589727772
6.003338186381323e-05,-1.8811275453982865
6.014455479319066e-05,-1.649605905868355
6.025572772256809e-05,-1.3764114527680065
6.0366900651945525e-05,-1.0564208010043377
6.047807358132296e-05,-0.692350750048621
6.058924651070039e-05,-0.28198176251441054
6.070041944007782e-05,0.1747550792725863
6.081159236945525e-05,0.16655265886042672
6.0922765298832685e-05,0.15796933034018285
6.103393822821011e-05,0.14900509371185475
6.114511115758755e-05,0.13965994897544237
6.125628408696498e-05,0.12993389613094575
6.136745701634241e-05,0.11982693517836485
6.147862994571984e-05,0.11154389316849164
6.158980287509728e-05,0.10260819643814073
6.170097580447471e-05,0.09373127409075654
6.181214873385214e-05,0.08476885447298206
6.192332166322958e-05,0.0768357367961463
6.2034494592607e-05,0.06910528711447611
6.214566752198443e-05,0.06331207808860874
6.225684045136186e-05,0.05811611060398238
6.23680133807393e-05,0.05314925967307391
6.247918631011673e-05,0.04905436336408377
6.259035923949416e-05,0.04439835010231755
6.27015321688716e-05,0.03963640632185514
6.281270509824903e-05,0.03497465311768469
6.292387802762646e-05,0.029260671137211456
6.303505095700388e-05,0.023682364154560015
6.314622388638133e-05,0.01774047735862559
6.325739681575875e-05,0.013288691699558229
6.336856974513618e-05,0.008594272735787395
6.347974267451362e-05,0.00416431452582671
6.359091560389105e-05,0.00031664948500256807
6.370208853326848e-05,-0.0031713043834002306
6.381326146264591e-05,-0.006789173673428657
6.392443439202335e-05,-0.0101520311825217
6.403560732140078e-05,-0.011511748232137594
6.41467802507782e-05,-0.013891229901856973
6.425795318015565e-05,-0.014797349520815933
6.436912610953307e-05,-0.01751850472940413
6.44802990389105e-05,-0.017576737002035995
6.459147196828794e-05,-0.018640337117380383
6.470264489766537e-05,-0.017350494878307043
6.48138178270428e-05,-0.01885303332649892
6.492499075642023e-05,-0.018781739641241423
6.503616368579767e-05,-0.01928118231368714
6.51473366151751e-05,-0.020307519754768483
6.525850954455252e-05,-0.02045921827423914
6.536968247392997e-05,-0.020957728315922425
6.54808554033074e-05,-0.021011683176609328
6.559202833268482e-05,-0.021335874503400177
6.570320126206225e-05,-0.020285869543774045
6.581437419143969e-05,-0.019050555763500947
6.592554712081712e-05,-0.01686646465421312
6.603672005019455e-05,-0.016314966735076628
6.614789297957199e-05,-0.01487106212564192
6.625906590894942e-05,-0.013711648518058754
6.637023883832685e-05,-0.011439226362712437
6.648141176770427e-05,-0.010787577010494518
6.659258469708171e-05,-0.007656248353178955
6.670375762645914e-05,-0.0057720541826296245
6.681493055583657e-05,-0.00404071222911566
6.692610348521401e-05,-0.0010661850535801955
6.703727641459144e-05,0.0022056728593606526
6.714844934396887e-05,0.0035597591782628737
6.72596222733463e-05,0.0054836485957016545
6.737079520272374e-05,0.009154103938376708
6.748196813210117e-05,0.011396783042169465
6.75931410614786e-05,0.01325864837303251
6.770431399085604e-05,0.015287734606741422
6.781548692023346e-05,0.018745693841287187
6.792665984961089e-05,0.022547212364387698
6.803783277898833e-05,0.026025848965342133
6.814900570836576e-05,0.029985256795040088
6.826017863774319e-05,0.03316951185846393
6.837135156712062e-05,0.03651714732863368
6.848252449649806e-05,0.04086519230584185
6.859369742587549e-05,0.044873957378564804
6.870487035525291e-05,0.048722305865879494
6.881604328463036e-05,0.05335206522832043
6.892721621400778e-05,0.05634164043292026
6.903838914338521e-05,0.06101483774945025
6.914956207276264e-05,0.0659904711572493
6.926073500214008e-05,0.07112613417687341
6.937190793151751e-05,0.07589130176971928
6.948308086089494e-05,0.08113664966623096
6.959425379027238e-05,0.08574954688175497
6.97054267196498e-05,0.09046579731681915
6.981659964902723e-05,0.09551815443201273
6.992777257840466e-05,0.10075727852811908
7.00389455077821e-05,0.1060227447047868
7.015011843715953e-05,0.11193381307355423
7.026129136653696e-05,0.11705920359771842
7.03724642959144e-05,0.12216837062954251
7.048363722529183e-05,0.12717897122532995
7.059481015466926e-05,0.13128840119145457
7.070598308404669e-05,0.1376403796556037
7.081715601342413e-05,0.14244540673872932
7.092832894280155e-05,0.1479570885547418
7.103950187217898e-05,0.15408838962585333
7.115067480155642e-05,0.15979578677845174
7.126184773093385e-05,0.1650407693783198
7.137302066031128e-05,0.17054799685822955
7.148419358968871e-05,0.17504328839824418
7.159536651906615e-05,0.18029132859717448
7.170653944844358e-05,0.18393802225764314
7.1817712377821e-05,0.18860904407486892
7.192888530719845e-05,0.1935855951294702
7.204005823657588e-05,0.19930461801770036
7.21512311659533e-05,0.20473498523244593
7.226240409533074e-05,0.2090160716895003
7.237357702470817e-05,0.21322646708512674
7.24847499540856e-05,0.2181450681835471
7.259592288346303e-05,0.22208073583726476
7.270709581284047e-05,0.2253314103171308
7.28182687422179e-05,0.23003126415790012
7.292944167159533e-05,0.23316711289313125
7.304061460097277e-05,0.23591016579425686
7.31517875303502e-05,0.23923582188500478
7.326296045972762e-05,0.24319468988369264
7.337413338910505e-05,0.24593123736194922
7.348530631848249e-05,0.24745408387777804
7.359647924785992e-05,0.25079339760181574
7.370765217723735e-05,0.2524700552657008
7.381882510661479e-05,0.25314599862008674
7.392999803599222e-05,0.2534854236676884
7.404117096536965e-05,0.25378331063113335
7.415234389474707e-05,0.25450467051071524
7.426351682412452e-05,0.2540890327304428
7.437468975350194e-05,0.2534692386184809
7.448586268287937e-05,0.25177078131682296
7.459703561225681e-05,0.2510058872002287
7.470820854163424e-05,0.2501822385510187
7.481938147101167e-05,0.24982035232049823
7.49305544003891e-05,0.2485432491597359
7.504172732976654e-05,0.2473907434957378
7.515290025914397e-05,0.24469889453961832
7.52640731885214e-05,0.24172804745814
7.537524611789884e-05,0.23989363053848806
7.548641904727626e-05,0.23731196726841977
7.559759197665369e-05,0.23525720719017115
7.570876490603113e-05,0.2318101845344252
7.581993783540856e-05,0.22991051263464243
7.593111076478599e-05,0.22553665672045184
7.604228369416342e-05,0.2223773169852634
7.615345662354086e-05,0.21851996321219516
7.626462955291829e-05,0.21437777072196718
7.637580248229572e-05,0.21062046001191637
7.648697541167316e-05,0.20659419491350586
7.659814834105058e-05,0.20232731564936227
7.670932127042801e-05,0.19814763027934673
7.682049419980544e-05,0.19329725144080218
7.693166712918288e-05,0.18830366954723873
7.704284005856031e-05,0.18238679753119139
7.715401298793774e-05,0.1771488488613056
7.726518591731518e-05,0.17189343046226038
7.737635884669261e-05,0.16724627134218029
7.748753177607004e-05,0.1616885266825239
7.759870470544746e-05,0.15662853085098358
7.77098776348249e-05,0.15106180076009681
7.782105056420233e-05,0.14559238086843726
7.793222349357976e-05,0.1408042338023095
7.80433964229572e-05,0.1365258952181531
7.815456935233463e-05,0.13105106850971965
7.826574228171206e-05,0.12565974458175194
7.837691521108949e-05,0.12092418373334422
7.848808814046693e-05,0.1162732663608434
7.859926106984436e-05,0.11078496087604978
7.871043399922178e-05,0.1060302753331024
7.882160692859923e-05,0.10194897329462163
7.893277985797665e-05,0.0979778554946485
7.904395278735408e-05,0.09313456923263927
7.915512571673152e-05,0.0878467792363184
7.926629864610895e-05,0.08302715390731034
7.937747157548638e-05,0.0778814317317157
7.948864450486381e-05,0.07372160540695098
7.959981743424125e-05,0.06970258982007987
7.971099036361868e-05,0.06490400080700716
7.98221632929961e-05,0.06062430390990803
7.993333622237355e-05,0.05675853060366448
8.004450915175097e-05,0.05232818763467662
8.01556820811284e-05,0.04986692319184897
8.026685501050583e-05,0.04607898475104711
8.037802793988327e-05,0.04217250139412475
8.04892008692607e-05,0.03825597318364354
8.060037379863813e-05,0.03489116932134081
8.071154672801557e-05,0.031227144644553742
8.0822719657393e-05,0.028402065566646373
8.093389258677043e-05,0.025746060596827446
8.104506551614785e-05,0.022996717622902625
8.11562384455253e-05,0.02026038196373458
8.126741137490272e-05,0.0176807795120072
8.137858430428015e-05,0.014571005385115736
8.148975723365759e-05,0.012370883837112528
8.160093016303502e-05,0.010387971995135895
8.171210309241245e-05,0.00871663300394734
8.182327602178988e-05,0.008263364289961805
8.193444895116732e-05,0.005753722699887935
8.204562188054475e-05,0.004898654675799187
8.215679480992217e-05,0.003516427028185205
8.226796773929961e-05,0.0015464512183226897
8.237914066867704e-05,-1.4177778331336756e-05
8.249031359805447e-05,-0.0010666028320241573
8.26014865274319e-05,-0.0023414428832439437
8.271265945680934e-05,-0.0025150368990008057
8.282383238618677e-05,-0.003349749101486309
8.29350053155642e-05,-0.002995086791504865
8.304617824494164e-05,-0.0028468639418391395
8.315735117431907e-05,-0.0029678224661756044
8.32685241036965e-05,-0.00399124127541681
8.337969703307394e-05,-0.004875219871049138
8.349086996245136e-05,-0.005057950725431064
8.360204289182879e-05,-0.005916527764942067
8.371321582120622e-05,-0.0066940361845439856
8.382438875058366e-05,-0.006468101275605668
8.393556167996109e-05,-0.0063153306735024475
8.404673460933852e-05,-0.007305459934770489
8.415790753871596e-05,-0.007693759244033458
8.426908046809339e-05,-0.007967183225609058
8.438025339747081e-05,-0.008327511016800033
8.449142632684824e-05,-0.008858234918167446
8.460259925622568e-05,-0.009184712855603041
8.471377218560311e-05,-0.008531559165160277
8.482494511498054e-05,-0.01076592775302642
8.493611804435798e-05,-0.009977778747147479
8.504729097373541e-05,-0.00916197147990978
8.515846390311284e-05,-0.009329898476772711
8.526963683249027e-05,-0.0077522505643322585
8.53808097618677e-05,-0.007356824648904399
8.549198269124513e-05,-0.007405814285074444
8.560315562062256e-05,-0.006455593300959348
8.571432855e-05,-0.005841895375166781
8.582550147937743e-05,-0.005913471845372408
8.593667440875486e-05,-0.00440964252691731
8.604784733813229e-05,-0.0047073624586312195
8.615902026750973e-05,-0.004758883847834107
8.627019319688716e-05,-0.00422579796583352
8.638136612626459e-05,-0.0019217921816461654
8.649253905564203e-05,-0.001568195804950602
8.660371198501945e-05,-0.0020500070539708607
8.671488491439688e-05,-0.001155690741121735
8.682605784377432e-05,0.0005922050158617638
8.693723077315175e-05,0.0026267022086274958
8.704840370252918e-05,0.002564421859103273
8.715957663190661e-05,0.002981918591926023
8.727074956128405e-05,0.003934611742050343
8.738192249066148e-05,0.005053271855325598
8.74930954200389e-05,0.006937678855131709
8.760426834941635e-05,0.007634755526754624
8.771544127879378e-05,0.010174543587377571
8.78266142081712e-05,0.01208529200543638
8.793778713754863e-05,0.014312167295869042
8.804896006692607e-05,0.01578940052803957
8.81601329963035e-05,0.01759727107898168
8.827130592568093e-05,0.018703835523230794
8.838247885505837e-05,0.021072388162737106
8.84936517844358e-05,0.022848039736313226
8.860482471381323e-05,0.024867501601368098
8.871599764319065e-05,0.026855709834870463
8.88271705725681e-05,0.029036707629281348
8.893834350194552e-05,0.03167240452300961
8.904951643132295e-05,0.03500364336689519
8.91606893607004e-05,0.03776632291977028
8.927186229007782e-05,0.039904904200456774
8.938303521945525e-05,0.04262357327232266
8.949420814883268e-05,0.045254359521261334
8.960538107821012e-05,0.04761140738431917
8.971655400758755e-05,0.0508120545678306
8.982772693696497e-05,0.05365959593108644
8.993889986634242e-05,0.0571710800507199
9.005007279571984e-05,0.0598490330313242
9.016124572509727e-05,0.06141358342194809
9.027241865447471e-05,0.06288690686703398
9.038359158385214e-05,0.06537317975894363
9.049476451322957e-05,0.06859173788817609
9.0605937442607e-05,0.0706375677606666
9.071711037198444e-05,0.07339845322844045
9.082828330136187e-05,0.07491465184843706
9.09394562307393e-05,0.07798048261460536
9.105062916011674e-05,0.08038546677184133
9.116180208949416e-05,0.08333459868152353
9.127297501887159e-05,0.08538256005246893
9.138414794824902e-05,0.08735384559566764
9.149532087762646e-05,0.0892040372173374
9.160649380700389e-05,0.09163807164232118
9.171766673638132e-05,0.09411423810250233
9.182883966575876e-05,0.095640048320967
9.194001259513619e-05,0.09698948536244928
9.205118552451362e-05,0.09896552353097672
9.216235845389104e-05,0.09980885354390817
9.227353138326848e-05,0.10189974135995525
9.238470431264591e-05,0.10389679453390117
9.249587724202334e-05,0.1055559301633912
9.260705017140078e-05,0.10798654018046946
9.271822310077821e-05,0.10889325485178088
9.282939603015564e-05,0.11056877332178593
9.294056895953307e-05,0.11115213180118132
9.305174188891051e-05,0.11107235607618346
9.316291481828794e-05,0.11289734199823384
9.327408774766536e-05,0.11394069205814461
9.33852606770428e-05,0.11494041503593451
9.349643360642023e-05,0.11591961761697805
9.360760653579766e-05,0.11645924890463503
9.37187794651751e-05,0.11674851626948882
9.382995239455253e-05,0.11634097564507459
9.394112532392996e-05,0.11686576494307759
9.405229825330739e-05,0.11699893724040589
9.416347118268483e-05,0.11768723871415827
9.427464411206226e-05,0.11757146377181964
9.438581704143968e-05,0.11721788273673764
9.449698997081713e-05,0.11668384583615711
9.460816290019455e-05,0.11586016706051586
9.471933582957198e-05,0.11516215373276313
9.483050875894941e-05,0.11507227476835342
9.494168168832685e-05,0.11393020085748881
9.505285461770428e-05,0.11236627146954306
9.516402754708171e-05,0.11131994180590835
9.527520047645915e-05,0.10961796215747868
9.538637340583658e-05,0.10713379587614237
9.5497546335214e-05,0.10628591523565
9.560871926459143e-05,0.10447004964832765
9.571989219396887e-05,0.1028894163713858
9.58310651233463e-05,0.10092756990958929
9.594223805272373e-05,0.09904860856542544
9.605341098210117e-05,0.09838149945212485
9.61645839114786e-05,0.09517782712538461
9.627575684085603e-05,0.09285127042943135
9.638692977023346e-05,0.09163133744271623
9.64981026996109e-05,0.08839022202261018
9.660927562898833e-05,0.08532213023920827
9.672044855836575e-05,0.08354434112488782
9.68316214877432e-05,0.08142627546172795
9.694279441712062e-05,0.07997126519772335
9.705396734649805e-05,0.07808291054394123
9.716514027587548e-05,0.07483501090240337
9.727631320525292e-05,0.07323293515250713
9.738748613463035e-05,0.07142110637775874
9.749865906400778e-05,0.06911197701559889
9.760983199338522e-05,0.0655635456459319
9.772100492276265e-05,0.06398375330283033
9.783217785214007e-05,0.06301660428103861
9.794335078151751e-05,0.06087910577438483
9.805452371089494e-05,0.057894782307891794
9.816569664027237e-05,0.05419963783783819
9.82768695696498e-05,0.05276376926864865
9.838804249902724e-05,0.051436449028078104
9.849921542840467e-05,0.0497814571499907
9.86103883577821e-05,0.04812493023134428
9.872156128715954e-05,0.04579466402047945
9.883273421653697e-05,0.04480395786914241
9.89439071459144e-05,0.042076327600391435
9.905508007529182e-05,0.0399734040127269
9.916625300466926e-05,0.03758686078396456
9.927742593404669e-05,0.0356489935696531
9.938859886342412e-05,0.03394713376218097
9.949977179280156e-05,0.03259376437759895
9.961094472217899e-05,0.03074367108222581
9.972211765155642e-05,0.029593526320897158
9.983329058093384e-05,0.028354490933110113
9.994446351031129e-05,0.027295186930909227
0.00010005563643968871,0.026188954294445004
0.00010016680936906614,0.024719595191830368
0.00010027798229844358,0.022533290926299614
0.00010038915522782101,0.020875463877476574
0.00010050032815719844,0.019917980197181277
0.00010061150108657587,0.01846484740124062
0.00010072267401595331,0.01713657776026941
0.00010083384694533074,0.015971337259114784
0.00010094501987470817,0.013990875269147999
0.0001010561928040856,0.012529828188712497
0.00010116736573346303,0.010318764242457215
0.00010127853866284046,0.008856378406202702
0.0001013897115922179,0.008608579713622921
0.00010150088452159533,0.008680601736252257
0.00010161205745097276,0.006371742888740753
0.00010172323038035019,0.004424256451775526
0.00010183440330972763,0.004250267452172683
0.00010194557623910506,0.003395744454363864
0.00010205674916848249,0.0037325717919874765
0.00010216792209785993,0.0017709668485501018
0.00010227909502723736,0.0014564910462554934
0.00010239026795661478,0.0005350409983424087
0.00010250144088599221,-8.054296677462603e-05
0.00010261261381536965,-0.00010925476773855701
0.00010272378674474708,-0.0005416184256087201
0.00010283495967412451,-0.0007773914998752219
0.00010294613260350195,-0.0011500720040172178
0.00010305730553287938,-0.0015390518349366663
0.0001031684784622568,-0.001193509056209157
0.00010327965139163423,-0.001738086742557532
0.00010339082432101168,-0.0006819532901647608
0.0001035019972503891,-0.00023017760758127493
0.00010361317017976653,5.396697589257662e-05
0.00010372434310914397,6.085739628016758e-05
0.0001038355160385214,-0.00034910986401242466
0.00010394668896789883,0.0008883377183081357
0.00010405786189727626,0.0012733072063413698
0.0001041690348266537,0.001882216793705488
0.00010428020775603113,0.003575680722497431
0.00010439138068540855,0.003069844569904504
0.000104502553614786,0.0037437686495461436
0.00010461372654416342,0.004397346438154597
0.00010472489947354085,0.00444649515736828
0.0001048360724029183,0.005203477174538909
0.00010494724533229572,0.006324807361289115
0.00010505841826167315,0.008037099315009413
0.00010516959119105058,0.007555405343178655
0.00010528076412042802,0.00684588495739786
0.00010539193704980545,0.006115554033334994
0.00010550310997918287,0.0060291170528448575
0.00010561428290856032,0.006876749928951963
0.00010572545583793774,0.00689943462411984
0.00010583662876731517,0.006320508539316071
0.0001059478016966926,0.005363125020183205
0.00010605897462607004,0.005237053910379496
0.00010617014755544747,0.004437579605117954
0.0001062813204848249,0.005650644155913848
0.00010639249341420234,0.007222005561251989
0.00010650366634357977,0.006757336754955562
0.0001066148392729572,0.00934257558909136
0.00010672601220233462,0.009334333978480384
0.00010683718513171206,0.01026627048173871
0.00010694835806108949,0.011047067903691598
0.00010705953099046692,0.011820597767812394
0.00010717070391984436,0.011779478817497
0.00010728187684922179,0.01298267528810437
0.00010739304977859922,0.01419896740107645
0.00010750422270797665,0.014954957423344977
0.00010761539563735409,0.016281578577291546
0.00010772656856673152,0.01878163679310027
0.00010783774149610894,0.01975417788860585
0.00010794891442548639,0.02018818809512805
0.00010806008735486381,0.021751916035221294
0.00010817126028424124,0.02320633594483397
0.00010828243321361867,0.024337348943835626
0.00010839360614299611,0.026087423950705867
0.00010850477907237354,0.02796530718448688
0.00010861595200175097,0.02957137546474208
0.00010872712493112841,0.03085176406896053
0.00010883829786050584,0.03293744589963359
0.00010894947078988326,0.03406237880227794
0.0001090606437192607,0.03568912013225131
0.00010917181664863813,0.037274536628611334
0.00010928298957801556,0.03940284863379825
0.00010939416250739299,0.041550150234521264
0.00010950533543677043,0.04333340469723236
0.00010961650836614786,0.04487191654243039
0.00010972768129552529,0.04589796563283429
0.00010983885422490273,0.047447404253788156
0.00010995002715428016,0.04963401712517902
0.00011006120008365758,0.050597616808772665
0.00011017237301303501,0.05170986206524982
0.00011028354594241245,0.05308251124627092
0.00011039471887178988,0.053637003455208686
0.00011050589180116731,0.05586794637799122
0.00011061706473054475,0.05724175530087011
0.00011072823765992218,0.06043651037469891
0.00011083941058929961,0.06169925561509703
0.00011095058351867704,0.06416722850075146
0.00011106175644805448,0.06422373565171682
0.0001111729293774319,0.06569758243034703
0.00011128410230680933,0.0667899074620977
0.00011139527523618677,0.06907937941169515
0.0001115064481655642,0.0704422658087025
0.00011161762109494163,0.07209104849242698
0.00011172879402431906,0.07351483236087956
0.0001118399669536965,0.07531528312982683
0.00011195113988307393,0.07661425843519516
0.00011206231281245136,0.077212806125689
0.0001121734857418288,0.07800151277086705
0.00011228465867120623,0.0782436218732975
0.00011239583160058365,0.07873044840132057
0.0001125070045299611,0.07888003463538534
0.00011261817745933852,0.07814191049119985
0.00011272935038871595,0.07909256727895403
0.00011284052331809338,0.08161549727159002
0.00011295169624747082,0.08268458603187595
0.00011306286917684825,0.08251866092766649
0.00011317404210622568,0.08340370082136163
0.00011328521503560312,0.08369165129314557
0.00011339638796498055,0.08542547770689839
0.00011350756089435797,0.08554802442324536
0.0001136187338237354,0.08576798433445906
0.00011372990675311284,0.08669631861034126
0.00011384107968249027,0.0866084638606125
0.0001139522526118677,0.08747590248464496
0.00011406342554124514,0.08744406587014569
0.00011417459847062257,0.08723164391096472
0.0001142857714,0.08656571168726235
0.00011439694432937742,0.08683532260538003
0.00011450811725875487,0.0866779836665866
0.0001146192901881323,0.08637805827312199
0.00011473046311750972,0.08488395269804261
0.00011484163604688716,0.08384803977282757
0.00011495280897626459,0.08385669041944371
0.00011506398190564202,0.0829054604319417
0.00011517515483501945,0.08109428463672468
0.00011528632776439689,0.07908134224816002
0.00011539750069377432,0.07821025762523162
0.00011550867362315174,0.0775897359085003
0.00011561984655252919,0.0767354189145861
0.00011573101948190661,0.07566222712065472
0.00011584219241128404,0.07435220035318657
0.00011595336534066148,0.07310105392094232
0.00011606453827003891,0.07132445697121795
0.00011617571119941634,0.06920094154298402
0.00011628688412879377,0.0664209968300212
0.00011639805705817121,0.06534706715061023
0.00011650922998754864,0.06485498911704983
0.00011662040291692607,0.06397618791385669
0.0001167315758463035,0.06291027784822491
0.00011684274877568093,0.06081930382847155
0.00011695392170505836,0.05922106856999509
0.00011706509463443579,0.05734384700373678
0.00011717626756381323,0.05732972162815901
0.00011728744049319066,0.05663661422947888
0.00011739861342256809,0.05677987501561107
0.00011750978635194553,0.05461512611913767
0.00011762095928132296,0.05199831492120259
0.00011773213221070039,0.05172668390240344
0.00011784330514007781,0.04995766187850628
0.00011795447806945526,0.049441781079851185
0.00011806565099883268,0.04830991359181665
0.00011817682392821011,0.046938788968328
0.00011828799685758755,0.046057321607070094
0.00011839916978696498,0.045988544991321066
0.00011851034271634241,0.044779818132487444
0.00011862151564571984,0.04396525227339521
0.00011873268857509728,0.04338231224200635
0.0001188438615044747,0.04230026312951778
0.00011895503443385213,0.039946138374699285
0.00011906620736322958,0.03897509766291267
0.000119177380292607,0.03878055004155531
0.00011928855322198443,0.03726438035177333
0.00011939972615136187,0.03582934298984935
0.0001195108990807393,0.03513698090035591
0.00011962207201011673,0.033980150961572454
0.00011973324493949416,0.032672712345683676
0.0001198444178688716,0.03163549866718428
0.00011995559079824903,0.03063640313271343
0.00012006676372762645,0.028901846251296236
0.0001201779366570039,0.028288082573204268
0.00012028910958638132,0.02609939401514725
0.00012040028251575875,0.024351900657111913
0.00012051145544513618,0.021659945528766298
0.00012062262837451362,0.02088110701349029
0.00012073380130389105,0.019303913856657
0.00012084497423326848,0.01861852833154533
0.00012095614716264592,0.018291906079597794
0.00012106732009202335,0.018113632348248497
0.00012117849302140077,0.016457235118435193
0.0001212896659507782,0.01658345374202585
0.00012140083888015564,0.01613841157265956
0.00012151201180953307,0.015886486060939595
0.0001216231847389105,0.015583023053460316
0.00012173435766828794,0.015750427923511258
0.00012184553059766537,0.015447714098597451
0.0001219567035270428,0.014045821573280036
0.00012206787645642023,0.012617462514251304
0.00012217904938579765,0.01203568187548322
0.0001222902223151751,0.012632527968033385
0.00012240139524455254,0.013495728783105912
0.00012251256817392996,0.013828958650319006
0.0001226237411033074,0.012431935189452934
0.00012273491403268482,0.012188550052634275
0.00012284608696206225,0.012205213594931177
0.00012295725989143968,0.012132234966041348
0.00012306843282081713,0.010384821609971237
0.00012317960575019456,0.010546632967908696
0.000123290778679572,0.011362622222796038
0.00012340195160894942,0.01214957586721146
0.00012351312453832684,0.013846348663664442
0.00012362429746770427,0.01523694791856091
0.0001237354703970817,0.01620149046583314
0.00012384664332645915,0.018157706719692034
0.00012395781625583658,0.01885695983991653
0.000124068989185214,0.019934249415098897
0.00012418016211459144,0.019961914588051015
0.00012429133504396887,0.022155366804336257
0.0001244025079733463,0.022062168043608433
0.00012451368090272372,0.023552837918964755
0.00012462485383210118,0.02381075780398236
0.0001247360267614786,0.023282559607249488
0.00012484719969085603,0.02311784345349284
0.00012495837262023346,0.023690467815466573
0.0001250695455496109,0.023352767086275168
0.00012518071847898832,0.02433456864124303
0.00012529189140836575,0.024320046884676955
0.0001254030643377432,0.024108521671715805
0.00012551423726712063,0.026411459245119184
0.00012562541019649806,0.027395771545752026
0.00012573658312587548,0.027999688123899052
0.0001258477560552529,0.02822484503469248
0.00012595892898463034,0.03030999758262127
0.00012607010191400777,0.03143550045575181
0.00012618127484338522,0.03159324464623851
0.00012629244777276265,0.03262889550900538
0.00012640362070214008,0.03427562921022739
0.0001265147936315175,0.03594895174990364
0.00012662596656089494,0.03723307581117849
0.00012673713949027236,0.038407089923689484
0.0001268483124196498,0.04060620009411069
0.00012695948534902725,0.04021654643760945
0.00012707065827840467,0.04210615584228493
0.0001271818312077821,0.044004925758333945
0.00012729300413715953,0.045929941292547224
0.00012740417706653696,0.04698702547101886
0.00012751534999591439,0.048365115037803615
0.00012762652292529181,0.049458565581004046
0.00012773769585466927,0.05067913574674117
0.0001278488687840467,0.05117444342628189
0.00012796004171342413,0.05198607933059265
0.00012807121464280155,0.0522752271372235
0.00012818238757217898,0.053599973916452784
0.0001282935605015564,0.054973075217296004
0.00012840473343093384,0.055280384415046846
0.0001285159063603113,0.05643426731662075
0.00012862707928968872,0.056695489679655875
0.00012873825221906615,0.05804300305804452
0.00012884942514844358,0.05983791777817444
0.000128960598077821,0.061564927101574234
0.00012907177100719843,0.06314628192492547
0.0001291829439365759,0.06375106159097876
0.00012929411686595332,0.0636222234946698
0.00012940528979533074,0.06412815502187579
0.00012951646272470817,0.06380838311670024
0.0001296276356540856,0.06484069988033042
0.00012973880858346303,0.06610653647281431
0.00012984998151284045,0.06721585389025156
0.0001299611544422179,0.06816865213264219
0.00013007232737159534,0.06886678967010473
0.00013018350030097277,0.06910123875418707
0.0001302946732303502,0.06972068940843905
0.00013040584615972762,0.07010662335495406
0.00013051701908910505,0.07009392402234388
0.00013062819201848248,0.07015614571969643
0.00013073936494785993,0.07021148931811487
0.00013085053787723736,0.0693848322658875
0.0001309617108066148,0.06932261321152822
0.00013107288373599222,0.06891078386772816
0.00013118405666536964,0.06800810256529452
0.00013129522959474707,0.06621074561903141
0.0001314064025241245,0.06568420082742678
0.00013151757545350196,0.06406518385404794
0.00013162874838287938,0.06346069493590911
0.0001317399213122568,0.06495913150563153
0.00013185109424163424,0.06466549229710135
0.00013196226717101167,0.06432941522441749
0.0001320734401003891,0.06319717629117565
0.00013218461302976652,0.06232146114847806
0.00013229578595914398,0.06142244870986458
0.0001324069588885214,0.061669810580280655
0.00013251813181789883,0.06131592666636881
0.00013262930474727626,0.0617209747844267
0.0001327404776766537,0.0616842759545297
0.00013285165060603112,0.06232732190487631
0.00013296282353540855,0.06158214720813093
0.000133073996464786,0.06028591710118253
0.00013318516939416343,0.05858139826514035
0.00013329634232354086,0.06034346525843916
0.00013340751525291829,0.05952079850975321
0.00013351868818229571,0.06048359840917494
0.00013362986111167314,0.058402021815714744
0.00013374103404105057,0.058722315080482174
0.00013385220697042802,0.05790170947608388
0.00013396337989980545,0.057767381549084416
0.00013407455282918288,0.057020915460157154
0.0001341857257585603,0.057343967659135464
0.00013429689868793774,0.05888480122919294
0.00013440807161731516,0.05775755980209614
0.0001345192445466926,0.05799292918694583
0.00013463041747607005,0.058020439620509824
0.00013474159040544748,0.05645115866039367
0.0001348527633348249,0.05575178754867753
0.00013496393626420233,0.05370235326276827
0.00013507510919357976,0.05380817879941193
0.0001351862821229572,0.05237821314901146
0.00013529745505233462,0.05127890700333521
0.00013540862798171207,0.05053858333202157
0.0001355198009110895,0.04963590221230994
0.00013563097384046693,0.049787119526481016
0.00013574214676984435,0.04888186878902177
0.00013585331969922178,0.04840113743116876
0.0001359644926285992,0.04927715767915031
0.00013607566555797667,0.04971132505346634
0.0001361868384873541,0.04714779262813649
0.00013629801141673152,0.048121926336502585
0.00013640918434610895,0.046433999403992586
0.00013652035727548638,0.04630132023230465
0.0001366315302048638,0.046865038804325666
0.00013674270313424123,0.04597683418053002
0.0001368538760636187,0.0443945698795501
0.00013696504899299612,0.04458633170833878
0.00013707622192237354,0.04470276887545961
0.00013718739485175097,0.044278357366813806
0.0001372985677811284,0.04413421031822808
0.00013740974071050583,0.044379721646173806
0.00013752091363988326,0.044459194927276555
0.0001376320865692607,0.04399204013719967
0.00013774325949863814,0.04367523085922218
0.00013785443242801557,0.04335060387613906
0.000137965605357393,0.04336455417099286
0.00013807677828677042,0.04201004281419732
0.00013818795121614785,0.04278579350942975
0.00013829912414552528,0.04213631477168065
0.00013841029707490273,0.0407142801017146
0.00013852147000428016,0.03959167821117038
0.0001386326429336576,0.03860304680914571
0.00013874381586303502,0.038986568793384135
0.00013885498879241245,0.038182620232059726
0.00013896616172178987,0.037940655726462685
0.0001390773346511673,0.038491802327760664
0.00013918850758054476,0.03792297399448699
0.00013929968050992219,0.03777852026393904
0.0001394108534392996,0.03747513960917178
0.00013952202636867704,0.03805056879832394
0.00013963319929805447,0.03900111734062369
0.0001397443722274319,0.038998396534644625
0.00013985554515680933,0.03954635212088288
0.00013996671808618678,0.03958192027785628
0.0001400778910155642,0.039679671095734725
0.00014018906394494164,0.0389133317777003
0.00014030023687431906,0.03822580616701941
0.0001404114098036965,0.038555154815430974
0.00014052258273307392,0.039402293634846985
0.00014063375566245135,0.04018392771235006
0.0001407449285918288,0.040504083627744915
0.00014085610152120623,0.04023827210900069
0.00014096727445058366,0.039173745389254416
0.0001410784473799611,0.037970593267477745
0.00014118962030933851,0.03681730443020836
0.00014130079323871594,0.03647769802574373
0.00014141196616809337,0.03611210624431185
0.00014152313909747083,0.035664379777493024
0.00014163431202684825,0.03456260989906641
0.00014174548495622568,0.03384005448392051
0.0001418566578856031,0.03261989658165462
0.00014196783081498054,0.0321331790059771
0.00014207900374435797,0.030597875174687296
0.0001421901766737354,0.029352180958571145
0.00014230134960311285,0.02796166682806385
0.00014241252253249028,0.027379282947394928
0.0001425236954618677,0.02828844815194213
0.00014263486839124513,0.027223030910488492
0.00014274604132062256,0.028729775824157568
0.00014285721425,0.028974710479528154
0.00014296838717937742,0.02862831442602967
0.00014307956010875487,0.0272861502839136
0.0001431907330381323,0.028921866373333525
0.00014330190596750973,0.02917837217230136
0.00014341307889688716,0.030227398131710013
0.00014352425182626458,0.03018301048918523
0.000143635424755642,0.030312032153649877
0.00014374659768501947,0.030382964980893896
0.0001438577706143969,0.02958328702211623
0.00014396894354377432,0.029423473695451598
0.00014408011647315175,0.029722129574559282
0.00014419128940252918,0.029167190135909227
0.0001443024623319066,0.030891689532867528
0.00014441363526128403,0.03272289594915242
0.0001445248081906615,0.03303439909537461
0.00014463598112003892,0.03410299780771406
0.00014474715404941635,0.034887373710293
0.00014485832697879377,0.03639229479756834
0.0001449694999081712,0.03715172942097254
0.00014508067283754863,0.03937358222278
0.00014519184576692606,0.0398476088921529
0.0001453030186963035,0.04128747402786933
0.00014541419162568094,0.04202794741320433
0.00014552536455505837,0.04235821644787208
0.0001456365374844358,0.043330710022865364
0.00014574771041381322,0.04338474473686971
0.00014585888334319065,0.042820483097542536
0.00014597005627256808,0.04367849598695697
0.00014608122920194554,0.04406715199875105
0.00014619240213132296,0.04551152730991074
0.0001463035750607004,0.045534095065435064
0.00014641474799007782,0.04711400102318315
0.00014652592091945525,0.04725459765041192
0.00014663709384883268,0.04807770906032185
0.0001467482667782101,0.04784075111808288
0.00014685943970758756,0.04829733732717915
0.00014697061263696499,0.0477466159327325
0.00014708178556634241,0.048345459127330834
0.00014719295849571984,0.0470185325837841
0.00014730413142509727,0.04749771088559146
0.0001474153043544747,0.04949120749484852
0.00014752647728385213,0.04971686172951763
0.00014763765021322958,0.05041437015956273
0.000147748823142607,0.05124065365702493
0.00014785999607198444,0.05054074489523366
0.00014797116900136187,0.05165096152696646
0.0001480823419307393,0.05328218447283459
0.00014819351486011672,0.053301249421550914
0.00014830468778949415,0.05463319822028938
0.0001484158607188716,0.05515601808678066
0.00014852703364824903,0.05585014831413229
0.00014863820657762646,0.055339712880737524
0.0001487493795070039,0.05538871877240976
0.00014886055243638132,0.054779733063744056
0.00014897172536575874,0.05571190412097515
0.00014908289829513617,0.05633487416931209
0.00014919407122451363,0.05627051228634249
0.00014930524415389106,0.05569515829772232
0.00014941641708326848,0.05611914089751081
0.0001495275900126459,0.056239300457473336
0.00014963876294202334,-0.07578838095618708
0.00014974993587140077,-0.5348425642121832
0.0001498611088007782,-0.9435625171948173
0.00014997228173015565,-1.3026122027080438
0.00015008345465953308,-1.6135949325923944
0.0001501946275889105,-1.8793377549816461
0.00015030580051828793,-2.100573927143056
0.00015041697344766536,-2.279931869364722
0.0001505281463770428,-2.416291826382485
0.00015063931930642025,-2.513444284024191
0.00015075049223579767,-2.570832067754475
0.0001508616651651751,-2.5898277298891177
0.00015097283809455253,-2.5713340737991843
0.00015108401102392996,-2.5175932644845287
0.00015119518395330738,-2.42627388902869
0.0001513063568826848,-2.303624098290582
0.00015141752981206227,-2.146559655364966
0.0001515287027414397,-1.9570365321470644
0.00015163987567081712,-1.7366035789761327
0.00015175104860019455,-1.4857610174112583
0.00015186222152957198,-1.2050975958803403
0.0001519733944589494,-0.8972795247939326
0.00015208456738832684,-0.5608999457733603
0.0001521957403177043,-0.19779746019662028
0.00015230691324708172,0.1922373331920192
0.00015241808617645915,0.6048350641533935
0.00015252925910583657,1.0406823125919944
0.000152640432035214,1.5008431810127467
0.00015275160496459143,1.9829900450938818
0.00015286277789396886,2.4866713519132655
0.00015297395082334631,3.0101641445794494
0.00015308512375272374,3.5543872501478755
0.00015319629668210117,4.114976395823087
0.0001533074696114786,4.695880895682696
0.00015341864254085603,5.290084620229419
0.00015352981547023345,5.9005745321048595
0.00015364098839961088,6.524476406454531
0.00015375216132898834,7.1606468390485825
0.00015386333425836576,7.809331521549891
0.0001539745071877432,8.469469918999145
0.00015408568011712062,9.140046097366563
0.00015419685304649805,9.81912922898036
0.00015430802597587548,10.508501381912811
0.0001544191989052529,11.205001654266214
0.00015453037183463036,11.909214089063155
0.0001546415447640078,12.618649775676102
0.00015475271769338522,13.333499216672195
0.00015486389062276264,14.05221894941319
0.00015497506355214007,14.772734929479462
0.0001550862364815175,15.49607666798925
0.00015519740941089493,16.22054177596459
0.00015530858234027238,16.946257922754473
0.0001554197552696498,17.671787853348903
0.00015553092819902724,18.394634145861637
0.00015564210112840467,19.11553681557766
0.0001557532740577821,19.831921553553293
0.00015586444698715952,20.541196056320732
0.00015597561991653695,21.246109669261937
0.0001560867928459144,21.944925442075885
0.00015619796577529183,22.63685354800837
0.00015630913870466926,23.319772323365246
0.0001564203116340467,23.994206689196197
0.00015653148456342412,24.65927229424442
0.00015664265749280155,25.312143759916715
0.00015675383042217897,25.952445743294696
0.00015686500335155643,26.58077617765802
0.00015697617628093386,27.19579208548478
0.00015708734921031128,27.79545648837817
0.0001571985221396887,28.379971238788777
0.00015730969506906614,28.94664337945611
0.00015742086799844357,29.496949724648715
0.000157532040927821,30.02686777376883
0.00015764321385719845,30.538632654548547
0.00015775438678657588,31.029688064683484
0.0001578655597159533,31.500502313973456
0.00015797673264533074,31.94715549676645
0.00015808790557470816,32.37097204457209
0.0001581990785040856,32.7705922301051
0.00015831025143346305,33.145448271502026
0.00015842142436284047,33.49382389594439
0.0001585325972922179,33.812648010867704
0.00015864377022159533,34.10347121270548
0.00015875494315097276,34.36640170448585
0.00015886611608035019,34.60044696275846
0.00015897728900972761,34.803718113486774
0.00015908846193910507,34.97559639541418
0.0001591996348684825,35.11320313582175
0.00015931080779785993,35.216658501568595
0.00015942198072723735,35.285687548260526
0.00015953315365661478,35.31800950177833
0.0001596443265859922,35.31529973451913
0.00015975549951536964,35.27430966117754
0.0001598666724447471,35.195850978992354
0.00015997784537412452,35.0777237572237
0.00016008901830350195,34.920700506653525
0.00016020019123287938,34.71958096793936
0.0001603113641622568,34.47585565176345
0.00016042253709163423,34.19000121799826
0.00016053371002101166,33.860494664694784
0.00016064488295038912,33.485524654951014
0.00016075605587976654,33.062380024505615
0.00016086722880914397,32.73989627731764
0.0001609784017385214,32.75722177159047
0.00016108957466789883,32.77465726992979
0.00016120074759727626,32.78806045726381
0.00016131192052665368,32.80097329131328
0.00016142309345603114,32.81126028016506
0.00016153426638540857,32.82148476198185
0.000161645439314786,32.831919572196846
0.00016175661224416342,32.84168142052247
0.00016186778517354085,32.85243994960358
0.00016197895810291828,32.862021523639044
0.0001620901310322957,32.869077571636964
0.00016220130396167316,32.87731231229625
0.0001623124768910506,32.888117334969856
0.00016242364982042802,32.894198641414455
0.00016253482274980544,32.903985244557205
0.00016264599567918287,32.91232238570878
0.0001627571686085603,32.919426696705536
0.00016286834153793773,32.926807962073404
0.00016297951446731518,32.935800201304275
0.0001630906873966926,32.943082197623404
0.00016320186032607004,32.95170858061982
0.00016331303325544747,32.95940143759446
0.0001634242061848249,32.96709700575543
0.00016353537911420232,32.972792365177696
0.00016364655204357975,32.980963130793036
0.0001637577249729572,32.990160877559056
0.00016386889790233463,32.99800554168028
0.00016398007083171206,33.00313937480184
0.0001640912437610895,33.009225069321076
0.00016420241669046692,33.014458560096855
0.00016431358961984435,33.0184159576219
0.00016442476254922177,33.02092041750766
0.00016453593547859923,33.02272008329903
0.00016464710840797666,33.02534355173293
0.00016475828133735409,33.0278311486673
0.00016486945426673151,33.02952524463282
0.00016498062719610894,33.03175216506106
0.00016509180012548637,33.03399669052708
0.0001652029730548638,33.03639453748425
0.00016531414598424125,33.03777722809956
0.00016542531891361868,33.03905489137992
0.0001655364918429961,33.040472543901785
0.00016564766477237354,33.040528018330036
0.00016575883770175096,33.03963444928507
0.0001658700106311284,33.03898494996731
0.00016598118356050585,33.03837357854791
0.00016609235648988328,33.037872506937425
0.0001662035294192607,33.040377205472616
0.00016631470234863813,33.041372226621625
0.00016642587527801556,33.042105842119675
0.000166537048207393,33.03900443017924
0.00016664822113677042,33.03687864288531
0.00016675939406614787,33.034588708403575
0.0001668705669955253,33.03309144809236
0.00016698173992490273,33.031188597953246
0.00016709291285428015,33.03095674082217
0.00016720408578365758,33.027845138059284
0.000167315258713035,33.027048537138555
0.00016742643164241244,33.022243410636904
0.0001675376045717899,33.02015854898691
0.00016764877750116732,33.01623923853931
0.00016775995043054475,33.01109624564063
0.00016787112335992218,33.00665294004885
0.0001679822962892996,33.00376486911773
0.00016809346921867703,32.99831108025815
0.00016820464214805446,32.99383031550349
0.00016831581507743192,32.98922251025214
0.00016842698800680934,32.985570149705204
0.00016853816093618677,32.981417816869815
0.0001686493338655642,32.97592556225621
0.00016876050679494163,32.97153211909015
0.00016887167972431906,32.96572151498672
0.00016898285265369648,32.95955003815971
0.00016909402558307394,32.951848525347586
0.00016920519851245137,32.9477537129723
0.0001693163714418288,32.943058064337485
0.00016942754437120622,32.937064346212544
0.00016953871730058365,32.92965608541977
0.00016964989022996108,32.925608124208836
0.0001697610631593385,32.92122500214943
0.00016987223608871596,32.918116234676866
0.0001699834090180934,32.9124919284359
0.00017009458194747082,32.90777732897111
0.00017020575487684825,32.901632468815805
0.00017031692780622567,32.89684659959864
0.0001704281007356031,32.89111201212478
0.00017053927366498053,32.88641831258275
0.00017065044659435799,32.881169309118754
0.0001707616195237354,32.87605744773657
0.00017087279245311284,32.86927314482332
0.00017098396538249027,32.86479130276615
0.0001710951383118677,32.85869417967968
0.00017120631124124513,32.85260475483217
0.00017131748417062255,32.84479002175834
0.0001714286571,32.83930532632484
0.00017153983002937744,32.834351130139844
0.00017165100295875486,32.828111438236476
0.0001717621758881323,32.82230636318371
0.00017187334881750972,32.81468979672726
0.00017198452174688715,32.809183772987275
0.00017209569467626458,32.802156386701064
0.00017220686760564203,32.79925756518023
0.00017231804053501946,32.793887225293375
0.0001724292134643969,32.789850454856044
0.00017254038639377432,32.7861241882154
0.00017265155932315174,32.782481125307925
0.00017276273225252917,32.77778938135397
0.00017287390518190663,32.775732083067275
0.00017298507811128405,32.772408931392235
0.00017309625104066148,32.76844552299143
0.0001732074239700389,32.7652949492942
0.00017331859689941634,32.765477807477254
0.00017342976982879377,32.76326936672056
0.0001735409427581712,32.76045119948485
0.00017365211568754865,32.75981174102484
0.00017376328861692608,32.75792365762379
0.0001738744615463035,32.756029226924035
0.00017398563447568093,32.75557224070901
0.00017409680740505836,32.75485675982115
0.0001742079803344358,32.75316714346879
0.00017431915326381322,32.751380739155266
0.00017443032619319067,32.75241148906204
0.0001745414991225681,32.751806915685684
0.00017465267205194553,32.75261554057153
0.00017476384498132296,32.751844487014964
0.00017487501791070038,32.75266126022652
0.0001749861908400778,32.75087784021147
0.00017509736376945524,32.75135558632831
0.0001752085366988327,32.7520956483668
0.00017531970962821012,32.75266527130937
0.00017543088255758755,32.75334157788554
0.00017554205548696498,32.75529947474577
0.0001756532284163424,32.75769679947609
0.00017576440134571983,32.758576371225814
0.00017587557427509726,32.7598423817204
0.00017598674720447472,32.7614923529819
0.00017609792013385215,32.764275193277136
0.00017620909306322957,32.76659503402076
0.000176320265992607,32.76959956042146
0.00017643143892198443,32.77180780119172
0.00017654261185136186,32.77625313705142
0.00017665378478073929,32.78021940688994
0.00017676495771011674,32.78409023907756
0.00017687613063949417,32.78856147234327
0.0001769873035688716,32.79380171909234
0.00017709847649824902,32.799029802443165
0.00017720964942762645,32.805426102505
0.00017732082235700388,32.80979559305881
0.0001774319952863813,32.81344616833675
0.00017754316821575876,32.81564079128347
0.0001776543411451362,32.81923011596555
0.00017776551407451362,32.8246730159606
0.00017787668700389105,32.82959558133786
0.00017798785993326848,32.833021769331076
0.0001780990328626459,32.8371972911781
0.00017821020579202333,32.839262259578405
0.0001783213787214008,32.843947962959795
0.00017843255165077821,32.84860329019009
0.00017854372458015564,32.85223823815792
0.00017865489750953307,32.858770989357765
0.0001787660704389105,32.86240448261583
0.00017887724336828793,32.868270407066504
0.00017898841629766535,32.875418724120784
0.0001790995892270428,32.881881139024955
0.00017921076215642024,32.88545736802587
0.00017932193508579767,32.89195160402678
0.0001794331080151751,32.896835507520976
0.00017954428094455252,32.903223979328295
0.00017965545387392995,32.907881660281646
0.00017976662680330738,32.912758875806105
0.00017987779973268483,32.91740832539202
0.00017998897266206226,32.9230080354303
0.0001801001455914397,32.92689736532644
0.00018021131852081712,32.93259805464568
0.00018032249145019454,32.93872446254017
0.00018043366437957197,32.943751508649335
0.00018054483730894943,32.94682879803771
0.00018065601023832686,32.95302042858659
0.00018076718316770428,32.95662394748101
0.0001808783560970817,32.9599181051059
0.00018098952902645914,32.96379013204311
0.00018110070195583657,32.96803824763861
0.000181211874885214,32.9722722041217
0.00018132304781459145,32.975399507007616
0.00018143422074396888,32.97910864706256
0.0001815453936733463,32.98160950280708
0.00018165656660272373,32.98442598009632
0.00018176773953210116,32.98768557543805
0.0001818789124614786,32.99135133436423
0.00018199008539085602,32.9946171469957
0.00018210125832023347,32.99762251184971
0.0001822124312496109,33.00017980697248
0.00018232360417898833,33.002262862833895
0.00018243477710836576,33.00624655597667
0.00018254595003774319,33.010009253382606
0.0001826571229671206,33.01307702431908
0.00018276829589649804,33.01560994095163
0.0001828794688258755,33.01926309879569
0.00018299064175525292,33.022593384258535
0.00018310181468463035,33.02521618683673
0.00018321298761400778,33.02945256787752
0.0001833241605433852,33.03259886073351
0.00018343533347276264,33.03317326506887
0.00018354650640214006,33.03549205223105
0.00018365767933151752,33.038155429093905
0.00018376885226089495,33.03871827911743
0.00018388002519027238,33.040695084020676
0.0001839911981196498,33.04211061988025
0.00018410237104902723,33.04189322052257
0.00018421354397840466,33.04209424996924
0.0001843247169077821,33.04289568105941
0.00018443588983715954,33.04226851477342
0.00018454706276653697,33.04254141081961
0.0001846582356959144,33.04346990740269
0.00018476940862529183,33.04355436250633
0.00018488058155466925,33.04240022979609
0.00018499175448404668,33.04143597371892
0.0001851029274134241,33.04043399447213
0.00018521410034280156,33.040118326759824
0.000185325273272179,33.0398625548343
0.00018543644620155642,33.040208582933445
0.00018554761913093385,33.039251964517376
0.00018565879206031128,33.037520877615066
0.0001857699649896887,33.03666076058127
0.00018588113791906613,33.03445879109806
0.0001859923108484436,33.03402911594348
0.00018610348377782102,33.031576237613805
0.00018621465670719844,33.03179837061241
0.00018632582963657587,33.02934599316988
0.0001864370025659533,33.029206213698686
0.00018654817549533073,33.02584237499787
0.00018665934842470816,33.02581144009727
0.0001867705213540856,33.021773142095945
0.00018688169428346304,33.020778014341445
0.00018699286721284047,33.018509327241404
0.0001871040401422179,33.01801768399375
0.00018721521307159532,33.01487748108341
0.00018732638600097275,33.01302947834102
0.0001874375589303502,33.01023092158715
0.00018754873185972763,33.007373105551096
0.00018765990478910506,33.00447194599518
0.0001877710777184825,33.00036817383574
0.00018788225064785992,32.99635354892263
0.00018799342357723735,32.99198714545909
0.00018810459650661477,32.986185482872344
0.00018821576943599223,32.98388479330404
0.00018832694236536966,32.98106465922292
0.00018843811529474708,32.976661992734634
0.0001885492882241245,32.9737348916167
0.00018866046115350194,32.96977990576998
0.00018877163408287937,32.96679132413235
0.0001888828070122568,32.96327926741893
0.00018899397994163425,32.95997072821063
0.00018910515287101168,32.95657091987621
0.0001892163258003891,32.95349267121258
0.00018932749872976654,32.948315305075624
0.00018943867165914396,32.948392740097134
0.0001895498445885214,32.945586770120485
0.00018966101751789882,32.94320587258738
0.00018977219044727627,32.93951780834193
0.0001898833633766537,32.9363807676121
0.00018999453630603113,32.933697008434706
0.00019010570923540856,32.93214829697521
0.00019021688216478599,32.92730083509439
0.00019032805509416341,32.923463168242236
0.00019043922802354084,32.92231097413349
0.0001905504009529183,32.91881318120508
0.00019066157388229573,32.9151795091477
0.00019077274681167315,32.91288273558211
0.00019088391974105058,32.909356541758235
0.000190995092670428,32.906783703942736
0.00019110626559980544,32.90590874548182
0.00019121743852918287,32.90272557503553
0.00019132861145856032,32.901183433264464
0.00019143978438793775,32.89939685809151
0.00019155095731731518,32.898236444869426
0.0001916621302466926,32.89605008292931
0.00019177330317607003,32.894433178596294
0.00019188447610544746,32.89134954093343
0.0001919956490348249,32.88929765033058
0.00019210682196420234,32.88707125767953
0.00019221799489357977,32.88561051281787
0.0001923291678229572,32.883437403866495
0.00019244034075233463,32.88351855165404
0.00019255151368171206,32.88300652256673
0.00019266268661108948,32.881230053341326
0.0001927738595404669,32.88032805168248
0.00019288503246984437,32.87952730452922
0.0001929962053992218,32.87843098526549
0.00019310737832859922,32.87858733129261
0.00019321855125797665,32.87742684568255
0.00019332972418735408,32.87941248661423
0.0001934408971167315,32.877934491231066
0.00019355207004610893,32.879084103422024
0.0001936632429754864,32.875660957729465
0.00019377441590486382,32.8757731770212
0.00019388558883424125,32.87499011910452
0.00019399676176361867,32.87602322139849
0.0001941079346929961,32.87436902188343
0.00019421910762237353,32.87431193139772
0.00019433028055175096,32.87578594841455
0.0001944414534811284,32.875591106527054
0.00019455262641050584,32.87601630040073
0.00019466379933988327,32.876511656254905
0.0001947749722692607,32.877075789294565
0.00019488614519863812,32.87770731472
0.00019499731812801555,32.878404847731495
0.000195108491057393,32.87916700352935
0.00019521966398677043,32.87999239731386
0.00019533083691614786,32.88087964428532
0.0001954420098455253,32.88182735964401
0.00019555318277490272,32.88283415859023
0.00019566435570428015,32.88389865632427
0.00019577552863365757,32.88501946804643
0.00019588670156303503,32.88619520895699
0.00019599787449241246,32.88742449425625
0.00019610904742178989,32.88870593914451
0.00019622022035116731,32.89003815882205
0.00019633139328054474,32.89141976848917
0.00019644256620992217,32.89284938334616
0.0001965537391392996,32.89432561859331
0.00019666491206867705,32.895847089430916
0.00019677608499805448,32.89741241105927
0.0001968872579274319,32.89902019867867
0.00019699843085680934,32.9006690674894
0.00019710960378618676,32.90235763269175
0.0001972207767155642,32.90408450948603
0.00019733194964494162,32.90584831307252
0.00019744312257431908,32.907647658651506
0.0001975542955036965,32.909481161423294
0.00019766546843307393,32.91134743658817
0.00019777664136245136,32.91324509934643
0.0001978878142918288,32.915172764898365
0.00019799898722120622,32.91712904844426
0.00019811016015058364,32.91911256518442
0.0001982213330799611,32.92112193031913
0.00019833250600933853,32.92315575904869
0.00019844367893871595,32.92521266657339
0.00019855485186809338,32.92729126809351
0.0001986660247974708,32.929390178809356
0.00019877719772684824,32.93150801392122
0.00019888837065622567,32.93364338862939
0.00019899954358560312,32.935794918134164
0.00019911071651498055,32.93796121763583
0.00019922188944435798,32.940140902334676
0.0001993330623737354,32.94233258743101
0.00019944423530311283,32.94453488812511
0.00019955540823249026,32.94674641961728
0.0001996665811618677,32.948965797107796
0.00019977775409124514,32.95119163579697
0.00019988892702062257,32.95342255088508
0.00020000009995,32.955657157572425
