Time,Amplitude
0.0,32.838253143291844
1.111729293774319e-07,32.83948958846552
2.223458587548638e-07,32.840684385295894
3.3351878813229573e-07,32.84183803833696
4.446917175097276e-07,32.8429510521427
5.558646468871596e-07,32.8440239312671
6.670375762645915e-07,32.845057180264156
7.782105056420233e-07,32.84605130368785
8.893834350194552e-07,32.84700680609217
1.0005563643968871e-06,32.84792419203109
1.1117292937743191e-06,32.84880396605861
1.222902223151751e-06,32.849646632728714
1.334075152529183e-06,32.85045269659539
1.4452480819066147e-06,32.85122266221262
1.5564210112840467e-06,32.851957034134394
1.6675939406614785e-06,32.8526563169147
1.7787668700389105e-06,32.85332101510752
1.8899397994163425e-06,32.85395163326684
2.0011127287937743e-06,32.85454867594665
2.112285658171206e-06,32.85511264770094
2.2234585875486383e-06,32.855644053083694
2.33463151692607e-06,32.8561433966489
2.445804446303502e-06,32.85661118295054
2.5569773756809336e-06,32.857047916542605
2.668150305058366e-06,32.85745410197908
2.7793232344357976e-06,32.85783024381394
2.8904961638132294e-06,32.8581768466012
3.0016690931906616e-06,32.85849441489482
3.1128420225680934e-06,32.858783453248805
3.224014951945525e-06,32.85904446621713
3.335187881322957e-06,32.85927795835378
3.446360810700389e-06,32.859484434212746
3.557533740077821e-06,32.85966439834802
3.6687066694552528e-06,32.859818355313585
3.779879598832685e-06,32.85994680966343
3.891052528210116e-06,32.86005026595153
4.0022254575875485e-06,32.86012922873188
4.113398386964981e-06,32.86018420255847
4.224571316342412e-06,32.86021569198528
4.335744245719844e-06,32.860224201566304
4.4469171750972765e-06,32.860210235855526
4.558090104474708e-06,32.86017429940693
4.66926303385214e-06,32.86011689677451
4.780435963229572e-06,32.860038532512235
4.891608892607004e-06,32.85993971117411
5.002781821984436e-06,32.85982093731411
5.113954751361867e-06,32.85968271548623
5.2251276807392995e-06,32.859525550244456
5.336300610116732e-06,32.85934994614277
5.447473539494163e-06,32.859156407735156
5.558646468871595e-06,32.85894543957091
5.6698193982490274e-06,32.85746785064219
5.780992327626459e-06,32.85631579241899
5.892165257003891e-06,32.85461897179451
6.003338186381323e-06,32.853656833974455
6.114511115758755e-06,32.85340045918958
6.225684045136187e-06,32.85173655811553
6.336856974513619e-06,32.8504653765003
6.44802990389105e-06,32.84957262029401
6.559202833268483e-06,32.84978249790994
6.670375762645914e-06,32.85022828268258
6.781548692023346e-06,32.85249009809952
6.892721621400778e-06,32.85139693561168
7.00389455077821e-06,32.85396299880463
7.115067480155642e-06,32.853947424199944
7.226240409533074e-06,32.854112197267334
7.3374133389105055e-06,32.85407710776316
7.448586268287938e-06,32.85456121162856
7.55975919766537e-06,32.854573121029
7.670932127042801e-06,32.855241008748656
7.782105056420233e-06,32.85528508724992
7.893277985797666e-06,32.85481372098394
8.004450915175097e-06,32.85541969282483
8.115623844552528e-06,32.85485653327747
8.226796773929961e-06,32.85334855650104
8.337969703307393e-06,32.85398056326896
8.449142632684824e-06,32.85367742940794
8.560315562062257e-06,32.854352779293414
8.671488491439689e-06,32.85414285218263
8.78266142081712e-06,32.85342831629028
8.893834350194553e-06,32.853943697190935
9.005007279571984e-06,32.85324291105831
9.116180208949416e-06,32.85355625836537
9.227353138326849e-06,32.85268786275873
9.33852606770428e-06,32.85188028586221
9.449698997081712e-06,32.8504746976887
9.560871926459145e-06,32.84798652731704
9.672044855836576e-06,32.84661444118992
9.783217785214007e-06,32.84666938902821
9.89439071459144e-06,32.84711033472449
1.0005563643968872e-05,32.84828557342811
1.0116736573346303e-05,32.84874053734768
1.0227909502723734e-05,32.84809576218011
1.0339082432101168e-05,32.84667667650598
1.0450255361478599e-05,32.84803255267944
1.056142829085603e-05,32.84844712376458
1.0672601220233463e-05,32.8501877355215
1.0783774149610895e-05,32.850408106750606
1.0894947078988326e-05,32.851141553011246
1.1006120008365759e-05,32.85036616676486
1.111729293774319e-05,32.84945589016813
1.1228465867120622e-05,32.84982479827654
1.1339638796498055e-05,32.85102680093332
1.1450811725875486e-05,32.84988225737237
1.1561984655252918e-05,32.84962540490494
1.167315758463035e-05,32.84811285550425
1.1784330514007782e-05,32.84719238876597
1.1895503443385213e-05,32.84663310246388
1.2006676372762646e-05,32.84584015225185
1.2117849302140078e-05,32.84538458671892
1.222902223151751e-05,32.84571922864734
1.2340195160894942e-05,32.84550332557499
1.2451368090272374e-05,32.84325996738958
1.2562541019649805e-05,32.84175900404027
1.2673713949027238e-05,32.84215698712799
1.278488687840467e-05,32.8421202952648
1.28960598077821e-05,32.8413414665101
1.3007232737159532e-05,32.841084448492786
1.3118405666536965e-05,32.84129836780678
1.3229578595914397e-05,32.84227601583888
1.3340751525291828e-05,32.84357601626229
1.3451924454669261e-05,32.84534736878164
1.3563097384046692e-05,32.84525199777149
1.3674270313424124e-05,32.847094877609344
1.3785443242801557e-05,32.846487376709106
1.3896616172178988e-05,32.84890257574456
1.400778910155642e-05,32.84915264622389
1.4118962030933853e-05,32.8513826670774
1.4230134960311284e-05,32.85232370336042
1.4341307889688715e-05,32.852433225552865
1.4452480819066148e-05,32.85150538379162
1.456365374844358e-05,32.85250850238953
1.4674826677821011e-05,32.85244863300868
1.4785999607198444e-05,32.852953949137685
1.4897172536575875e-05,32.852532263435336
1.5008345465953307e-05,32.85345044703985
1.511951839533074e-05,32.85299928310052
1.5230691324708171e-05,32.85195926870773
1.5341864254085603e-05,32.85127108622555
1.5453037183463034e-05,32.85206692811437
1.5564210112840465e-05,32.8519268252806
1.56753830422179e-05,32.8520629564104
1.578655597159533e-05,32.85074520465245
1.5897728900972763e-05,32.84892355121881
1.6008901830350194e-05,32.84867937296158
1.6120074759727626e-05,32.8498425329111
1.6231247689105057e-05,32.849965564279614
1.634242061848249e-05,32.849537342277706
1.6453593547859923e-05,32.84987361805412
1.6564766477237354e-05,32.849974496531075
1.6675939406614786e-05,32.849641740540505
1.6787112335992217e-05,32.84982053849413
1.689828526536965e-05,32.85185479512464
1.7009458194747083e-05,32.85423977805916
1.7120631124124515e-05,32.85649367479201
1.7231804053501946e-05,32.85613156123651
1.7342976982879377e-05,32.85720775683637
1.745414991225681e-05,32.85798254311367
1.756532284163424e-05,32.86024573464531
1.767649577101167e-05,32.861179677404834
1.7787668700389106e-05,32.86251465203903
1.7898841629766537e-05,32.86041642341359
1.801001455914397e-05,32.85942624358131
1.81211874885214e-05,32.85960259404421
1.823236041789883e-05,32.8592620113677
1.8343533347276263e-05,32.857558570971776
1.8454706276653698e-05,32.85738172864336
1.856587920603113e-05,32.85502261902413
1.867705213540856e-05,32.854864614141256
1.8788225064785992e-05,32.853709486562686
1.8899397994163423e-05,32.853251120204
1.9010570923540854e-05,32.850149478660114
1.912174385291829e-05,32.848797163601866
1.923291678229572e-05,32.84703998946674
1.9344089711673152e-05,32.846611278876345
1.9455262641050583e-05,32.84743676897792
1.9566435570428015e-05,32.84684927905076
1.9677608499805446e-05,32.84645563313274
1.978878142918288e-05,32.844774134697076
1.9899954358560312e-05,32.844376276411644
2.0011127287937744e-05,32.84515238950789
2.0122300217315175e-05,32.843836576470494
2.0233473146692606e-05,32.84404279799821
2.0344646076070038e-05,32.84371798981262
2.045581900544747e-05,32.8438827220836
2.0566991934824904e-05,32.843509970212814
2.0678164864202335e-05,32.84246965553513
2.0789337793579766e-05,32.84461172286412
2.0900510722957198e-05,32.84393147660341
2.101168365233463e-05,32.84300947781488
2.112285658171206e-05,32.84316299074399
2.1234029511089495e-05,32.842401278961496
2.1345202440466927e-05,32.842635586160604
2.1456375369844358e-05,32.84251712490166
2.156754829922179e-05,32.843329810388056
2.167872122859922e-05,32.843237809376035
2.1789894157976652e-05,32.84120105406474
2.1901067087354087e-05,32.8404876350634
2.2012240016731518e-05,32.84064126180199
2.212341294610895e-05,32.839019714601065
2.223458587548638e-05,32.83692013089599
2.2345758804863812e-05,32.836451264016624
2.2456931734241244e-05,32.83511717663146
2.256810466361868e-05,32.833768982492764
2.267927759299611e-05,32.8340677405638
2.279045052237354e-05,32.832763688620794
2.2901623451750973e-05,32.83149491274881
2.3012796381128404e-05,32.83334915166275
2.3123969310505835e-05,32.83434193730941
2.3235142239883267e-05,32.83370602864648
2.33463151692607e-05,32.833412950343224
2.3457488098638133e-05,32.83254021340719
2.3568661028015564e-05,32.83416386522995
2.3679833957392995e-05,32.83475895484095
2.3791006886770427e-05,32.83609241528845
2.3902179816147858e-05,32.836507123026244
2.4013352745525293e-05,32.838651468931694
2.4124525674902724e-05,32.839109436360054
2.4235698604280156e-05,32.841819675602586
2.4346871533657587e-05,32.842336343767435
2.445804446303502e-05,32.84410556939001
2.456921739241245e-05,32.84283820364352
2.4680390321789884e-05,32.84267766557376
2.4791563251167316e-05,32.84404978869892
2.4902736180544747e-05,32.84544172721548
2.501390910992218e-05,32.84582691505325
2.512508203929961e-05,32.84633930066228
2.523625496867704e-05,32.846895713053954
2.5347427898054476e-05,32.84784979684009
2.5458600827431907e-05,32.84730239298821
2.556977375680934e-05,32.848101914806485
2.568094668618677e-05,32.848192294275464
2.57921196155642e-05,32.84718854324787
2.5903292544941633e-05,32.847872902538306
2.6014465474319064e-05,32.8491044106907
2.61256384036965e-05,32.850247378931904
2.623681133307393e-05,32.85075209646333
2.634798426245136e-05,32.852074778303205
2.6459157191828793e-05,32.85391778200759
2.6570330121206224e-05,32.85521747532214
2.6681503050583656e-05,32.85537234361823
2.679267597996109e-05,32.85634179770439
2.6903848909338522e-05,32.856287623240924
2.7015021838715953e-05,32.85866404367645
2.7126194768093385e-05,32.86113063337436
2.7237367697470816e-05,32.864341917604534
2.7348540626848247e-05,32.863417830844625
2.7459713556225682e-05,32.86411576669259
2.7570886485603113e-05,32.863815566258836
2.7682059414980545e-05,32.86400629022246
2.7793232344357976e-05,32.863318903634806
2.7904405273735408e-05,32.86431394040817
2.801557820311284e-05,32.8642313267867
2.8126751132490274e-05,32.86403203165442
2.8237924061867705e-05,32.862379307436456
2.8349096991245136e-05,32.86208798467023
2.8460269920622568e-05,32.861330496439244
2.857144285e-05,32.85998133215504
2.868261577937743e-05,32.85899160417424
2.8793788708754862e-05,32.85673903711773
2.8904961638132297e-05,32.855791729517136
2.9016134567509728e-05,32.85422034460719
2.912730749688716e-05,32.8521083314708
2.923848042626459e-05,32.8506189003989
2.9349653355642022e-05,32.85015838709823
2.9460826285019453e-05,32.848282024707366
2.9571999214396888e-05,32.84832431525392
2.968317214377432e-05,32.84760826411682
2.979434507315175e-05,32.84811245230036
2.9905518002529182e-05,32.847333556335386
3.0016690931906614e-05,32.84773885933652
3.0127863861284045e-05,32.84668395108401
3.023903679066148e-05,32.84708607122325
3.035020972003891e-05,32.84792367206315
3.0461382649416342e-05,32.847973221241034
3.057255557879378e-05,32.84694337853261
3.0683728508171205e-05,32.84701409189873
3.079490143754864e-05,32.84698534169166
3.090607436692607e-05,32.84821717538148
3.10172472963035e-05,32.84809606292295
3.112842022568093e-05,32.84839509391606
3.1239593155058365e-05,32.84750722990698
3.13507660844358e-05,32.84758011306684
3.146193901381323e-05,32.84770934337556
3.157311194319066e-05,32.84590660530351
3.168428487256809e-05,32.84564549255405
3.1795457801945526e-05,32.845875492390334
3.1906630731322954e-05,32.84490419972449
3.201780366070039e-05,32.842404525993075
3.212897659007782e-05,32.83957994166668
3.224014951945525e-05,32.83971506775593
3.2351322448832686e-05,32.83748657665772
3.2462495378210114e-05,32.83620819966609
3.257366830758755e-05,32.833459371289884
3.268484123696498e-05,32.83310929071048
3.279601416634241e-05,32.83257700450189
3.2907187095719846e-05,32.8313905874717
3.3018360025097274e-05,32.832442922086024
3.312953295447471e-05,32.83154746186606
3.324070588385214e-05,32.83173608221088
3.335187881322957e-05,32.83114919477885
3.3463051742607006e-05,32.83159138928103
3.3574224671984434e-05,32.83152034464923
3.368539760136187e-05,32.832139479339176
3.37965705307393e-05,32.83240236571125
3.390774346011673e-05,32.833551901979085
3.4018916389494166e-05,32.83390110339773
3.4130089318871594e-05,32.83377323509893
3.424126224824903e-05,32.833069023165834
3.435243517762646e-05,32.83272065606406
3.446360810700389e-05,32.833306547159715
3.457478103638132e-05,32.83419320540063
3.4685953965758755e-05,32.835238165143736
3.479712689513619e-05,32.8350044045326
3.490829982451362e-05,32.836104004090046
3.501947275389105e-05,32.83604787937541
3.513064568326848e-05,32.835494607273134
3.5241818612645915e-05,32.83445571263005
3.535299154202334e-05,32.83372699680935
3.546416447140078e-05,32.832985194598166
3.557533740077821e-05,32.831334213061325
3.568651033015564e-05,32.8289761479024
3.5797683259533075e-05,32.82888438283914
3.59088561889105e-05,32.828276531002395
3.602002911828794e-05,32.82866619622342
3.613120204766537e-05,32.82783418234551
3.62423749770428e-05,32.82838136385052
3.6353547906420235e-05,32.82860164094338
3.646472083579766e-05,32.829709084507904
3.65758937651751e-05,32.828987403208046
3.6687066694552526e-05,32.82992119141766
3.679823962392996e-05,32.8315281742658
3.6909412553307395e-05,32.83301049412419
3.702058548268482e-05,32.83308231912503
3.713175841206226e-05,32.83335965870769
3.7242931341439686e-05,32.83352985486587
3.735410427081712e-05,32.83438919046189
3.746527720019455e-05,32.83289428338268
3.7576450129571984e-05,32.833195601546144
3.768762305894942e-05,32.83375489853859
3.7798795988326846e-05,32.83377003723546
3.790996891770428e-05,32.8333155143988
3.802114184708171e-05,32.834627049132514
3.8132314776459144e-05,32.83480844873545
3.824348770583658e-05,32.83487878132352
3.8354660635214006e-05,32.8320895730798
3.846583356459144e-05,32.830346990793885
3.857700649396887e-05,32.82882861266602
3.8688179423346304e-05,32.82916646277314
3.879935235272373e-05,32.83117406237922
3.891052528210117e-05,32.83099284387763
3.90216982114786e-05,32.83066831106173
3.913287114085603e-05,32.830022335874816
3.9244044070233464e-05,32.83136661342357
3.935521699961089e-05,32.83153242129523
3.946638992898833e-05,32.83160445918426
3.957756285836576e-05,32.8314929937892
3.968873578774319e-05,32.832159647808076
3.9799908717120624e-05,32.83375611447701
3.991108164649805e-05,32.834474936711295
4.002225457587549e-05,32.83544878845609
4.0133427505252915e-05,32.83612963217538
4.024460043463035e-05,32.83572244706089
4.0355773364007785e-05,32.83897456097987
4.046694629338521e-05,32.83973965170943
4.057811922276265e-05,32.84119871798074
4.0689292152140075e-05,32.84226468512742
4.080046508151751e-05,32.84438364341296
4.091163801089494e-05,32.8435961897017
4.102281094027237e-05,32.84536044337072
4.113398386964981e-05,32.845611777082866
4.1245156799027235e-05,32.845963660354656
4.135632972840467e-05,32.845581886758325
4.14675026577821e-05,32.846984854944935
4.157867558715953e-05,32.84742089116975
4.168984851653697e-05,32.84786801462782
4.1801021445914396e-05,32.84862823091885
4.191219437529183e-05,32.85024237292502
4.202336730466926e-05,32.849892316243256
4.213454023404669e-05,32.84968973984963
4.224571316342412e-05,32.84956426806313
4.2356886092801556e-05,32.847934315911864
4.246805902217899e-05,32.848243326634936
4.257923195155642e-05,32.848379686859644
4.269040488093385e-05,32.84892088549407
4.280157781031128e-05,32.84804578516375
4.2912750739688716e-05,32.84719856602412
4.3023923669066144e-05,32.84747059877034
4.313509659844358e-05,32.84931715131435
4.3246269527821014e-05,32.84952150701205
4.335744245719844e-05,32.85124648203456
4.3468615386575876e-05,32.849877833793045
4.3579788315953304e-05,32.852763735631
4.369096124533074e-05,32.85378246773523
4.3802134174708174e-05,32.85547873871683
4.39133071040856e-05,32.85359992624954
4.4024480033463036e-05,32.85375325259592
4.4135652962840464e-05,32.85222985247396
4.42468258922179e-05,32.85140519158227
4.435799882159533e-05,32.851191690074735
4.446917175097276e-05,32.850684954980935
4.45803446803502e-05,32.84988992482123
4.4691517609727625e-05,32.85209872120112
4.480269053910506e-05,32.85257938040873
4.491386346848249e-05,32.85171960163602
4.502503639785992e-05,32.852063369786144
4.513620932723736e-05,32.85141618124887
4.5247382256614785e-05,32.84967274191422
4.535855518599222e-05,32.85017556639317
4.546972811536965e-05,32.848780410478874
4.558090104474708e-05,32.849742154847256
4.569207397412451e-05,32.84937254157963
4.5803246903501945e-05,32.849563405833685
4.591441983287938e-05,32.84785846444216
4.602559276225681e-05,32.848524154706894
4.613676569163424e-05,32.84616981709975
4.624793862101167e-05,32.84540051583386
4.6359111550389105e-05,32.845312192187635
4.647028447976653e-05,32.84698080758687
4.658145740914397e-05,32.84869863540067
4.66926303385214e-05,32.84913189971357
4.680380326789883e-05,32.84975619545135
4.6914976197276265e-05,32.85178830666053
4.7026149126653693e-05,32.85337336629892
4.713732205603113e-05,32.85371384239964
4.724849498540856e-05,32.85408283555325
4.735966791478599e-05,32.855140356840316
4.7470840844163426e-05,32.85630125774174
4.7582013773540854e-05,32.855107309815956
4.769318670291829e-05,32.85541617382022
4.7804359632295716e-05,32.85605058077462
4.791553256167315e-05,32.85657574940519
4.8026705491050586e-05,32.854038142977785
4.8137878420428014e-05,32.85346913393292
4.824905134980545e-05,32.852931592837116
4.8360224279182877e-05,32.85438594584462
4.847139720856031e-05,32.853043024364204
4.858257013793774e-05,32.88135807122725
4.8693743067315174e-05,33.34431911141172
4.880491599669261e-05,33.75783694163856
4.891608892607004e-05,34.12471016903565
4.902726185544747e-05,34.44706862197497
4.91384347848249e-05,34.72480764933447
4.9249607714202334e-05,34.95676911278955
4.936078064357977e-05,35.14771835204474
4.94719535729572e-05,35.29615408368011
4.958312650233463e-05,35.406141059586076
4.969429943171206e-05,35.47449120161956
4.9805472361089494e-05,35.505878705429076
4.991664529046692e-05,35.49474078576207
5.002781821984436e-05,35.44928841775151
5.013899114922179e-05,35.36654676611228
5.025016407859922e-05,35.25170614045531
5.0361337007976655e-05,35.10244655281721
5.047250993735408e-05,34.92147292375308
5.058368286673152e-05,34.708011300491506
5.069485579610895e-05,34.46693520054092
5.080602872548638e-05,34.19331401500294
5.0917201654863815e-05,33.89262585083147
5.102837458424124e-05,33.56147378319369
5.113954751361868e-05,33.20449246399972
5.1250720442996105e-05,32.82084638311149
5.136189337237354e-05,32.410663739595094
5.1473066301750975e-05,31.97804194345446
5.15842392311284e-05,31.52236208725025
5.169541216050584e-05,31.044828631525284
5.1806585089883266e-05,30.543850398969035
5.19177580192607e-05,30.02483167351977
5.202893094863813e-05,29.484568889895854
5.214010387801556e-05,28.928502753183412
5.2251276807393e-05,28.352607501290123
5.2362449736770426e-05,27.7638330446158
5.247362266614786e-05,27.157317386771616
5.258479559552529e-05,26.536358374310243
5.269596852490272e-05,25.901677990040913
5.280714145428016e-05,25.256890978614287
5.2918314383657586e-05,24.598495452804592
5.302948731303502e-05,23.930749714934528
5.314066024241245e-05,23.2506258342786
5.3251833171789884e-05,22.5641640778702
5.336300610116731e-05,21.868721459574832
5.3474179030544746e-05,21.168471829412315
5.358535195992218e-05,20.460134346493856
5.369652488929961e-05,19.747379542060724
5.3807697818677044e-05,19.030159081413
5.391887074805447e-05,18.308893547587097
5.4030043677431907e-05,17.586711131057676
5.4141216606809334e-05,16.862327446686173
5.425238953618677e-05,16.136087651862216
5.4363562465564204e-05,15.409625932798395
5.447473539494163e-05,14.685522464240814
5.458590832431907e-05,13.964623348414495
5.4697081253696495e-05,13.247477442219893
5.480825418307393e-05,12.532736166019557
5.4919427112451364e-05,11.824173170940457
5.503060004182879e-05,11.121254064951714
5.514177297120623e-05,10.428664429997832
5.5252945900583655e-05,9.742834518314966
5.536411882996109e-05,9.06652501719185
5.547529175933852e-05,8.399547804637995
5.558646468871595e-05,7.743469107487629
5.569763761809339e-05,7.097088672999735
5.5808810547470815e-05,6.465800663795904
5.591998347684825e-05,5.845498557503563
5.603115640622568e-05,5.241069207339328
5.614232933560311e-05,4.6527916548728045
5.625350226498055e-05,4.08081150897378
5.6364675194357975e-05,3.5260498443224213
5.647584812373541e-05,2.9911736373089033
5.658702105311284e-05,2.4748910292909523
5.669819398249027e-05,1.9795168913114731
5.68093669118677e-05,1.5028317462149587
5.6920539841245135e-05,1.0499825979145307
5.703171277062257e-05,0.6195507564923777
5.71428857e-05,0.21454772335026795
5.725405862937743e-05,-0.16753766012472418
5.736523155875486e-05,-0.5211903038093183
5.7476404488132296e-05,-0.8484493758330907
5.7587577417509724e-05,-1.1476354433038813
5.769875034688716e-05,-1.420078566678291
5.780992327626459e-05,-1.6624651051422397
5.792109620564202e-05,-1.87335409055864
5.8032269135019456e-05,-2.0513087876298326
5.8143442064396884e-05,-2.1980336664727584
5.825461499377432e-05,-2.3112229597215648
5.836578792315175e-05,-2.388164364524704
5.847696085252918e-05,-2.43066409644849
5.8588133781906616e-05,-2.4371952851729586
5.8699306711284044e-05,-2.4056442083500844
5.881047964066148e-05,-2.3343309945585458
5.892165257003891e-05,-2.2257863341052517
5.903282549941634e-05,-2.0762137633903306
5.9143998428793776e-05,-1.8851037412314056
5.9255171358171204e-05,-1.6503336425946036
5.936634428754864e-05,-1.374023772119
5.947751721692607e-05,-1.0517083138887087
5.95886901463035e-05,-0.6864049258260988
5.9699863075680936e-05,-0.2730999626470533
5.9811036005058364e-05,0.15479563709532906
5.99222089344358e-05,0.14674201673153936
6.003338186381323e-05,0.13833141015548592
6.014455479319066e-05,0.1295638173671686
6.025572772256809e-05,0.12043923836658751
6.0366900651945525e-05,0.11172070569815348
6.047807358132296e-05,0.10368707905252075
6.058924651070039e-05,0.0951918370398502
6.070041944007782e-05,0.08715132662458175
6.081159236945525e-05,0.0786213667275823
6.0922765298832685e-05,0.07112251389782145
6.103393822821011e-05,0.06414599804968425
6.114511115758755e-05,0.0596649689873872
6.125628408696498e-05,0.05316088029923735
6.136745701634241e-05,0.0495771061736027
6.147862994571984e-05,0.045361343405951285
6.158980287509728e-05,0.04136762603855785
6.170097580447471e-05,0.036374965370415305
6.181214873385214e-05,0.03141521952582862
6.192332166322958e-05,0.023666619574127697
6.2034494592607e-05,0.01842921640354103
6.214566752198443e-05,0.013495142729470033
6.225684045136186e-05,0.00888041989547327
6.23680133807393e-05,0.003773336641684829
6.247918631011673e-05,0.0006369666341527161
6.259035923949416e-05,-0.0020943188485284428
6.27015321688716e-05,-0.00414251672876036
6.281270509824903e-05,-0.007378970232791922
6.292387802762646e-05,-0.010058918495258397
6.303505095700388e-05,-0.011557198098523336
6.314622388638133e-05,-0.013551611759625071
6.325739681575875e-05,-0.01479564769901891
6.336856974513618e-05,-0.014543086196510959
6.347974267451362e-05,-0.01466260966401243
6.359091560389105e-05,-0.0160621305300938
6.370208853326848e-05,-0.01664562538239967
6.381326146264591e-05,-0.015578202283535169
6.392443439202335e-05,-0.015586563703447942
6.403560732140078e-05,-0.017591042769347223
6.41467802507782e-05,-0.016502901563062673
6.425795318015565e-05,-0.01677717172004509
6.436912610953307e-05,-0.015160039938680933
6.44802990389105e-05,-0.01453167973624425
6.459147196828794e-05,-0.014551271206472212
6.470264489766537e-05,-0.014490578864292208
6.48138178270428e-05,-0.012485034833298402
6.492499075642023e-05,-0.010839803504111515
6.503616368579767e-05,-0.010589518819246716
6.51473366151751e-05,-0.010737216078546982
6.525850954455252e-05,-0.009827381162992576
6.536968247392997e-05,-0.00806459502336885
6.54808554033074e-05,-0.005488226586640594
6.559202833268482e-05,-0.0032367481420270787
6.570320126206225e-05,-0.00031443083180069883
6.581437419143969e-05,0.0018216725843862008
6.592554712081712e-05,0.00533504868556594
6.603672005019455e-05,0.007866271750873864
6.614789297957199e-05,0.01081566771962086
6.625906590894942e-05,0.013600405526860697
6.637023883832685e-05,0.016997434851508925
6.648141176770427e-05,0.019644014157884276
6.659258469708171e-05,0.022947129817062255
6.670375762645914e-05,0.02607255885740958
6.681493055583657e-05,0.02959823278602742
6.692610348521401e-05,0.03311485514524243
6.703727641459144e-05,0.03632477590552348
6.714844934396887e-05,0.039220147588620004
6.72596222733463e-05,0.041611995307713645
6.737079520272374e-05,0.04504331527330228
6.748196813210117e-05,0.049672837574721046
6.75931410614786e-05,0.05325754984327644
6.770431399085604e-05,0.05726115636940065
6.781548692023346e-05,0.06066274804169103
6.792665984961089e-05,0.06444961589949381
6.803783277898833e-05,0.0680461876792223
6.814900570836576e-05,0.07233102345157057
6.826017863774319e-05,0.07542749833803503
6.837135156712062e-05,0.08020095922283506
6.848252449649806e-05,0.08559078221368124
6.859369742587549e-05,0.08882998409260584
6.870487035525291e-05,0.09325734167900052
6.881604328463036e-05,0.09661621473163169
6.892721621400778e-05,0.10102397480355713
6.903838914338521e-05,0.10583426537642299
6.914956207276264e-05,0.11143590062839505
6.926073500214008e-05,0.11689287766146596
6.937190793151751e-05,0.1219268930838034
6.948308086089494e-05,0.12667036500130519
6.959425379027238e-05,0.13175658336356424
6.97054267196498e-05,0.13646497556761863
6.981659964902723e-05,0.142371902041416
6.992777257840466e-05,0.14747927408834416
7.00389455077821e-05,0.15370012669669972
7.015011843715953e-05,0.15945091463761327
7.026129136653696e-05,0.1637359042650677
7.03724642959144e-05,0.16745509739515935
7.048363722529183e-05,0.1722928496877251
7.059481015466926e-05,0.1759713338781375
7.070598308404669e-05,0.18045728309682232
7.081715601342413e-05,0.18533154046758984
7.092832894280155e-05,0.1895562748516347
7.103950187217898e-05,0.19476606661623977
7.115067480155642e-05,0.1997384284519971
7.126184773093385e-05,0.20404361871213164
7.137302066031128e-05,0.20723098772933485
7.148419358968871e-05,0.21030716346398134
7.159536651906615e-05,0.214296345962232
7.170653944844358e-05,0.21737601691468988
7.1817712377821e-05,0.2198461030012234
7.192888530719845e-05,0.22328830921489293
7.204005823657588e-05,0.22603674535566431
7.21512311659533e-05,0.2286008736979889
7.226240409533074e-05,0.23078392501666287
7.237357702470817e-05,0.23283467374190195
7.24847499540856e-05,0.23543890398100453
7.259592288346303e-05,0.23735808027169283
7.270709581284047e-05,0.23937551289464443
7.28182687422179e-05,0.2410528622578151
7.292944167159533e-05,0.24062450135137325
7.304061460097277e-05,0.24099741406644803
7.31517875303502e-05,0.24180666692208544
7.326296045972762e-05,0.2430032738675132
7.337413338910505e-05,0.24190843371246903
7.348530631848249e-05,0.24193164727162608
7.359647924785992e-05,0.24137417323114646
7.370765217723735e-05,0.24078790320315469
7.381882510661479e-05,0.23970182281215843
7.392999803599222e-05,0.237700322414639
7.404117096536965e-05,0.23684186258328824
7.415234389474707e-05,0.23509754046697623
7.426351682412452e-05,0.23370320218120247
7.437468975350194e-05,0.2315621521308966
7.448586268287937e-05,0.22967938508646438
7.459703561225681e-05,0.2255679047434978
7.470820854163424e-05,0.2228225199834628
7.481938147101167e-05,0.21927261341063856
7.49305544003891e-05,0.2161857750344458
7.504172732976654e-05,0.21272682621117114
7.515290025914397e-05,0.2093240979972659
7.52640731885214e-05,0.20641089412158906
7.537524611789884e-05,0.20218589277070553
7.548641904727626e-05,0.19839339821631966
7.559759197665369e-05,0.1939123653918818
7.570876490603113e-05,0.18934966986888793
7.581993783540856e-05,0.18560796803085686
7.593111076478599e-05,0.180589676915173
7.604228369416342e-05,0.17575015595973323
7.615345662354086e-05,0.17018996552984547
7.626462955291829e-05,0.16583716376134133
7.637580248229572e-05,0.1617279194619767
7.648697541167316e-05,0.15760335121448008
7.659814834105058e-05,0.15280088038771825
7.670932127042801e-05,0.1471801479127402
7.682049419980544e-05,0.14234971965235815
7.693166712918288e-05,0.13701377770265497
7.704284005856031e-05,0.13220622113056457
7.715401298793774e-05,0.1270011863171956
7.726518591731518e-05,0.1223144553482558
7.737635884669261e-05,0.11704544755592534
7.748753177607004e-05,0.11249631742467033
7.759870470544746e-05,0.1069892122895862
7.77098776348249e-05,0.1017703901903794
7.782105056420233e-05,0.09668894503230584
7.793222349357976e-05,0.09129870603635105
7.80433964229572e-05,0.08556344915359358
7.815456935233463e-05,0.08067000811835293
7.826574228171206e-05,0.07559889297573456
7.837691521108949e-05,0.07130327697030343
7.848808814046693e-05,0.06763444322100422
7.859926106984436e-05,0.06323040012659345
7.871043399922178e-05,0.05773619773792416
7.882160692859923e-05,0.05339392342629316
7.893277985797665e-05,0.048818724560544
7.904395278735408e-05,0.04507105725491523
7.915512571673152e-05,0.04120929527992187
7.926629864610895e-05,0.037820750932349045
7.937747157548638e-05,0.033990452351748975
7.948864450486381e-05,0.03167236018467096
7.959981743424125e-05,0.027977146915716355
7.971099036361868e-05,0.023749431564632145
7.98221632929961e-05,0.02191496157879965
7.993333622237355e-05,0.019249192994995105
8.004450915175097e-05,0.018020468387651856
8.01556820811284e-05,0.016137041265246364
8.026685501050583e-05,0.014118578345223771
8.037802793988327e-05,0.011461612335602053
8.04892008692607e-05,0.009031171942223484
8.060037379863813e-05,0.007152407106692015
8.071154672801557e-05,0.0057585108206743224
8.0822719657393e-05,0.004207488043641128
8.093389258677043e-05,0.0026350850664928474
8.104506551614785e-05,0.0003764109591032225
8.11562384455253e-05,-0.00080878981547728
8.126741137490272e-05,-0.0031357638684792024
8.137858430428015e-05,-0.005446485910050978
8.148975723365759e-05,-0.005901662404168783
8.160093016303502e-05,-0.00557806331868462
8.171210309241245e-05,-0.006570781723336181
8.182327602178988e-05,-0.00589653063128414
8.193444895116732e-05,-0.006410660688971327
8.204562188054475e-05,-0.0067363343375742
8.215679480992217e-05,-0.006752175756013236
8.226796773929961e-05,-0.0074824565590073475
8.237914066867704e-05,-0.009286235782728186
8.249031359805447e-05,-0.009453306042694643
8.26014865274319e-05,-0.00929854579155868
8.271265945680934e-05,-0.008137268254226625
8.282383238618677e-05,-0.007994524464017749
8.29350053155642e-05,-0.007366520751217244
8.304617824494164e-05,-0.0070041205192129885
8.315735117431907e-05,-0.007954326425624362
8.32685241036965e-05,-0.00833966751124576
8.337969703307394e-05,-0.007995298578414998
8.349086996245136e-05,-0.007912741034041843
8.360204289182879e-05,-0.007622756557887501
8.371321582120622e-05,-0.007211344427808054
8.382438875058366e-05,-0.00789325521511279
8.393556167996109e-05,-0.009058707621396659
8.404673460933852e-05,-0.009298513607037167
8.415790753871596e-05,-0.00869437998417347
8.426908046809339e-05,-0.008061230727428008
8.438025339747081e-05,-0.0067912826076157165
8.449142632684824e-05,-0.006223164422774821
8.460259925622568e-05,-0.005309134563239401
8.471377218560311e-05,-0.0048933614076967814
8.482494511498054e-05,-0.00329974559240655
8.493611804435798e-05,-0.0023355881916426115
8.504729097373541e-05,-0.00028777925144401594
8.515846390311284e-05,0.0003571758853776257
8.526963683249027e-05,0.0016493662169045015
8.53808097618677e-05,0.002923796786329293
8.549198269124513e-05,0.004187091089514666
8.560315562062256e-05,0.005737482352250025
8.571432855e-05,0.007137919719571184
8.582550147937743e-05,0.007483714866814232
8.593667440875486e-05,0.009494748636997825
8.604784733813229e-05,0.010565888765254524
8.615902026750973e-05,0.010820981409776576
8.627019319688716e-05,0.012341025029219745
8.638136612626459e-05,0.01429795681750381
8.649253905564203e-05,0.015138147933316073
8.660371198501945e-05,0.016255412071720262
8.671488491439688e-05,0.01639232076353109
8.682605784377432e-05,0.01962220144431303
8.693723077315175e-05,0.02082548347850632
8.704840370252918e-05,0.022995242907228017
8.715957663190661e-05,0.023772400856780982
8.727074956128405e-05,0.027004708773027658
8.738192249066148e-05,0.02831530380831162
8.74930954200389e-05,0.029963265153953908
8.760426834941635e-05,0.03166198653753732
8.771544127879378e-05,0.03428618294371597
8.78266142081712e-05,0.03723945605698267
8.793778713754863e-05,0.03951044562701991
8.804896006692607e-05,0.04198665957262377
8.81601329963035e-05,0.04394472081681607
8.827130592568093e-05,0.04608963323763
8.838247885505837e-05,0.04823973488762735
8.84936517844358e-05,0.0507537469768449
8.860482471381323e-05,0.05331741249920723
8.871599764319065e-05,0.05683988851135206
8.88271705725681e-05,0.05937602143106479
8.893834350194552e-05,0.061653741246743554
8.904951643132295e-05,0.06507630316113185
8.91606893607004e-05,0.06750544415912368
8.927186229007782e-05,0.0692073011970605
8.938303521945525e-05,0.07249520407555912
8.949420814883268e-05,0.07496031134995225
8.960538107821012e-05,0.07695927148672414
8.971655400758755e-05,0.07870736394847014
8.982772693696497e-05,0.08161955388810216
8.993889986634242e-05,0.0844264259805202
9.005007279571984e-05,0.08728084917479814
9.016124572509727e-05,0.08998237587882879
9.027241865447471e-05,0.09188616412374238
9.038359158385214e-05,0.0956180720113146
9.049476451322957e-05,0.09779639185947334
9.0605937442607e-05,0.10071592645334392
9.071711037198444e-05,0.10370810551537843
9.082828330136187e-05,0.10504261000166519
9.09394562307393e-05,0.10702888895866919
9.105062916011674e-05,0.10948027419101157
9.116180208949416e-05,0.11126800866305121
9.127297501887159e-05,0.11302531247382312
9.138414794824902e-05,0.11489488297999714
9.149532087762646e-05,0.11694696246572374
9.160649380700389e-05,0.11813951164515858
9.171766673638132e-05,0.12027150228981061
9.182883966575876e-05,0.12065536976211554
9.194001259513619e-05,0.12166143805190005
9.205118552451362e-05,0.12239265644791145
9.216235845389104e-05,0.1247109003955493
9.227353138326848e-05,0.12682652481205925
9.238470431264591e-05,0.12850572168807758
9.249587724202334e-05,0.12991579726319627
9.260705017140078e-05,0.13070560841493575
9.271822310077821e-05,0.13163546599297402
9.282939603015564e-05,0.13229701637849064
9.294056895953307e-05,0.13222235386284673
9.305174188891051e-05,0.13251171296652056
9.316291481828794e-05,0.13255785556631716
9.327408774766536e-05,0.1319938736117687
9.33852606770428e-05,0.13200904486878606
9.349643360642023e-05,0.1308435867551321
9.360760653579766e-05,0.12985115285908033
9.37187794651751e-05,0.12905316711303286
9.382995239455253e-05,0.12838844540004388
9.394112532392996e-05,0.1268820243921624
9.405229825330739e-05,0.12471323456052522
9.416347118268483e-05,0.12335016200804966
9.427464411206226e-05,0.12263010494089255
9.438581704143968e-05,0.12139143689187123
9.449698997081713e-05,0.1199013691764646
9.460816290019455e-05,0.11867091987147227
9.471933582957198e-05,0.11779170408758922
9.483050875894941e-05,0.11655714901420965
9.494168168832685e-05,0.11444543938140252
9.505285461770428e-05,0.1132995498326618
9.516402754708171e-05,0.11230291603548048
9.527520047645915e-05,0.11067408688193575
9.538637340583658e-05,0.10972089220677668
9.5497546335214e-05,0.10793619423372201
9.560871926459143e-05,0.10559958219351896
9.571989219396887e-05,0.10374352068035966
9.58310651233463e-05,0.10230456590015229
9.594223805272373e-05,0.10015974897279481
9.605341098210117e-05,0.09827465557678604
9.61645839114786e-05,0.09571705208560216
9.627575684085603e-05,0.09249871691234107
9.638692977023346e-05,0.08971585540945012
9.64981026996109e-05,0.08724538116602203
9.660927562898833e-05,0.08440592468535998
9.672044855836575e-05,0.08194585287834562
9.68316214877432e-05,0.07908756839131845
9.694279441712062e-05,0.07630812368144027
9.705396734649805e-05,0.0746455345168965
9.716514027587548e-05,0.07133742503009032
9.727631320525292e-05,0.06892941411476534
9.738748613463035e-05,0.06748972797350629
9.749865906400778e-05,0.06444205521321965
9.760983199338522e-05,0.06146536735949815
9.772100492276265e-05,0.059666683602144374
9.783217785214007e-05,0.05775638439424455
9.794335078151751e-05,0.05652848970506194
9.805452371089494e-05,0.052909743694870774
9.816569664027237e-05,0.05130275052191747
9.82768695696498e-05,0.0488303069512926
9.838804249902724e-05,0.0477499238700234
9.849921542840467e-05,0.0444673687770761
9.86103883577821e-05,0.0431365516974932
9.872156128715954e-05,0.040817434543719104
9.883273421653697e-05,0.03957293570443382
9.89439071459144e-05,0.03750618395928952
9.905508007529182e-05,0.03509493378770977
9.916625300466926e-05,0.03338633656163337
9.927742593404669e-05,0.03154463571351391
9.938859886342412e-05,0.03033249501972216
9.949977179280156e-05,0.028803511469992223
9.961094472217899e-05,0.026887565910059162
9.972211765155642e-05,0.025656556424111028
9.983329058093384e-05,0.023621223075912127
9.994446351031129e-05,0.021546648860121732
0.00010005563643968871,0.01942696010298019
0.00010016680936906614,0.018687872463661853
0.00010027798229844358,0.0169159854064824
0.00010038915522782101,0.015614257437814636
0.00010050032815719844,0.014397412935302318
0.00010061150108657587,0.012722243840265773
0.00010072267401595331,0.012064069426568149
0.00010083384694533074,0.01231072185869864
0.00010094501987470817,0.011726773170450658
0.0001010561928040856,0.01148240519071427
0.00010116736573346303,0.011018861821589336
0.00010127853866284046,0.010228492388250382
0.0001013897115922179,0.009117070671168515
0.00010150088452159533,0.010089667251447082
0.00010161205745097276,0.009020136849415671
0.00010172323038035019,0.009265136812776733
0.00010183440330972763,0.008776636847400418
0.00010194557623910506,0.008312436086644004
0.00010205674916848249,0.00794211721465758
0.00010216792209785993,0.007460345585900273
0.00010227909502723736,0.006900636828533679
0.00010239026795661478,0.00741830759679334
0.00010250144088599221,0.0074153930304604095
0.00010261261381536965,0.008117166298252834
0.00010272378674474708,0.008497676496750158
0.00010283495967412451,0.008644530697409378
0.00010294613260350195,0.007914660767280665
0.00010305730553287938,0.010339343430522906
0.0001031684784622568,0.01123250891592337
0.00010327965139163423,0.012979000468903481
0.00010339082432101168,0.013579828620955022
0.0001035019972503891,0.01340228977057699
0.00010361317017976653,0.012201385900910808
0.00010372434310914397,0.01109145335974052
0.0001038355160385214,0.012662940313241196
0.00010394668896789883,0.012155026882948882
0.00010405786189727626,0.012789550187718574
0.0001041690348266537,0.014084280224514766
0.00010428020775603113,0.013512852247072325
0.00010439138068540855,0.014076303017556918
0.000104502553614786,0.01411538191349839
0.00010461372654416342,0.014116722961470648
0.00010472489947354085,0.015584224966477524
0.0001048360724029183,0.016771482559618547
0.00010494724533229572,0.017783055921717406
0.00010505841826167315,0.018716047192862906
0.00010516959119105058,0.018510220284254364
0.00010528076412042802,0.02031805943383182
0.00010539193704980545,0.01988557965558481
0.00010550310997918287,0.020533305644146224
0.00010561428290856032,0.023249012288920855
0.00010572545583793774,0.025941363055481087
0.00010583662876731517,0.025837961636497136
0.0001059478016966926,0.027081414912099123
0.00010605897462607004,0.028423356348663744
0.00010617014755544747,0.029640656308946797
0.0001062813204848249,0.0303813157257341
0.00010639249341420234,0.03223584098125273
0.00010650366634357977,0.03292988163074458
0.0001066148392729572,0.033519403861989074
0.00010672601220233462,0.034877674873090195
0.00010683718513171206,0.03674903917344169
0.00010694835806108949,0.03881311604206943
0.00010705953099046692,0.03903882937421001
0.00010717070391984436,0.040390054650422745
0.00010728187684922179,0.04224679752917737
0.00010739304977859922,0.044511199973224364
0.00010750422270797665,0.046305085011645174
0.00010761539563735409,0.04869378624352391
0.00010772656856673152,0.05039274845617945
0.00010783774149610894,0.05247002219517828
0.00010794891442548639,0.054529374241078794
0.00010806008735486381,0.055658516064540954
0.00010817126028424124,0.057218344803070184
0.00010828243321361867,0.0595663091893576
0.00010839360614299611,0.06135871582828781
0.00010850477907237354,0.06298834106941326
0.00010861595200175097,0.06507748934014426
0.00010872712493112841,0.06633992798967651
0.00010883829786050584,0.06756132551356839
0.00010894947078988326,0.06937674938117495
0.0001090606437192607,0.07129810424389571
0.00010917181664863813,0.0736922873383558
0.00010928298957801556,0.07468009731942644
0.00010939416250739299,0.07599793667329076
0.00010950533543677043,0.07672450044627785
0.00010961650836614786,0.0788654897884861
0.00010972768129552529,0.078893458020007
0.00010983885422490273,0.08042699084737946
0.00010995002715428016,0.082582884410357
0.00011006120008365758,0.08441603030819149
0.00011017237301303501,0.08514249281593175
0.00011028354594241245,0.08700212082789459
0.00011039471887178988,0.0884912373947688
0.00011050589180116731,0.09053040273770124
0.00011061706473054475,0.09173748586297759
0.00011072823765992218,0.09299133009087535
0.00011083941058929961,0.09427919211007067
0.00011095058351867704,0.09469346758623663
0.00011106175644805448,0.09710886352358084
0.0001111729293774319,0.09759396161746405
0.00011128410230680933,0.09909185175804477
0.00011139527523618677,0.0996920241199676
0.0001115064481655642,0.10072820380696815
0.00011161762109494163,0.1014833047189714
0.00011172879402431906,0.10269797941666042
0.0001118399669536965,0.1029195060626229
0.00011195113988307393,0.10287946351556984
0.00011206231281245136,0.10296890641037593
0.0001121734857418288,0.10391166737348372
0.00011228465867120623,0.10325749119053367
0.00011239583160058365,0.1037430663221728
0.0001125070045299611,0.1038648207747412
0.00011261817745933852,0.10502262202418766
0.00011272935038871595,0.10347966002640603
0.00011284052331809338,0.10250014858446632
0.00011295169624747082,0.10249462562085689
0.00011306286917684825,0.10140814317023374
0.00011317404210622568,0.09874516925336019
0.00011328521503560312,0.09927459668705031
0.00011339638796498055,0.09879483691159724
0.00011350756089435797,0.09806990381425632
0.0001136187338237354,0.09795745472675978
0.00011372990675311284,0.09773772300533123
0.00011384107968249027,0.0963685322018442
0.0001139522526118677,0.09497459390500086
0.00011406342554124514,0.0945815213215981
0.00011417459847062257,0.09339334388381275
0.0001142857714,0.090938727257036
0.00011439694432937742,0.08992364709892876
0.00011450811725875487,0.08862097808577425
0.0001146192901881323,0.08673459817277294
0.00011473046311750972,0.08553319230600495
0.00011484163604688716,0.08473013338149601
0.00011495280897626459,0.08510628727306757
0.00011506398190564202,0.08377979409881223
0.00011517515483501945,0.08323543265656799
0.00011528632776439689,0.08068411318951928
0.00011539750069377432,0.07872901584167166
0.00011550867362315174,0.07802590540963643
0.00011561984655252919,0.07718537486296208
0.00011573101948190661,0.07710603600335492
0.00011584219241128404,0.07565944131501906
0.00011595336534066148,0.07364047717494036
0.00011606453827003891,0.07293595192051851
0.00011617571119941634,0.07191816147132686
0.00011628688412879377,0.06993164638585278
0.00011639805705817121,0.07019282690936815
0.00011650922998754864,0.06888698766844982
0.00011662040291692607,0.0694683746565899
0.0001167315758463035,0.06848251448120853
0.00011684274877568093,0.06660820474762157
0.00011695392170505836,0.06466509225230425
0.00011706509463443579,0.06524244075780819
0.00011717626756381323,0.06433332343586652
0.00011728744049319066,0.062157597106033524
0.00011739861342256809,0.06004914485567713
0.00011750978635194553,0.06028650100239306
0.00011762095928132296,0.05869150154989625
0.00011773213221070039,0.058532666225390675
0.00011784330514007781,0.05813035492287643
0.00011795447806945526,0.05802485766040002
0.00011806565099883268,0.05726168811195363
0.00011817682392821011,0.05602695504202703
0.00011828799685758755,0.05560185481620209
0.00011839916978696498,0.05559926610113942
0.00011851034271634241,0.05506992638781464
0.00011862151564571984,0.05388318877072505
0.00011873268857509728,0.05236187177533659
0.0001188438615044747,0.05201249911854766
0.00011895503443385213,0.05135014222662104
0.00011906620736322958,0.04959566922213797
0.000119177380292607,0.0489620333278107
0.00011928855322198443,0.04901145138935419
0.00011939972615136187,0.04898921614348777
0.0001195108990807393,0.048206420507372665
0.00011962207201011673,0.04721520096022842
0.00011973324493949416,0.04612100428890799
0.0001198444178688716,0.04498221679850398
0.00011995559079824903,0.04550742711724895
0.00012006676372762645,0.045476189780499776
0.0001201779366570039,0.045230402405973966
0.00012028910958638132,0.044538998805398716
0.00012040028251575875,0.044092917421475274
0.00012051145544513618,0.04557895060939959
0.00012062262837451362,0.04522118813469412
0.00012073380130389105,0.04630945076420886
0.00012084497423326848,0.04634605171504172
0.00012095614716264592,0.04837373060823125
0.00012106732009202335,0.04851758904791487
0.00012117849302140077,0.04970823787513223
0.0001212896659507782,0.04910480633411168
0.00012140083888015564,0.0498767845768745
0.00012151201180953307,0.04822856092960991
0.0001216231847389105,0.048258642187541
0.00012173435766828794,0.047069687318699226
0.00012184553059766537,0.046653994101226795
0.0001219567035270428,0.04653700957002421
0.00012206787645642023,0.04740461951684841
0.00012217904938579765,0.04762230230288605
0.0001222902223151751,0.047039702016748744
0.00012240139524455254,0.04749146434637266
0.00012251256817392996,0.04889004006424525
0.0001226237411033074,0.0481414292841769
0.00012273491403268482,0.04775039331658357
0.00012284608696206225,0.047676931475045994
0.00012295725989143968,0.04961294470247733
0.00012306843282081713,0.049414202943583146
0.00012317960575019456,0.05014307611558872
0.000123290778679572,0.049995460608662355
0.00012340195160894942,0.051481919470109466
0.00012351312453832684,0.0529859456972635
0.00012362429746770427,0.05266866531522395
0.0001237354703970817,0.05246851707579752
0.00012384664332645915,0.05167611787094872
0.00012395781625583658,0.052858437370861926
0.000124068989185214,0.05346792366122671
0.00012418016211459144,0.05353566266086664
0.00012429133504396887,0.05336885686058824
0.0001244025079733463,0.05596223155726656
0.00012451368090272372,0.056403544775509774
0.00012462485383210118,0.05750945157142891
0.0001247360267614786,0.05935942317570056
0.00012484719969085603,0.05915616373175795
0.00012495837262023346,0.05979998454777003
0.0001250695455496109,0.061209657134041306
0.00012518071847898832,0.06182859419803283
0.00012529189140836575,0.06306817749828506
0.0001254030643377432,0.06400970933902977
0.00012551423726712063,0.06497209954999221
0.00012562541019649806,0.06553827644372046
0.00012573658312587548,0.06644868436719803
0.0001258477560552529,0.068645321866809
0.00012595892898463034,0.0704312907912597
0.00012607010191400777,0.0714656154666954
0.00012618127484338522,0.07244792537231538
0.00012629244777276265,0.07268481197675543
0.00012640362070214008,0.07469219069372178
0.0001265147936315175,0.07724164903134512
0.00012662596656089494,0.07955460492808898
0.00012673713949027236,0.08147107572870711
0.0001268483124196498,0.08262278666997781
0.00012695948534902725,0.08310401952746993
0.00012707065827840467,0.08423265278875038
0.0001271818312077821,0.08591259678018565
0.00012729300413715953,0.08742305916495582
0.00012740417706653696,0.08861208153428034
0.00012751534999591439,0.0909665775944864
0.00012762652292529181,0.09135386061149993
0.00012773769585466927,0.09246734221448309
0.0001278488687840467,0.09221183635333803
0.00012796004171342413,0.09332340596622964
0.00012807121464280155,0.09352069281303942
0.00012818238757217898,0.09273867926977081
0.0001282935605015564,0.09331322427751933
0.00012840473343093384,0.09385973027088457
0.0001285159063603113,0.09467453882619557
0.00012862707928968872,0.09613520193802441
0.00012873825221906615,0.09640789596999044
0.00012884942514844358,0.09691434606365204
0.000128960598077821,0.0967574490294772
0.00012907177100719843,0.09667412146748636
0.0001291829439365759,0.09676467774737404
0.00012929411686595332,0.09629423309836697
0.00012940528979533074,0.09665078403100198
0.00012951646272470817,0.09650500401243574
0.0001296276356540856,0.0969642607761666
0.00012973880858346303,0.09643652951736842
0.00012984998151284045,0.09605811563490915
0.0001299611544422179,0.0964000441002376
0.00013007232737159534,0.09650689207325
0.00013018350030097277,0.09640875663473611
0.0001302946732303502,0.09830487030084033
0.00013040584615972762,0.09812702636131738
0.00013051701908910505,0.09871364582414448
0.00013062819201848248,0.09846398644099552
0.00013073936494785993,0.09646742921538387
0.00013085053787723736,0.09637121669291887
0.0001309617108066148,0.09689676944245124
0.00013107288373599222,0.0964581995020892
0.00013118405666536964,0.0957102606633534
0.00013129522959474707,0.0950998558238081
0.0001314064025241245,0.09438789106173948
0.00013151757545350196,0.09374691386704155
0.00013162874838287938,0.09322123716142836
0.0001317399213122568,0.09078225665731979
0.00013185109424163424,0.09154566126713196
0.00013196226717101167,0.09112473357116221
0.0001320734401003891,0.08982175301184225
0.00013218461302976652,0.08872142635754846
0.00013229578595914398,0.08822743091725507
0.0001324069588885214,0.08713523806761937
0.00013251813181789883,0.08566401386476005
0.00013262930474727626,0.08461830230858004
0.0001327404776766537,0.08495154432803112
0.00013285165060603112,0.08474590837170445
0.00013296282353540855,0.0843336062329206
0.000133073996464786,0.08367051999410009
0.00013318516939416343,0.08345459142957945
0.00013329634232354086,0.08299493638962542
0.00013340751525291829,0.0824052373398473
0.00013351868818229571,0.08105469940711728
0.00013362986111167314,0.08061602505461905
0.00013374103404105057,0.07847053783629879
0.00013385220697042802,0.07839339947816691
0.00013396337989980545,0.07775310669664409
0.00013407455282918288,0.0770709212832685
0.0001341857257585603,0.07488326175230381
0.00013429689868793774,0.07484782864972102
0.00013440807161731516,0.07306879426085611
0.0001345192445466926,0.0728759844978825
0.00013463041747607005,0.0706856673484159
0.00013474159040544748,0.06814905565334409
0.0001348527633348249,0.06669826930029761
0.00013496393626420233,0.06566489605683141
0.00013507510919357976,0.06563748176823521
0.0001351862821229572,0.06488644524501873
0.00013529745505233462,0.06427297284492324
0.00013540862798171207,0.06305292041447473
0.0001355198009110895,0.06335771112256504
0.00013563097384046693,0.06175215109969852
0.00013574214676984435,0.061288310927182545
0.00013585331969922178,0.060867660246775965
0.0001359644926285992,0.05948981287107438
0.00013607566555797667,0.059278183656915534
0.0001361868384873541,0.05883072404300516
0.00013629801141673152,0.05696708675714092
0.00013640918434610895,0.05582668409375068
0.00013652035727548638,0.05413693160491323
0.0001366315302048638,0.05341601542567884
0.00013674270313424123,0.0533630763285733
0.0001368538760636187,0.05390342095290836
0.00013696504899299612,0.05353865020376699
0.00013707622192237354,0.05176508400445387
0.00013718739485175097,0.050824946569023546
0.0001372985677811284,0.051367852906174793
0.00013740974071050583,0.05130351154024983
0.00013752091363988326,0.051922165665211926
0.0001376320865692607,0.04949500426777692
0.00013774325949863814,0.049115676173058086
0.00013785443242801557,0.048010789058471906
0.000137965605357393,0.04737109643826575
0.00013807677828677042,0.04718132802112354
0.00013818795121614785,0.04752494340504837
0.00013829912414552528,0.04760244134533195
0.00013841029707490273,0.047158802413830206
0.00013852147000428016,0.04668364415490339
0.0001386326429336576,0.04428325092874801
0.00013874381586303502,0.041934780298578375
0.00013885498879241245,0.04169032015517445
0.00013896616172178987,0.04135473136824247
0.0001390773346511673,0.04230466852124324
0.00013918850758054476,0.04149237703428394
0.00013929968050992219,0.04189150058071979
0.0001394108534392996,0.0431573658877365
0.00013952202636867704,0.04311328888957898
0.00013963319929805447,0.04169341033038459
0.0001397443722274319,0.04287265616187247
0.00013985554515680933,0.042925690294851986
0.00013996671808618678,0.04347314375303372
0.0001400778910155642,0.04326908029331947
0.00014018906394494164,0.04377583946747274
0.00014030023687431906,0.045405323020652866
0.0001404114098036965,0.04546183396281578
0.00014052258273307392,0.047103829464355644
0.00014063375566245135,0.046681780468769744
0.0001407449285918288,0.04765139022328196
0.00014085610152120623,0.04714345585295196
0.00014096727445058366,0.04666972231581196
0.0001410784473799611,0.04760546701101019
0.00014118962030933851,0.048837051970736484
0.00014130079323871594,0.04871676974643167
0.00014141196616809337,0.04955952409825398
0.00014152313909747083,0.04802555613489624
0.00014163431202684825,0.04841551884473803
0.00014174548495622568,0.04703296684864414
0.0001418566578856031,0.047254577775788745
0.00014196783081498054,0.04886586753151546
0.00014207900374435797,0.04900053700508646
0.0001421901766737354,0.04908500995799988
0.00014230134960311285,0.050382382814810084
0.00014241252253249028,0.05122317538594259
0.0001425236954618677,0.05265426472299526
0.00014263486839124513,0.052522159523430055
0.00014274604132062256,0.05386295143389995
0.00014285721425,0.055073878320735604
0.00014296838717937742,0.05715673424458957
0.00014307956010875487,0.05776327032158951
0.0001431907330381323,0.058047035150856637
0.00014330190596750973,0.05883579005898353
0.00014341307889688716,0.05975453313884746
0.00014352425182626458,0.05957914223840276
0.000143635424755642,0.059296913051399135
0.00014374659768501947,0.06047903993007498
0.0001438577706143969,0.06139145997366863
0.00014396894354377432,0.06192349654079452
0.00014408011647315175,0.061501283886859756
0.00014419128940252918,0.061454792338961416
0.0001443024623319066,0.06126700231223803
0.00014441363526128403,0.06173956089982375
0.0001445248081906615,0.06052174993216216
0.00014463598112003892,0.06039475589762711
0.00014474715404941635,0.06025300237320223
0.00014485832697879377,0.059851230565861974
0.0001449694999081712,0.05938565043852699
0.00014508067283754863,0.05946417195864858
0.00014519184576692606,0.059902200341293226
0.0001453030186963035,0.05872354058275828
0.00014541419162568094,0.05715178927318093
0.00014552536455505837,0.056617520294779324
0.0001456365374844358,0.057096242187838236
0.00014574771041381322,0.05643987800812413
0.00014585888334319065,0.05651817340350664
0.00014597005627256808,0.05692815235134529
0.00014608122920194554,0.05651494506409313
0.00014619240213132296,0.057224353619277094
0.0001463035750607004,0.0570353494172368
0.00014641474799007782,0.056977523316819545
0.00014652592091945525,0.05712679629716849
0.00014663709384883268,0.05739792368855677
0.0001467482667782101,0.05623434634860421
0.00014685943970758756,0.05629181732062794
0.00014697061263696499,0.05642568408903109
0.00014708178556634241,0.05585472057530156
0.00014719295849571984,0.05641091390799023
0.00014730413142509727,0.056492903274355064
0.0001474153043544747,0.0567736800603247
0.00014752647728385213,0.05699531223223543
0.00014763765021322958,0.05803187155133114
0.000147748823142607,0.05798244690278898
0.00014785999607198444,0.058176566857266576
0.00014797116900136187,0.0576629663875169
0.0001480823419307393,0.057484725753709956
0.00014819351486011672,0.05626765135292209
0.00014830468778949415,0.05814712319997858
0.0001484158607188716,0.05777550172010047
0.00014852703364824903,0.05844636612687005
0.00014863820657762646,0.05891288833911826
0.0001487493795070039,0.05880650190614218
0.00014886055243638132,0.06003337756684715
0.00014897172536575874,0.06008387069888101
0.00014908289829513617,0.05927679308531757
0.00014919407122451363,0.059750043470615966
0.00014930524415389106,0.05663397667299248
0.00014941641708326848,0.04356891590607007
0.0001495275900126459,0.015545934555895858
0.00014963876294202334,-0.11892785329568392
0.00014974993587140077,-0.4291552147506075
0.0001498611088007782,-0.8467000699938193
0.00014997228173015565,-1.213842683880204
0.00015008345465953308,-1.5331463428383327
0.0001501946275889105,-1.808050548623745
0.00015030580051828793,-2.038282949631102
0.00015041697344766536,-2.2247151453611744
0.0001505281463770428,-2.3709375261726824
0.00015063931930642025,-2.4756381073539266
0.00015075049223579767,-2.5408978119173717
0.0001508616651651751,-2.5641610050557144
0.00015097283809455253,-2.553634499364904
0.00015108401102392996,-2.5044679872602287
0.00015119518395330738,-2.4198125657077085
0.0001513063568826848,-2.298873934000555
0.00015141752981206227,-2.1455683864410777
0.0001515287027414397,-1.9587211461121845
0.00015163987567081712,-1.7400527776524863
0.00015175104860019455,-1.4930515694936353
0.00015186222152957198,-1.2168266297092094
0.0001519733944589494,-0.9145744355629312
0.00015208456738832684,-0.582760022120984
0.0001521957403177043,-0.22399961462765114
0.00015230691324708172,0.15766067415302812
0.00015241808617645915,0.5649447165006417
0.00015252925910583657,0.9955906113802763
0.000152640432035214,1.449137849779701
0.00015275160496459143,1.9273464200680712
0.00015286277789396886,2.425154362854285
0.00015297395082334631,2.9446563940186845
0.00015308512375272374,3.4799480046605757
0.00015319629668210117,4.035619858109412
0.0001533074696114786,4.608292823083028
0.00015341864254085603,5.196781151293234
0.00015352981547023345,5.8004331839311805
0.00015364098839961088,6.418775140882994
0.00015375216132898834,7.049403315973574
0.00015386333425836576,7.694873760977009
0.0001539745071877432,8.350814488443584
0.00015408568011712062,9.016254220990588
0.00015419685304649805,9.691638508374117
0.00015430802597587548,10.374668694261796
0.0001544191989052529,11.065641380134737
0.00015453037183463036,11.763815934767985
0.0001546415447640078,12.468503525845023
0.00015475271769338522,13.178464028919347
0.00015486389062276264,13.891799210035545
0.00015497506355214007,14.609716930872395
0.0001550862364815175,15.329317678139082
0.00015519740941089493,16.04953129387467
0.00015530858234027238,16.770178231484216
0.0001554197552696498,17.491726704511713
0.00015553092819902724,18.211052143926025
0.00015564210112840467,18.927332236356605
0.0001557532740577821,19.64035159901493
0.00015586444698715952,20.348813798904533
0.00015597561991653695,21.052593571729762
0.0001560867928459144,21.750206610842767
0.00015619796577529183,22.44021358689857
0.00015630913870466926,23.121489639065274
0.0001564203116340467,23.79350475738656
0.00015653148456342412,24.457701663391045
0.00015664265749280155,25.111942470184744
0.00015675383042217897,25.75333890809389
0.00015686500335155643,26.37992474015634
0.00015697617628093386,26.99534343098691
0.00015708734921031128,27.59561532476565
0.0001571985221396887,28.18098172796899
0.00015730969506906614,28.749325217763463
0.00015742086799844357,29.300669513279285
0.000157532040927821,29.83517930740087
0.00015764321385719845,30.3483241207578
0.00015775438678657588,30.842249524484213
0.0001578655597159533,31.31485739448399
0.00015797673264533074,31.765922166850324
0.00015808790557470816,32.1932116292132
0.0001581990785040856,32.597126475454445
0.00015831025143346305,32.97514549529455
0.00015842142436284047,33.32795153808144
0.0001585325972922179,33.65253234154151
0.00015864377022159533,33.95008286090835
0.00015875494315097276,34.22020542951856
0.00015886611608035019,34.45964183055111
0.00015897728900972761,34.6686962719782
0.00015908846193910507,34.846884190361514
0.0001591996348684825,34.991601452785375
0.00015931080779785993,35.10344215395191
0.00015942198072723735,35.18188192907488
0.00015953315365661478,35.221907399832986
0.0001596443265859922,35.225897831578365
0.00015975549951536964,35.192154723288354
0.0001598666724447471,35.12016182658469
0.00015997784537412452,35.01023989987478
0.00016008901830350195,34.85857717262161
0.00016020019123287938,34.66870759323599
0.0001603113641622568,34.435726717285064
0.00016042253709163423,34.15975910700241
0.00016053371002101166,33.842080663894464
0.00016064488295038912,33.49110988376238
0.00016075605587976654,33.113996737178454
0.00016086722880914397,32.81355984431536
0.0001609784017385214,32.690245818775736
0.00016108957466789883,32.71094898126909
0.00016120074759727626,32.72843608449654
0.00016131192052665368,32.74440168121886
0.00016142309345603114,32.75971408382
0.00016153426638540857,32.773172810706974
0.000161645439314786,32.78809450417368
0.00016175661224416342,32.80228391621178
0.00016186778517354085,32.81692419794883
0.00016197895810291828,32.83162069149727
0.0001620901310322957,32.8443193819201
0.00016220130396167316,32.85686492364051
0.0001623124768910506,32.86990255237019
0.00016242364982042802,32.881407758435884
0.00016253482274980544,32.892028584890234
0.00016264599567918287,32.89916074980702
0.0001627571686085603,32.906626874194316
0.00016286834153793773,32.91142131662404
0.00016297951446731518,32.9184670997617
0.0001630906873966926,32.9256868374057
0.00016320186032607004,32.93464603977188
0.00016331303325544747,32.941144195949136
0.0001634242061848249,32.947712658050975
0.00016353537911420232,32.95594591518427
0.00016364655204357975,32.96503586598125
0.0001637577249729572,32.97418085715304
0.00016386889790233463,32.98222192432998
0.00016398007083171206,32.98782449676204
0.0001640912437610895,32.993829932865204
0.00016420241669046692,32.99873658674866
0.00016431358961984435,33.00605800540496
0.00016442476254922177,33.010446087524244
0.00016453593547859923,33.01532080616832
0.00016464710840797666,33.02101367161275
0.00016475828133735409,33.025431159537305
0.00016486945426673151,33.03027747439768
0.00016498062719610894,33.03397274463573
0.00016509180012548637,33.03867361961071
0.0001652029730548638,33.03958299639794
0.00016531414598424125,33.04278468770841
0.00016542531891361868,33.04422406117927
0.0001655364918429961,33.04630553502252
0.00016564766477237354,33.048782818943934
0.00016575883770175096,33.05089078166372
0.0001658700106311284,33.05053133467503
0.00016598118356050585,33.052393382881974
0.00016609235648988328,33.052820675473846
0.0001662035294192607,33.051722059237875
0.00016631470234863813,33.0498915046373
0.00016642587527801556,33.04938982896818
0.000166537048207393,33.04903452709727
0.00016664822113677042,33.04650017779955
0.00016675939406614787,33.04384946852907
0.0001668705669955253,33.040744917664085
0.00016698173992490273,33.03816585796321
0.00016709291285428015,33.03587087040238
0.00016720408578365758,33.03312460897098
0.000167315258713035,33.03004664849152
0.00016742643164241244,33.027854228805374
0.0001675376045717899,33.026250840486775
0.00016764877750116732,33.02326843081513
0.00016775995043054475,33.019183174740576
0.00016787112335992218,33.015419420569394
0.0001679822962892996,33.0113849077508
0.00016809346921867703,33.01100449153981
0.00016820464214805446,33.00666905685291
0.00016831581507743192,33.003711718116286
0.00016842698800680934,32.99927457830453
0.00016853816093618677,32.99618459747055
0.0001686493338655642,32.99208645442126
0.00016876050679494163,32.987244902186404
0.00016887167972431906,32.98354510913907
0.00016898285265369648,32.97947305344997
0.00016909402558307394,32.9742627119425
0.00016920519851245137,32.9693683939861
0.0001693163714418288,32.96410991414713
0.00016942754437120622,32.95810119204645
0.00016953871730058365,32.951642895977855
0.00016964989022996108,32.94535161574447
0.0001697610631593385,32.93971299353562
0.00016987223608871596,32.93268014033736
0.0001699834090180934,32.92491770793589
0.00017009458194747082,32.917603880208475
0.00017020575487684825,32.91026676327018
0.00017031692780622567,32.9042117349269
0.0001704281007356031,32.89919278214151
0.00017053927366498053,32.89178400515529
0.00017065044659435799,32.88472161293747
0.0001707616195237354,32.877742842496495
0.00017087279245311284,32.87482357415211
0.00017098396538249027,32.87084127363513
0.0001710951383118677,32.86466617617338
0.00017120631124124513,32.85897336334345
0.00017131748417062255,32.85409750153917
0.0001714286571,32.847291393197075
0.00017153983002937744,32.84304287646396
0.00017165100295875486,32.83749857989214
0.0001717621758881323,32.83419095002026
0.00017187334881750972,32.82944919190366
0.00017198452174688715,32.82546073570557
0.00017209569467626458,32.8222515139997
0.00017220686760564203,32.818814470470144
0.00017231804053501946,32.81357300357859
0.0001724292134643969,32.81057941529658
0.00017254038639377432,32.80663780373741
0.00017265155932315174,32.802815717628526
0.00017276273225252917,32.80110880267109
0.00017287390518190663,32.79819562466224
0.00017298507811128405,32.796642160269485
0.00017309625104066148,32.793522878028796
0.0001732074239700389,32.7906003490177
0.00017331859689941634,32.786915092956335
0.00017342976982879377,32.78496625695142
0.0001735409427581712,32.7835097622126
0.00017365211568754865,32.78088565255942
0.00017376328861692608,32.778246318219615
0.0001738744615463035,32.77766408707339
0.00017398563447568093,32.77746676539555
0.00017409680740505836,32.778392674510876
0.0001742079803344358,32.777268385588336
0.00017431915326381322,32.77742335189628
0.00017443032619319067,32.77768975100332
0.0001745414991225681,32.779325233260245
0.00017465267205194553,32.78037277723823
0.00017476384498132296,32.7826052363884
0.00017487501791070038,32.78316848918127
0.0001749861908400778,32.78403879635341
0.00017509736376945524,32.78522059097337
0.0001752085366988327,32.787991647787074
0.00017531970962821012,32.79123570077579
0.00017543088255758755,32.79423741485878
0.00017554205548696498,32.79702618394498
0.0001756532284163424,32.79998396056457
0.00017576440134571983,32.80318670497519
0.00017587557427509726,32.806025647555934
0.00017598674720447472,32.809329246482
0.00017609792013385215,32.81156572760659
0.00017620909306322957,32.813403438811314
0.000176320265992607,32.81435077856455
0.00017643143892198443,32.81715504363882
0.00017654261185136186,32.819928896138116
0.00017665378478073929,32.82524986707911
0.00017676495771011674,32.829670851221614
0.00017687613063949417,32.832952642355174
0.0001769873035688716,32.83494638533334
0.00017709847649824902,32.83937480037484
0.00017720964942762645,32.842909843155994
0.00017732082235700388,32.846649296636244
0.0001774319952863813,32.85053702374177
0.00017754316821575876,32.854774889226725
0.0001776543411451362,32.86033653738282
0.00017776551407451362,32.86432923396781
0.00017787668700389105,32.86949133459323
0.00017798785993326848,32.87517572658812
0.0001780990328626459,32.87892956611692
0.00017821020579202333,32.884103580478
0.0001783213787214008,32.890112606884365
0.00017843255165077821,32.89531834238679
0.00017854372458015564,32.90135950338354
0.00017865489750953307,32.90706873809895
0.0001787660704389105,32.91278790991178
0.00017887724336828793,32.91835092617756
0.00017898841629766535,32.92434311055887
0.0001790995892270428,32.9310407935879
0.00017921076215642024,32.93527124053829
0.00017932193508579767,32.93882290343106
0.0001794331080151751,32.942611419639086
0.00017954428094455252,32.94752155528956
0.00017965545387392995,32.95208475908638
0.00017976662680330738,32.9575932341619
0.00017987779973268483,32.961587791122334
0.00017998897266206226,32.96518796865616
0.0001801001455914397,32.9684662483889
0.00018021131852081712,32.97178892952342
0.00018032249145019454,32.97556327079047
0.00018043366437957197,32.97931098706658
0.00018054483730894943,32.983028652379396
0.00018065601023832686,32.98607746174166
0.00018076718316770428,32.99253712636357
0.0001808783560970817,32.996435782778356
0.00018098952902645914,33.00050822143906
0.00018110070195583657,33.006145685852985
0.000181211874885214,33.01234491965714
0.00018132304781459145,33.016746771767686
0.00018143422074396888,33.02276801757129
0.0001815453936733463,33.02560566269047
0.00018165656660272373,33.03044511705507
0.00018176773953210116,33.034560269226084
0.0001818789124614786,33.04028718954624
0.00018199008539085602,33.04436542305481
0.00018210125832023347,33.04713662487561
0.0001822124312496109,33.04868350355192
0.00018232360417898833,33.05430842826123
0.00018243477710836576,33.05697688726671
0.00018254595003774319,33.061767652279926
0.0001826571229671206,33.064725378758
0.00018276829589649804,33.06851799850683
0.0001828794688258755,33.069979064536625
0.00018299064175525292,33.07168650263946
0.00018310181468463035,33.07364679656928
0.00018321298761400778,33.07589148437368
0.0001833241605433852,33.07756647384201
0.00018343533347276264,33.07907576158576
0.00018354650640214006,33.08188442157552
0.00018365767933151752,33.083144601895626
0.00018376885226089495,33.08387723576607
0.00018388002519027238,33.086551171667104
0.0001839911981196498,33.08714839648701
0.00018410237104902723,33.088415002189265
0.00018421354397840466,33.08800070493666
0.0001843247169077821,33.08866385699499
0.00018443588983715954,33.08879758827267
0.00018454706276653697,33.09064444566157
0.0001846582356959144,33.092989407386675
0.00018476940862529183,33.09288280316543
0.00018488058155466925,33.09386851940371
0.00018499175448404668,33.09339539867379
0.0001851029274134241,33.094538413715995
0.00018521410034280156,33.09214904734383
0.000185325273272179,33.09303291460688
0.00018543644620155642,33.092585815569805
0.00018554761913093385,33.09240903174656
0.00018565879206031128,33.09244266161328
0.0001857699649896887,33.091151365805366
0.00018588113791906613,33.09037118571015
0.0001859923108484436,33.089446928806225
0.00018610348377782102,33.08585575270563
0.00018621465670719844,33.08634833362032
0.00018632582963657587,33.08502910774267
0.0001864370025659533,33.0841423263045
0.00018654817549533073,33.0808507971079
0.00018665934842470816,33.07814534916679
0.0001867705213540856,33.07450547056263
0.00018688169428346304,33.07204032284993
0.00018699286721284047,33.06854374668968
0.0001871040401422179,33.06465247087834
0.00018721521307159532,33.06059822905637
0.00018732638600097275,33.05639473863161
0.0001874375589303502,33.05568901463966
0.00018754873185972763,33.05191189582441
0.00018765990478910506,33.050982242056755
0.0001877710777184825,33.04934438448131
0.00018788225064785992,33.04550225841719
0.00018799342357723735,33.04204023683749
0.00018810459650661477,33.03810473269137
0.00018821576943599223,33.0366843050156
0.00018832694236536966,33.03440901711346
0.00018843811529474708,33.03150616427575
0.0001885492882241245,33.02951689658775
0.00018866046115350194,33.026698104523994
0.00018877163408287937,33.02485914608509
0.0001888828070122568,33.020213334583005
0.00018899397994163425,33.01734379777045
0.00018910515287101168,33.0130435054693
0.0001892163258003891,33.00990810196782
0.00018932749872976654,33.007959162870016
0.00018943867165914396,33.00524396874827
0.0001895498445885214,33.00079606759791
0.00018966101751789882,32.998128976730165
0.00018977219044727627,32.992852311702286
0.0001898833633766537,32.98921743772659
0.00018999453630603113,32.982368653527665
0.00019010570923540856,32.978837987126084
0.00019021688216478599,32.97439383178764
0.00019032805509416341,32.96935115458804
0.00019043922802354084,32.967812748300396
0.0001905504009529183,32.965295748668325
0.00019066157388229573,32.96334449613019
0.00019077274681167315,32.95946068924423
0.00019088391974105058,32.95726980407874
0.000190995092670428,32.95195897258532
0.00019110626559980544,32.949084644698544
0.00019121743852918287,32.94579694965515
0.00019132861145856032,32.9440668525654
0.00019143978438793775,32.941137629313744
0.00019155095731731518,32.940158320494646
0.0001916621302466926,32.9375119137054
0.00019177330317607003,32.93555822792594
0.00019188447610544746,32.93337945214978
0.0001919956490348249,32.93284770717882
0.00019210682196420234,32.931309236122196
0.00019221799489357977,32.93151522669104
0.0001923291678229572,32.92829128982502
0.00019244034075233463,32.92500695600581
0.00019255151368171206,32.923425189412185
0.00019266268661108948,32.922007012010205
0.0001927738595404669,32.921025487766016
0.00019288503246984437,32.9181410529948
0.0001929962053992218,32.916145291685005
0.00019310737832859922,32.91408680242203
0.00019321855125797665,32.913795563685916
0.00019332972418735408,32.91210365085433
0.0001934408971167315,32.911433817160635
0.00019355207004610893,32.90840581845814
0.0001936632429754864,32.90780061720522
0.00019377441590486382,32.90628165423737
0.00019388558883424125,32.90563263774918
0.00019399676176361867,32.9043929389513
0.0001941079346929961,32.905600783969405
0.00019421910762237353,32.90517033276325
0.00019433028055175096,32.90705846913842
0.0001944414534811284,32.90765721089765
0.00019455262641050584,32.90786547196021
0.00019466379933988327,32.90817257930751
0.0001947749722692607,32.908578633636736
0.00019488614519863812,32.909083735640365
0.00019499731812801555,32.90968798601087
0.000195108491057393,32.91039148544073
0.00019521966398677043,32.91119433462241
0.00019533083691614786,32.9120966342484
0.0001954420098455253,32.91309848501116
0.00019555318277490272,32.91419998760318
0.00019566435570428015,32.91540124271694
0.00019577552863365757,32.9167023510449
0.00019588670156303503,32.91810341327953
0.00019599787449241246,32.91960453011333
0.00019610904742178989,32.92120580223876
0.00019622022035116731,32.9229073303483
0.00019633139328054474,32.92470921513443
0.00019644256620992217,32.92661155728961
0.0001965537391392996,32.92861445750633
0.00019666491206867705,32.93071801647706
0.00019677608499805448,32.93292233489428
0.0001968872579274319,32.935227513450464
0.00019699843085680934,32.93763365283809
0.00019710960378618676,32.940140853749625
0.0001972207767155642,32.94274921687755
0.00019733194964494162,32.94545884291435
0.00019744312257431908,32.948269832552484
0.0001975542955036965,32.95118228648443
0.00019766546843307393,32.95419630540268
0.00019777664136245136,32.957311989999695
0.0001978878142918288,32.96052944096796
0.00019799898722120622,32.96384875899994
0.00019811016015058364,32.967270044788116
0.0001982213330799611,32.97079339902496
0.00019833250600933853,32.97441892240296
0.00019844367893871595,32.97814671561458
0.00019855485186809338,32.9819768793523
0.0001986660247974708,32.985909514308595
0.00019877719772684824,32.98994472117594
0.00019888837065622567,32.99408260064681
0.00019899954358560312,32.99832325341368
0.00019911071651498055,33.00266678016903
0.00019922188944435798,33.007113281605335
0.0001993330623737354,33.01166285841507
0.00019944423530311283,33.01631561129071
0.00019955540823249026,33.021071640924724
0.0001996665811618677,33.0259310480096
0.00019977775409124514,33.030893933237806
0.00019988892702062257,33.03596039730182
0.00020000009995,33.041130540894116
