Time,Amplitude
0.0,33.171248760533416
1.111729293774319e-07,33.17056554158417
2.223458587548638e-07,33.16989465938024
3.3351878813229573e-07,33.16923602814264
4.446917175097276e-07,33.16858956209237
5.558646468871596e-07,33.16795517545043
6.670375762645915e-07,33.16733278243783
7.782105056420233e-07,33.16672229727557
8.893834350194552e-07,33.16612363418464
1.0005563643968871e-06,33.16553670738607
1.1117292937743191e-06,33.164961431100835
1.222902223151751e-06,33.16439771954995
1.334075152529183e-06,33.16384548695442
1.4452480819066147e-06,33.163304647535256
1.5564210112840467e-06,33.16277511551344
1.6675939406614785e-06,33.16225680510999
1.7787668700389105e-06,33.161749630545906
1.8899397994163425e-06,33.161253506042186
2.0011127287937743e-06,33.16076834581985
2.112285658171206e-06,33.16029406409987
2.2234585875486383e-06,33.15983057510328
2.33463151692607e-06,33.159377793051064
2.445804446303502e-06,33.15893563216423
2.5569773756809336e-06,33.15850400666379
2.668150305058366e-06,33.15808283077073
2.7793232344357976e-06,33.157672018706066
2.8904961638132294e-06,33.1572714846908
3.0016690931906616e-06,33.15688114294593
3.1128420225680934e-06,33.15650090769246
3.224014951945525e-06,33.1561306931514
3.335187881322957e-06,33.155770413543735
3.446360810700389e-06,33.15541998309049
3.557533740077821e-06,33.15507931601265
3.6687066694552528e-06,33.154748326531234
3.779879598832685e-06,33.15442692886723
3.891052528210116e-06,33.15411503724165
4.0022254575875485e-06,33.1538125658755
4.113398386964981e-06,33.153519428989775
4.224571316342412e-06,33.15323554080548
4.335744245719844e-06,33.15296081554362
4.4469171750972765e-06,33.15269516742519
4.558090104474708e-06,33.15243851067121
4.66926303385214e-06,33.152190759502666
4.780435963229572e-06,33.151951828140575
4.891608892607004e-06,33.15172163080593
5.002781821984436e-06,33.15150008171973
5.113954751361867e-06,33.151287095102994
5.2251276807392995e-06,33.15108258517671
5.336300610116732e-06,33.150886466161886
5.447473539494163e-06,33.15069865227953
5.558646468871595e-06,33.1505190577459
5.6698193982490274e-06,33.15406630188411
5.780992327626459e-06,33.154115469246804
5.892165257003891e-06,33.15466449310389
6.003338186381323e-06,33.1543445353125
6.114511115758755e-06,33.15331972765804
6.225684045136187e-06,33.15240640627832
6.336856974513619e-06,33.151839508663706
6.44802990389105e-06,33.148973046739194
6.559202833268483e-06,33.147610220270614
6.670375762645914e-06,33.147085696142376
6.781548692023346e-06,33.146902970183895
6.892721621400778e-06,33.14523109563524
7.00389455077821e-06,33.14394637689353
7.115067480155642e-06,33.143208381505
7.226240409533074e-06,33.14176640176967
7.3374133389105055e-06,33.141817208522156
7.448586268287938e-06,33.14028968630275
7.55975919766537e-06,33.140080144850415
7.670932127042801e-06,33.13879808926236
7.782105056420233e-06,33.137904259507735
7.893277985797666e-06,33.13869063681659
8.004450915175097e-06,33.14016247821622
8.115623844552528e-06,33.14060439782069
8.226796773929961e-06,33.142262380135385
8.337969703307393e-06,33.1438382497551
8.449142632684824e-06,33.145713699158605
8.560315562062257e-06,33.14641336491463
8.671488491439689e-06,33.14781205697607
8.78266142081712e-06,33.148510729772575
8.893834350194553e-06,33.15098076538081
9.005007279571984e-06,33.15263749079562
9.116180208949416e-06,33.15501320506575
9.227353138326849e-06,33.15456075648831
9.33852606770428e-06,33.15449356262747
9.449698997081712e-06,33.15654311477769
9.560871926459145e-06,33.15755178638315
9.672044855836576e-06,33.15800587192119
9.783217785214007e-06,33.158790699098
9.89439071459144e-06,33.15909810373601
1.0005563643968872e-05,33.15945941143207
1.0116736573346303e-05,33.15921668936894
1.0227909502723734e-05,33.15980157397624
1.0339082432101168e-05,33.160131716494625
1.0450255361478599e-05,33.15994892506543
1.056142829085603e-05,33.15835199983951
1.0672601220233463e-05,33.1565977855472
1.0783774149610895e-05,33.1558779721093
1.0894947078988326e-05,33.15630702374575
1.1006120008365759e-05,33.157050403675385
1.111729293774319e-05,33.1590998931788
1.1228465867120622e-05,33.16046499807039
1.1339638796498055e-05,33.159802121911625
1.1450811725875486e-05,33.16049796372969
1.1561984655252918e-05,33.15915934847445
1.167315758463035e-05,33.16155431859169
1.1784330514007782e-05,33.160318929472325
1.1895503443385213e-05,33.1619690514589
1.2006676372762646e-05,33.16185013703972
1.2117849302140078e-05,33.163116680709386
1.222902223151751e-05,33.161553373893625
1.2340195160894942e-05,33.16351787653359
1.2451368090272374e-05,33.16519139702231
1.2562541019649805e-05,33.16663540390704
1.2673713949027238e-05,33.16639805577785
1.278488687840467e-05,33.16714023605383
1.28960598077821e-05,33.16683895925537
1.3007232737159532e-05,33.16785081050033
1.3118405666536965e-05,33.16782216234658
1.3229578595914397e-05,33.16579006207628
1.3340751525291828e-05,33.16404502737727
1.3451924454669261e-05,33.160919454096046
1.3563097384046692e-05,33.16058161915704
1.3674270313424124e-05,33.16115626495573
1.3785443242801557e-05,33.16092706081867
1.3896616172178988e-05,33.1593352669725
1.400778910155642e-05,33.15744772349506
1.4118962030933853e-05,33.157965007598094
1.4230134960311284e-05,33.1575160111151
1.4341307889688715e-05,33.15900382201549
1.4452480819066148e-05,33.15810696368228
1.456365374844358e-05,33.15945476952896
1.4674826677821011e-05,33.160814779669884
1.4785999607198444e-05,33.15997004223962
1.4897172536575875e-05,33.16157288075772
1.5008345465953307e-05,33.16066591663939
1.511951839533074e-05,33.16356370769183
1.5230691324708171e-05,33.1632678086661
1.5341864254085603e-05,33.163612524746306
1.5453037183463034e-05,33.1624993462159
1.5564210112840465e-05,33.16356802830453
1.56753830422179e-05,33.16258060186165
1.578655597159533e-05,33.163678769959255
1.5897728900972763e-05,33.163908852219215
1.6008901830350194e-05,33.162715317457184
1.6120074759727626e-05,33.16093777329235
1.6231247689105057e-05,33.15958376421008
1.634242061848249e-05,33.158479583878545
1.6453593547859923e-05,33.15741513494046
1.6564766477237354e-05,33.155539634325656
1.6675939406614786e-05,33.15269573690955
1.6787112335992217e-05,33.15076741463575
1.689828526536965e-05,33.150646592108465
1.7009458194747083e-05,33.14771924111394
1.7120631124124515e-05,33.14705890279737
1.7231804053501946e-05,33.14715766771104
1.7342976982879377e-05,33.14607401338708
1.745414991225681e-05,33.14448278065451
1.756532284163424e-05,33.144438408033324
1.767649577101167e-05,33.146220024872896
1.7787668700389106e-05,33.148296843852016
1.7898841629766537e-05,33.149281501014954
1.801001455914397e-05,33.14942458885025
1.81211874885214e-05,33.1502560567451
1.823236041789883e-05,33.15091798269164
1.8343533347276263e-05,33.15244749971694
1.8454706276653698e-05,33.15329661624795
1.856587920603113e-05,33.15522410663417
1.867705213540856e-05,33.156341462456965
1.8788225064785992e-05,33.15691663297216
1.8899397994163423e-05,33.15644318227847
1.9010570923540854e-05,33.15885714667985
1.912174385291829e-05,33.15877918085183
1.923291678229572e-05,33.15983861823636
1.9344089711673152e-05,33.159040858904795
1.9455262641050583e-05,33.16018089082133
1.9566435570428015e-05,33.16057272532211
1.9677608499805446e-05,33.15815551890115
1.978878142918288e-05,33.155884055014916
1.9899954358560312e-05,33.15536058888359
2.0011127287937744e-05,33.155264178487265
2.0122300217315175e-05,33.15389035215715
2.0233473146692606e-05,33.15251337000527
2.0344646076070038e-05,33.15145448915394
2.045581900544747e-05,33.151381323643605
2.0566991934824904e-05,33.15300797640759
2.0678164864202335e-05,33.15227857555127
2.0789337793579766e-05,33.151872550135934
2.0900510722957198e-05,33.15211995958985
2.101168365233463e-05,33.15060244305285
2.112285658171206e-05,33.15166636512289
2.1234029511089495e-05,33.15205014379354
2.1345202440466927e-05,33.15343491663345
2.1456375369844358e-05,33.15291809073063
2.156754829922179e-05,33.1542753409341
2.167872122859922e-05,33.15477110258062
2.1789894157976652e-05,33.157836587871095
2.1901067087354087e-05,33.15907366498403
2.2012240016731518e-05,33.16071864501899
2.212341294610895e-05,33.16108746390464
2.223458587548638e-05,33.162033487890525
2.2345758804863812e-05,33.160560447769754
2.2456931734241244e-05,33.161064767796134
2.256810466361868e-05,33.16176247486115
2.267927759299611e-05,33.16154798777149
2.279045052237354e-05,33.16163721579552
2.2901623451750973e-05,33.1612067604535
2.3012796381128404e-05,33.16028429275749
2.3123969310505835e-05,33.159444954311866
2.3235142239883267e-05,33.158184198641635
2.33463151692607e-05,33.15775197045118
2.3457488098638133e-05,33.15831148197076
2.3568661028015564e-05,33.158207120642956
2.3679833957392995e-05,33.15611813014313
2.3791006886770427e-05,33.155673857468926
2.3902179816147858e-05,33.15396776928208
2.4013352745525293e-05,33.15391379372951
2.4124525674902724e-05,33.15417935584636
2.4235698604280156e-05,33.152650805514334
2.4346871533657587e-05,33.15240502540195
2.445804446303502e-05,33.15408591961271
2.456921739241245e-05,33.156417845453895
2.4680390321789884e-05,33.15788352404576
2.4791563251167316e-05,33.15937173666182
2.4902736180544747e-05,33.1585084678102
2.501390910992218e-05,33.16001994488614
2.512508203929961e-05,33.16077538457979
2.523625496867704e-05,33.16261208154494
2.5347427898054476e-05,33.16260849829011
2.5458600827431907e-05,33.16356886420338
2.556977375680934e-05,33.16304864264816
2.568094668618677e-05,33.16477551449966
2.57921196155642e-05,33.16421406263425
2.5903292544941633e-05,33.162167787650745
2.6014465474319064e-05,33.16044784046755
2.61256384036965e-05,33.158303261602626
2.623681133307393e-05,33.15740184970869
2.634798426245136e-05,33.15553529187449
2.6459157191828793e-05,33.152748266267714
2.6570330121206224e-05,33.15111864071808
2.6681503050583656e-05,33.150672123469974
2.679267597996109e-05,33.149800792607635
2.6903848909338522e-05,33.14891586250151
2.7015021838715953e-05,33.14723870189963
2.7126194768093385e-05,33.14618367843455
2.7237367697470816e-05,33.14649324383561
2.7348540626848247e-05,33.14752402309601
2.7459713556225682e-05,33.1473123168059
2.7570886485603113e-05,33.147061502995655
2.7682059414980545e-05,33.14552544029514
2.7793232344357976e-05,33.146047507559516
2.7904405273735408e-05,33.147341125539576
2.801557820311284e-05,33.151816331465135
2.8126751132490274e-05,33.15109871543417
2.8237924061867705e-05,33.1542985862499
2.8349096991245136e-05,33.15518407092217
2.8460269920622568e-05,33.15739255505721
2.857144285e-05,33.15767141250572
2.868261577937743e-05,33.16119962113364
2.8793788708754862e-05,33.1619347682127
2.8904961638132297e-05,33.16364173402108
2.9016134567509728e-05,33.162768073614124
2.912730749688716e-05,33.16382156188346
2.923848042626459e-05,33.16378163918508
2.9349653355642022e-05,33.16497454673589
2.9460826285019453e-05,33.16433876118991
2.9571999214396888e-05,33.16356390355642
2.968317214377432e-05,33.162009338122814
2.979434507315175e-05,33.15989780721055
2.9905518002529182e-05,33.159273437408835
3.0016690931906614e-05,33.15676464778966
3.0127863861284045e-05,33.15620286120844
3.023903679066148e-05,33.15462482399496
3.035020972003891e-05,33.15489722324732
3.0461382649416342e-05,33.15289214524279
3.057255557879378e-05,33.15201752716123
3.0683728508171205e-05,33.14989651617648
3.079490143754864e-05,33.14788662469438
3.090607436692607e-05,33.1489328574962
3.10172472963035e-05,33.15021542657923
3.112842022568093e-05,33.14962572608149
3.1239593155058365e-05,33.15031037840136
3.13507660844358e-05,33.14997505024539
3.146193901381323e-05,33.1509840372181
3.157311194319066e-05,33.15151268867943
3.168428487256809e-05,33.15294251718743
3.1795457801945526e-05,33.15235706492864
3.1906630731322954e-05,33.15360191799013
3.201780366070039e-05,33.15362025775937
3.212897659007782e-05,33.15508296005867
3.224014951945525e-05,33.15488496145787
3.2351322448832686e-05,33.15552580403079
3.2462495378210114e-05,33.15487136165784
3.257366830758755e-05,33.15437982186853
3.268484123696498e-05,33.15328903401794
3.279601416634241e-05,33.15304579794794
3.2907187095719846e-05,33.15142023770756
3.3018360025097274e-05,33.149265335480266
3.312953295447471e-05,33.14918942933766
3.324070588385214e-05,33.147639912434435
3.335187881322957e-05,33.14580308061424
3.3463051742607006e-05,33.14425773024729
3.3574224671984434e-05,33.143847777083955
3.368539760136187e-05,33.14302113643236
3.37965705307393e-05,33.14099867889972
3.390774346011673e-05,33.139069678115696
3.4018916389494166e-05,33.139620677370694
3.4130089318871594e-05,33.13687479356505
3.424126224824903e-05,33.136509108053595
3.435243517762646e-05,33.13647558519088
3.446360810700389e-05,33.138564200580426
3.457478103638132e-05,33.13671268800307
3.4685953965758755e-05,33.13743093143453
3.479712689513619e-05,33.13749263898713
3.490829982451362e-05,33.137233114635
3.501947275389105e-05,33.13648634309093
3.513064568326848e-05,33.13945270461496
3.5241818612645915e-05,33.13932182911804
3.535299154202334e-05,33.140864743441114
3.546416447140078e-05,33.14030800716209
3.557533740077821e-05,33.140746893886664
3.568651033015564e-05,33.139328691253304
3.5797683259533075e-05,33.13737136190735
3.59088561889105e-05,33.13675132199711
3.602002911828794e-05,33.137171890651345
3.613120204766537e-05,33.13517868110054
3.62423749770428e-05,33.1338748751606
3.6353547906420235e-05,33.13075519564604
3.646472083579766e-05,33.13052003325399
3.65758937651751e-05,33.12703880316099
3.6687066694552526e-05,33.12399617041449
3.679823962392996e-05,33.12089364482424
3.6909412553307395e-05,33.1181147173994
3.702058548268482e-05,33.11703440035434
3.713175841206226e-05,33.11752104549461
3.7242931341439686e-05,33.11886562470298
3.735410427081712e-05,33.11873428976784
3.746527720019455e-05,33.11896148316817
3.7576450129571984e-05,33.1186168417707
3.768762305894942e-05,33.119703222982835
3.7798795988326846e-05,33.1213487513169
3.790996891770428e-05,33.12226657417933
3.802114184708171e-05,33.12315387346429
3.8132314776459144e-05,33.12526049701909
3.824348770583658e-05,33.126433347279786
3.8354660635214006e-05,33.12768901788906
3.846583356459144e-05,33.12659487196382
3.857700649396887e-05,33.12832249686144
3.8688179423346304e-05,33.12924521715273
3.879935235272373e-05,33.13085319694536
3.891052528210117e-05,33.13333677636809
3.90216982114786e-05,33.134873363782965
3.913287114085603e-05,33.135934783261625
3.9244044070233464e-05,33.134896469859825
3.935521699961089e-05,33.13467894071337
3.946638992898833e-05,33.1345015178348
3.957756285836576e-05,33.13435568235144
3.968873578774319e-05,33.134242513748596
3.9799908717120624e-05,33.13435757634672
3.991108164649805e-05,33.13318139206241
4.002225457587549e-05,33.13319234019522
4.0133427505252915e-05,33.13254615336997
4.024460043463035e-05,33.132342129925085
4.0355773364007785e-05,33.13162698869341
4.046694629338521e-05,33.130863874520735
4.057811922276265e-05,33.12998422665406
4.0689292152140075e-05,33.129907303404394
4.080046508151751e-05,33.13015367407016
4.091163801089494e-05,33.13196569744947
4.102281094027237e-05,33.133122682456175
4.113398386964981e-05,33.133837339360205
4.1245156799027235e-05,33.135426116234704
4.135632972840467e-05,33.137320886265584
4.14675026577821e-05,33.13754939987737
4.157867558715953e-05,33.138091373898376
4.168984851653697e-05,33.13972706214123
4.1801021445914396e-05,33.1428290133607
4.191219437529183e-05,33.14346437014838
4.202336730466926e-05,33.145803586690135
4.213454023404669e-05,33.145920802149554
4.224571316342412e-05,33.14592745444855
4.2356886092801556e-05,33.14554099611363
4.246805902217899e-05,33.145561857617544
4.257923195155642e-05,33.1462564507352
4.269040488093385e-05,33.14584844864311
4.280157781031128e-05,33.14497723636547
4.2912750739688716e-05,33.144347315432725
4.3023923669066144e-05,33.14237598795748
4.313509659844358e-05,33.14158212496266
4.3246269527821014e-05,33.14111433809913
4.335744245719844e-05,33.139083134547555
4.3468615386575876e-05,33.14025591877282
4.3579788315953304e-05,33.14155694293808
4.369096124533074e-05,33.14149107950633
4.3802134174708174e-05,33.141726530879815
4.39133071040856e-05,33.14229700529779
4.4024480033463036e-05,33.142082817784186
4.4135652962840464e-05,33.14266924571456
4.42468258922179e-05,33.14223751596219
4.435799882159533e-05,33.143878750645705
4.446917175097276e-05,33.14439513163901
4.45803446803502e-05,33.14657883224356
4.4691517609727625e-05,33.1457514646027
4.480269053910506e-05,33.14706767861674
4.491386346848249e-05,33.14789652581875
4.502503639785992e-05,33.149276484157
4.513620932723736e-05,33.149793663393865
4.5247382256614785e-05,33.1497206799985
4.535855518599222e-05,33.15052653545997
4.546972811536965e-05,33.150082457026215
4.558090104474708e-05,33.14896257117335
4.569207397412451e-05,33.1494161523615
4.5803246903501945e-05,33.149925596861394
4.591441983287938e-05,33.14920862540781
4.602559276225681e-05,33.147218043824466
4.613676569163424e-05,33.147497109093976
4.624793862101167e-05,33.147096487687364
4.6359111550389105e-05,33.145669961158184
4.647028447976653e-05,33.144348502641805
4.658145740914397e-05,33.142424099767844
4.66926303385214e-05,33.14217534021035
4.680380326789883e-05,33.140459090605994
4.6914976197276265e-05,33.13963496908411
4.7026149126653693e-05,33.13819143254457
4.713732205603113e-05,33.13624288379366
4.724849498540856e-05,33.13487368420475
4.735966791478599e-05,33.13552280671096
4.7470840844163426e-05,33.13583976063798
4.7582013773540854e-05,33.13725432562306
4.769318670291829e-05,33.13703903555327
4.7804359632295716e-05,33.138598872333944
4.791553256167315e-05,33.13954711268571
4.8026705491050586e-05,33.141382907817615
4.8137878420428014e-05,33.14217149166718
4.824905134980545e-05,33.141513731591694
4.8360224279182877e-05,33.14180693171449
4.847139720856031e-05,33.14342144753787
4.858257013793774e-05,33.14392648360683
4.8693743067315174e-05,33.14536998233386
4.880491599669261e-05,33.14529915767548
4.891608892607004e-05,33.14598535508256
4.902726185544747e-05,33.14663137492419
4.91384347848249e-05,33.147074826280736
4.9249607714202334e-05,33.145324155687796
4.936078064357977e-05,33.14518962144694
4.94719535729572e-05,33.145747271340674
4.958312650233463e-05,33.143739643065985
4.969429943171206e-05,33.59162672438319
4.9805472361089494e-05,34.010899922929724
4.991664529046692e-05,34.37840983048016
5.002781821984436e-05,34.6957328427152
5.013899114922179e-05,34.97036661700977
5.025016407859922e-05,35.201362789394985
5.0361337007976655e-05,35.390262556626126
5.047250993735408e-05,35.53669938498685
5.058368286673152e-05,35.64470609146462
5.069485579610895e-05,35.71309749217988
5.080602872548638e-05,35.74307130085955
5.0917201654863815e-05,35.73250262046513
5.102837458424124e-05,35.689962473579826
5.113954751361868e-05,35.608757214851266
5.1250720442996105e-05,35.4965350492927
5.136189337237354e-05,35.349250203030955
5.1473066301750975e-05,35.17175122565611
5.15842392311284e-05,34.96169800091092
5.169541216050584e-05,34.72302358043363
5.1806585089883266e-05,34.45523201165673
5.19177580192607e-05,34.159718028705505
5.202893094863813e-05,33.83604762450734
5.214010387801556e-05,33.48639427036695
5.2251276807393e-05,33.11024596367308
5.2362449736770426e-05,32.71095177661617
5.247362266614786e-05,32.288155648284814
5.258479559552529e-05,31.842915408394045
5.269596852490272e-05,31.377355742206227
5.280714145428016e-05,30.88978843081161
5.2918314383657586e-05,30.381548840395837
5.302948731303502e-05,29.85367389156431
5.314066024241245e-05,29.30953166695706
5.3251833171789884e-05,28.746029045530634
5.336300610116731e-05,28.1679211300218
5.3474179030544746e-05,27.57516638683643
5.358535195992218e-05,26.96864614949408
5.369652488929961e-05,26.347478854568987
5.3807697818677044e-05,25.713992294191065
5.391887074805447e-05,25.070693306744914
5.4030043677431907e-05,24.41769505251052
5.4141216606809334e-05,23.754007517417723
5.425238953618677e-05,23.085225712611347
5.4363562465564204e-05,22.405289257962473
5.447473539494163e-05,21.71890335135954
5.458590832431907e-05,21.026769557566332
5.4697081253696495e-05,20.33033818600036
5.480825418307393e-05,19.628177573643473
5.4919427112451364e-05,18.92584911228261
5.503060004182879e-05,18.21887252423101
5.514177297120623e-05,17.5123080865547
5.5252945900583655e-05,16.803758490349043
5.536411882996109e-05,16.098449424348043
5.547529175933852e-05,15.393337077616835
5.558646468871595e-05,14.686861120822446
5.569763761809339e-05,13.985752323869695
5.5808810547470815e-05,13.286552716649727
5.591998347684825e-05,12.595956523666935
5.603115640622568e-05,11.908786492794237
5.614232933560311e-05,11.2293706677431
5.625350226498055e-05,10.558070121511937
5.6364675194357975e-05,9.897298366748897
5.647584812373541e-05,9.244536775309705
5.658702105311284e-05,8.604062964872185
5.669819398249027e-05,7.97456023120801
5.68093669118677e-05,7.35951341755035
5.6920539841245135e-05,6.754188051938298
5.703171277062257e-05,6.165543807821265
5.71428857e-05,5.592082399202696
5.725405862937743e-05,5.035781239674507
5.736523155875486e-05,4.494947874297096
5.7476404488132296e-05,3.972804607742528
5.7587577417509724e-05,3.4684124363576525
5.769875034688716e-05,2.9854044911794597
5.780992327626459e-05,2.5212500370019053
5.792109620564202e-05,2.079945809409014
5.8032269135019456e-05,1.6595639038467256
5.8143442064396884e-05,1.2649505247066037
5.825461499377432e-05,0.8938790729765871
5.836578792315175e-05,0.5490467356225347
5.847696085252918e-05,0.22987033111798674
5.8588133781906616e-05,-0.06173143693390793
5.8699306711284044e-05,-0.32607388894680545
5.881047964066148e-05,-0.5612482582643996
5.892165257003891e-05,-0.7669777234869288
5.903282549941634e-05,-0.9412616124114511
5.9143998428793776e-05,-1.0838719966605872
5.9255171358171204e-05,-1.1945786281784556
5.936634428754864e-05,-1.2688451971506998
5.947751721692607e-05,-1.310606859058728
5.95886901463035e-05,-1.3156627495622097
5.9699863075680936e-05,-1.2861425586084905
5.9811036005058364e-05,-1.2178789167787
5.99222089344358e-05,-1.1126280307258936
6.003338186381323e-05,-0.9657554738398271
6.014455479319066e-05,-0.7799460183968991
6.025572772256809e-05,-0.5527764923863472
6.0366900651945525e-05,-0.2848646495560966
6.047807358132296e-05,0.029635255922575668
6.058924651070039e-05,0.3843772530887505
6.070041944007782e-05,0.7861254095730463
6.081159236945525e-05,1.2345796500817154
6.0922765298832685e-05,1.235119319874256
6.103393822821011e-05,1.214019818370535
6.114511115758755e-05,1.198934921388835
6.125628408696498e-05,1.185764744897833
6.136745701634241e-05,1.1724370105166364
6.147862994571984e-05,1.1613313439898534
6.158980287509728e-05,1.1496043886348883
6.170097580447471e-05,1.138768919639297
6.181214873385214e-05,1.1283786193858243
6.192332166322958e-05,1.1172750704351382
6.2034494592607e-05,1.1066061501157751
6.214566752198443e-05,1.1002370717158185
6.225684045136186e-05,1.0900897401303207
6.23680133807393e-05,1.0833287997615708
6.247918631011673e-05,1.0738049469224438
6.259035923949416e-05,1.0654006030306402
6.27015321688716e-05,1.0568266514163924
6.281270509824903e-05,1.0499971965057604
6.292387802762646e-05,1.0422874163895395
6.303505095700388e-05,1.0349732528198743
6.314622388638133e-05,1.0272866931326308
6.325739681575875e-05,1.0209116880541382
6.336856974513618e-05,1.013225051896008
6.347974267451362e-05,1.0079512050866226
6.359091560389105e-05,1.0019713770278562
6.370208853326848e-05,0.9980620481312019
6.381326146264591e-05,0.9936729600256557
6.392443439202335e-05,0.9889380176993795
6.403560732140078e-05,0.9815036815817348
6.41467802507782e-05,0.9766976395701642
6.425795318015565e-05,0.9706609877929506
6.436912610953307e-05,0.966108386290075
6.44802990389105e-05,0.9642932140663477
6.459147196828794e-05,0.961926682287079
6.470264489766537e-05,0.9590445510320342
6.48138178270428e-05,0.9566030690905987
6.492499075642023e-05,0.9545739438658356
6.503616368579767e-05,0.9542821559032026
6.51473366151751e-05,0.9529852300164307
6.525850954455252e-05,0.9510298930457859
6.536968247392997e-05,0.9509113768220582
6.54808554033074e-05,0.9494026212834002
6.559202833268482e-05,0.9512589412940803
6.570320126206225e-05,0.9522738814238905
6.581437419143969e-05,0.9531966248657578
6.592554712081712e-05,0.953328060907771
6.603672005019455e-05,0.9563425385703792
6.614789297957199e-05,0.9566919008879546
6.625906590894942e-05,0.9584913658386198
6.637023883832685e-05,0.9595216916946433
6.648141176770427e-05,0.9635044757271626
6.659258469708171e-05,0.963211737678398
6.670375762645914e-05,0.9661672837524427
6.681493055583657e-05,0.968736628033212
6.692610348521401e-05,0.9728032751089948
6.703727641459144e-05,0.9771756182536353
6.714844934396887e-05,0.981918463714232
6.72596222733463e-05,0.9855630802294635
6.737079520272374e-05,0.9914606026388719
6.748196813210117e-05,0.9963035204083094
6.75931410614786e-05,1.0017370800624745
6.770431399085604e-05,1.0069505507641316
6.781548692023346e-05,1.0119320104681317
6.792665984961089e-05,1.0180817057903813
6.803783277898833e-05,1.0232122746518508
6.814900570836576e-05,1.0298051688284788
6.826017863774319e-05,1.0354231000680882
6.837135156712062e-05,1.0414543315424334
6.848252449649806e-05,1.0469807414800165
6.859369742587549e-05,1.0534926456301743
6.870487035525291e-05,1.059717386688815
6.881604328463036e-05,1.0653770646513094
6.892721621400778e-05,1.0714770337723456
6.903838914338521e-05,1.0790336652380297
6.914956207276264e-05,1.0839293878270695
6.926073500214008e-05,1.0915574765602618
6.937190793151751e-05,1.0974239492577067
6.948308086089494e-05,1.1060835608156163
6.959425379027238e-05,1.1124615733321443
6.97054267196498e-05,1.1179542735742607
6.981659964902723e-05,1.12430186892146
6.992777257840466e-05,1.1308282317250575
7.00389455077821e-05,1.1365229355667634
7.015011843715953e-05,1.1431427156213338
7.026129136653696e-05,1.1486705490192224
7.03724642959144e-05,1.1563923396763776
7.048363722529183e-05,1.1638921144993004
7.059481015466926e-05,1.1696407449412547
7.070598308404669e-05,1.1760196952093112
7.081715601342413e-05,1.1817870577399583
7.092832894280155e-05,1.1871515248243112
7.103950187217898e-05,1.1925295093815136
7.115067480155642e-05,1.1984684782149935
7.126184773093385e-05,1.2051355348212007
7.137302066031128e-05,1.2125839721500522
7.148419358968871e-05,1.2173831223912188
7.159536651906615e-05,1.2223730804413384
7.170653944844358e-05,1.2268345187813297
7.1817712377821e-05,1.2328049462279007
7.192888530719845e-05,1.2352098237858185
7.204005823657588e-05,1.239170155671713
7.21512311659533e-05,1.2430834792039949
7.226240409533074e-05,1.247558558917922
7.237357702470817e-05,1.2508248017883592
7.24847499540856e-05,1.2562449358688035
7.259592288346303e-05,1.2597041717561202
7.270709581284047e-05,1.2635458841836311
7.28182687422179e-05,1.2658153464857482
7.292944167159533e-05,1.2681815122273423
7.304061460097277e-05,1.2687749644955177
7.31517875303502e-05,1.2715539682402899
7.326296045972762e-05,1.2733806616740382
7.337413338910505e-05,1.274158492801426
7.348530631848249e-05,1.275347672322162
7.359647924785992e-05,1.2771638298256651
7.370765217723735e-05,1.2781458588434536
7.381882510661479e-05,1.2808924987896864
7.392999803599222e-05,1.2824448693329975
7.404117096536965e-05,1.2834144662359266
7.415234389474707e-05,1.283073754279513
7.426351682412452e-05,1.2845232676724525
7.437468975350194e-05,1.285041430384538
7.448586268287937e-05,1.2843745250367349
7.459703561225681e-05,1.285309697188664
7.470820854163424e-05,1.2851604999722965
7.481938147101167e-05,1.2846584521613378
7.49305544003891e-05,1.2827455267101802
7.504172732976654e-05,1.2791232558495425
7.515290025914397e-05,1.2755962596608847
7.52640731885214e-05,1.2752071938787728
7.537524611789884e-05,1.273077499757754
7.548641904727626e-05,1.2723085283858715
7.559759197665369e-05,1.268741373142524
7.570876490603113e-05,1.266146385469845
7.581993783540856e-05,1.262134326806035
7.593111076478599e-05,1.2584332634381052
7.604228369416342e-05,1.253582640350545
7.615345662354086e-05,1.2518974219791832
7.626462955291829e-05,1.2476049502055948
7.637580248229572e-05,1.2443176736223194
7.648697541167316e-05,1.2408668063717705
7.659814834105058e-05,1.2363028381156513
7.670932127042801e-05,1.2306256566248517
7.682049419980544e-05,1.2254129133040033
7.693166712918288e-05,1.220949500411501
7.704284005856031e-05,1.218934246544852
7.715401298793774e-05,1.215724625297639
7.726518591731518e-05,1.2111138527205272
7.737635884669261e-05,1.2059434131987037
7.748753177607004e-05,1.2010994316141903
7.759870470544746e-05,1.197099939162449
7.77098776348249e-05,1.1902876963157802
7.782105056420233e-05,1.1862546000179488
7.793222349357976e-05,1.182029367786651
7.80433964229572e-05,1.1771154307684613
7.815456935233463e-05,1.1716438946049064
7.826574228171206e-05,1.1670540839731054
7.837691521108949e-05,1.1609037972596334
7.848808814046693e-05,1.1566722737957922
7.859926106984436e-05,1.1499849827892126
7.871043399922178e-05,1.1468781483083594
7.882160692859923e-05,1.1409153136212213
7.893277985797665e-05,1.1370606975756228
7.904395278735408e-05,1.1307351838274473
7.915512571673152e-05,1.1244148650475938
7.926629864610895e-05,1.1185954702631686
7.937747157548638e-05,1.1124192071095431
7.948864450486381e-05,1.1066410031121183
7.959981743424125e-05,1.1015296646394546
7.971099036361868e-05,1.0952438051252869
7.98221632929961e-05,1.0907141851315194
7.993333622237355e-05,1.083900731228385
8.004450915175097e-05,1.0804602694663143
8.01556820811284e-05,1.0750301730403966
8.026685501050583e-05,1.0693047616603133
8.037802793988327e-05,1.0643686139624382
8.04892008692607e-05,1.0591007568740138
8.060037379863813e-05,1.053133835165877
8.071154672801557e-05,1.0477459723641966
8.0822719657393e-05,1.0419791694708762
8.093389258677043e-05,1.0377592047863669
8.104506551614785e-05,1.0327276713624425
8.11562384455253e-05,1.0273164109221011
8.126741137490272e-05,1.0236380106842673
8.137858430428015e-05,1.019271148501264
8.148975723365759e-05,1.0142453139726015
8.160093016303502e-05,1.0092816825060085
8.171210309241245e-05,1.0039247626956314
8.182327602178988e-05,0.9990853953218468
8.193444895116732e-05,0.9948081208608042
8.204562188054475e-05,0.9903379854819986
8.215679480992217e-05,0.9861570790225163
8.226796773929961e-05,0.9819608902476702
8.237914066867704e-05,0.9790937423353913
8.249031359805447e-05,0.9744666003977557
8.26014865274319e-05,0.9692307039454077
8.271265945680934e-05,0.9654121307238603
8.282383238618677e-05,0.9622045574161369
8.29350053155642e-05,0.9577973042025518
8.304617824494164e-05,0.9536350295612036
8.315735117431907e-05,0.9504984449621914
8.32685241036965e-05,0.9485873932906739
8.337969703307394e-05,0.9459673327580617
8.349086996245136e-05,0.9438869778223613
8.360204289182879e-05,0.9416250873673249
8.371321582120622e-05,0.940769882773535
8.382438875058366e-05,0.9396279536556225
8.393556167996109e-05,0.9374595110367935
8.404673460933852e-05,0.937981680004956
8.415790753871596e-05,0.9387006549362242
8.426908046809339e-05,0.9382195426384122
8.438025339747081e-05,0.9375579664009798
8.449142632684824e-05,0.9368977356870016
8.460259925622568e-05,0.9363623412579971
8.471377218560311e-05,0.9367630882905771
8.482494511498054e-05,0.9365478848888044
8.493611804435798e-05,0.937742894570374
8.504729097373541e-05,0.9371869815909981
8.515846390311284e-05,0.9382968232301198
8.526963683249027e-05,0.9381849937004116
8.53808097618677e-05,0.9399699271081534
8.549198269124513e-05,0.9383980707141069
8.560315562062256e-05,0.9390144446369644
8.571432855e-05,0.9403675152263411
8.582550147937743e-05,0.9409419219091055
8.593667440875486e-05,0.9416965484277786
8.604784733813229e-05,0.9437671471498678
8.615902026750973e-05,0.9450965913863141
8.627019319688716e-05,0.9482283039835809
8.638136612626459e-05,0.9514636182939441
8.649253905564203e-05,0.9539839285775282
8.660371198501945e-05,0.9563420935707284
8.671488491439688e-05,0.9599916663539722
8.682605784377432e-05,0.9620785465659681
8.693723077315175e-05,0.9634136287496788
8.704840370252918e-05,0.96670455518899
8.715957663190661e-05,0.9704261726735343
8.727074956128405e-05,0.9749482420907964
8.738192249066148e-05,0.9775027671256025
8.74930954200389e-05,0.9827045528735816
8.760426834941635e-05,0.9864493361937051
8.771544127879378e-05,0.9906857604072461
8.78266142081712e-05,0.995711176172046
8.793778713754863e-05,1.0000679660026273
8.804896006692607e-05,1.0053640269411388
8.81601329963035e-05,1.010555751612848
8.827130592568093e-05,1.0123371507188332
8.838247885505837e-05,1.0164108859746475
8.84936517844358e-05,1.018690368396251
8.860482471381323e-05,1.024548914619307
8.871599764319065e-05,1.0281477449755776
8.88271705725681e-05,1.0321381730190287
8.893834350194552e-05,1.0366612025310358
8.904951643132295e-05,1.0405003538861721
8.91606893607004e-05,1.0422507719733107
8.927186229007782e-05,1.0478394599821272
8.938303521945525e-05,1.0503370374783227
8.949420814883268e-05,1.0544129824327388
8.960538107821012e-05,1.0595774886792253
8.971655400758755e-05,1.0646865803546408
8.982772693696497e-05,1.0680415704390853
8.993889986634242e-05,1.0711326287675111
9.005007279571984e-05,1.0734538023771052
9.016124572509727e-05,1.0760031603194902
9.027241865447471e-05,1.0793817509358883
9.038359158385214e-05,1.084281965239403
9.049476451322957e-05,1.0879876832758215
9.0605937442607e-05,1.091578992733596
9.071711037198444e-05,1.095438632577717
9.082828330136187e-05,1.100135950136099
9.09394562307393e-05,1.1034297374320936
9.105062916011674e-05,1.107149642766377
9.116180208949416e-05,1.1105000235826814
9.127297501887159e-05,1.1134014588932304
9.138414794824902e-05,1.1167009443223583
9.149532087762646e-05,1.118523467127484
9.160649380700389e-05,1.120935261557542
9.171766673638132e-05,1.122862210933594
9.182883966575876e-05,1.1261390522346748
9.194001259513619e-05,1.127097846803359
9.205118552451362e-05,1.1300982581936618
9.216235845389104e-05,1.131513662491222
9.227353138326848e-05,1.1335414596141118
9.238470431264591e-05,1.13579169986631
9.249587724202334e-05,1.137596783086591
9.260705017140078e-05,1.138838043405205
9.271822310077821e-05,1.1410422998422745
9.282939603015564e-05,1.1400829476708427
9.294056895953307e-05,1.1427317004938256
9.305174188891051e-05,1.1442406763096888
9.316291481828794e-05,1.1459409177589204
9.327408774766536e-05,1.1461844860229966
9.33852606770428e-05,1.149557226783776
9.349643360642023e-05,1.1510155962431274
9.360760653579766e-05,1.1514357997296611
9.37187794651751e-05,1.1514981442246135
9.382995239455253e-05,1.1528021114074576
9.394112532392996e-05,1.1537398871095403
9.405229825330739e-05,1.1539074666701263
9.416347118268483e-05,1.1547056983604918
9.427464411206226e-05,1.1554867423746513
9.438581704143968e-05,1.155598123139765
9.449698997081713e-05,1.1543121586397291
9.460816290019455e-05,1.1545188945922757
9.471933582957198e-05,1.1524789054160154
9.483050875894941e-05,1.1523778780708862
9.494168168832685e-05,1.1503824110134813
9.505285461770428e-05,1.1493393172113424
9.516402754708171e-05,1.1472216408523712
9.527520047645915e-05,1.1452465394852271
9.538637340583658e-05,1.142284677260367
9.5497546335214e-05,1.1417036017843432
9.560871926459143e-05,1.139012665561554
9.571989219396887e-05,1.1378764327152437
9.58310651233463e-05,1.1356247171553266
9.594223805272373e-05,1.1338720820572374
9.605341098210117e-05,1.1294499629127355
9.61645839114786e-05,1.1260465741511945
9.627575684085603e-05,1.1237981767111789
9.638692977023346e-05,1.1196293465390144
9.64981026996109e-05,1.1161489717726967
9.660927562898833e-05,1.1142761295485764
9.672044855836575e-05,1.1119886967436508
9.68316214877432e-05,1.1094179025116238
9.694279441712062e-05,1.106903776733933
9.705396734649805e-05,1.10535066152296
9.716514027587548e-05,1.1024920611862545
9.727631320525292e-05,1.0986209181893107
9.738748613463035e-05,1.0955259988732908
9.749865906400778e-05,1.0927335390671211
9.760983199338522e-05,1.0887611052637882
9.772100492276265e-05,1.085365016365834
9.783217785214007e-05,1.0810760483844517
9.794335078151751e-05,1.0777664180394744
9.805452371089494e-05,1.0752506650763969
9.816569664027237e-05,1.0729088210917712
9.82768695696498e-05,1.070100592669884
9.838804249902724e-05,1.0671873466881328
9.849921542840467e-05,1.0651406289249399
9.86103883577821e-05,1.0618203387084673
9.872156128715954e-05,1.058480750440896
9.883273421653697e-05,1.0536343773341277
9.89439071459144e-05,1.050909118977032
9.905508007529182e-05,1.046214553881226
9.916625300466926e-05,1.0441716357040705
9.927742593404669e-05,1.0393759540213598
9.938859886342412e-05,1.0364834504995222
9.949977179280156e-05,1.033084966590158
9.961094472217899e-05,1.0305757169985772
9.972211765155642e-05,1.02811237198678
9.983329058093384e-05,1.0241026278865337
9.994446351031129e-05,1.0209849059458496
0.00010005563643968871,1.0180236966311997
0.00010016680936906614,1.013957469056983
0.00010027798229844358,1.0119273640961903
0.00010038915522782101,1.0105705086932442
0.00010050032815719844,1.00822663253978
0.00010061150108657587,1.0076483901086746
0.00010072267401595331,1.0062697109738292
0.00010083384694533074,1.0021577434620732
0.00010094501987470817,1.0000849553990097
0.0001010561928040856,0.9972604353523995
0.00010116736573346303,0.9949918810142114
0.00010127853866284046,0.9948940192596298
0.0001013897115922179,0.9927241480065171
0.00010150088452159533,0.9922957218658262
0.00010161205745097276,0.990916026310554
0.00010172323038035019,0.9906179986697994
0.00010183440330972763,0.9902914960775903
0.00010194557623910506,0.9905069937619212
0.00010205674916848249,0.9886078159190056
0.00010216792209785993,0.9885760870283572
0.00010227909502723736,0.9866568273163165
0.00010239026795661478,0.9875464841090993
0.00010250144088599221,0.9861396897179421
0.00010261261381536965,0.9859758849838105
0.00010272378674474708,0.9851680690157466
0.00010283495967412451,0.9859308181438525
0.00010294613260350195,0.985612197652948
0.00010305730553287938,0.9848010247926017
0.0001031684784622568,0.9846394739185876
0.00010327965139163423,0.9860702783484582
0.00010339082432101168,0.9871805783013874
0.0001035019972503891,0.9885600114656157
0.00010361317017976653,0.9894448065222226
0.00010372434310914397,0.9902955670869846
0.0001038355160385214,0.9900091610819536
0.00010394668896789883,0.9918840951834101
0.00010405786189727626,0.9949455259205363
0.0001041690348266537,0.9950622354991515
0.00010428020775603113,0.9953267310668409
0.00010439138068540855,0.9962918038944933
0.000104502553614786,0.9989403295663176
0.00010461372654416342,0.9982594761900463
0.00010472489947354085,0.9997952996777095
0.0001048360724029183,1.0005050823737027
0.00010494724533229572,1.0005339300016056
0.00010505841826167315,0.9997985697303338
0.00010516959119105058,1.0000866803810755
0.00010528076412042802,1.0011052707144825
0.00010539193704980545,1.0022404321000908
0.00010550310997918287,1.0026306387794934
0.00010561428290856032,1.0045430969232938
0.00010572545583793774,1.0054866856945603
0.00010583662876731517,1.0071352851678927
0.0001059478016966926,1.009812880056095
0.00010605897462607004,1.0112032610416297
0.00010617014755544747,1.012494712385352
0.0001062813204848249,1.0153444592648242
0.00010639249341420234,1.0181735329214738
0.00010650366634357977,1.02014524485647
0.0001066148392729572,1.0220563201407504
0.00010672601220233462,1.0238086497395587
0.00010683718513171206,1.0246392452684472
0.00010694835806108949,1.0261697057689168
0.00010705953099046692,1.0272052075614453
0.00010717070391984436,1.0292626425192182
0.00010728187684922179,1.0335711613089262
0.00010739304977859922,1.036855222112254
0.00010750422270797665,1.038105521362817
0.00010761539563735409,1.041462892667994
0.00010772656856673152,1.0437921189327861
0.00010783774149610894,1.045386524713512
0.00010794891442548639,1.047613768279724
0.00010806008735486381,1.0509343221539844
0.00010817126028424124,1.0534543352100272
0.00010828243321361867,1.0561556106100285
0.00010839360614299611,1.0583369087853414
0.00010850477907237354,1.060228658991502
0.00010861595200175097,1.063804723186382
0.00010872712493112841,1.0652358120206562
0.00010883829786050584,1.0684883265045373
0.00010894947078988326,1.0708383560526398
0.0001090606437192607,1.0733657117885318
0.00010917181664863813,1.0749544509534852
0.00010928298957801556,1.0788844315473871
0.00010939416250739299,1.0798482189257204
0.00010950533543677043,1.082939820814544
0.00010961650836614786,1.0846459497406755
0.00010972768129552529,1.085811340828257
0.00010983885422490273,1.086872792233769
0.00010995002715428016,1.0872366266985611
0.00011006120008365758,1.0894684461133135
0.00011017237301303501,1.0919305606287046
0.00011028354594241245,1.0928661449561146
0.00011039471887178988,1.0955215201240942
0.00011050589180116731,1.0978890369020577
0.00011061706473054475,1.0994262153029293
0.00011072823765992218,1.102127806867555
0.00011083941058929961,1.104515978517649
0.00011095058351867704,1.1049905659568329
0.00011106175644805448,1.1064393571348874
0.0001111729293774319,1.1091417016581495
0.00011128410230680933,1.1105579606328262
0.00011139527523618677,1.1140451673086906
0.0001115064481655642,1.115429858644729
0.00011161762109494163,1.1161749490597843
0.00011172879402431906,1.1155315030891855
0.0001118399669536965,1.1164636930578853
0.00011195113988307393,1.1160546153908268
0.00011206231281245136,1.1185752643365476
0.0001121734857418288,1.1169655101298952
0.00011228465867120623,1.1200937423527686
0.00011239583160058365,1.121073485270598
0.0001125070045299611,1.1217762049699591
0.00011261817745933852,1.1235456421878194
0.00011272935038871595,1.1233959308108656
0.00011284052331809338,1.1248256287199367
0.00011295169624747082,1.1245135867336549
0.00011306286917684825,1.123581100580129
0.00011317404210622568,1.1230346532416835
0.00011328521503560312,1.121628853097555
0.00011339638796498055,1.1216749849620022
0.00011350756089435797,1.1200117720038831
0.0001136187338237354,1.1191216641603414
0.00011372990675311284,1.1185317973278244
0.00011384107968249027,1.117873540861266
0.0001139522526118677,1.1185893596583667
0.00011406342554124514,1.1183470040027832
0.00011417459847062257,1.1183256946864097
0.0001142857714,1.1182808169072096
0.00011439694432937742,1.1178181326108363
0.00011450811725875487,1.1179837741342438
0.0001146192901881323,1.1164693173927347
0.00011473046311750972,1.1149685259393602
0.00011484163604688716,1.1127351080602428
0.00011495280897626459,1.1101040184886342
0.00011506398190564202,1.1101262834939687
0.00011517515483501945,1.1077075429654881
0.00011528632776439689,1.1055999724976993
0.00011539750069377432,1.1040250295282432
0.00011550867362315174,1.1038705690009343
0.00011561984655252919,1.1023085274438493
0.00011573101948190661,1.100722429404847
0.00011584219241128404,1.0994264836995715
0.00011595336534066148,1.0968969934497481
0.00011606453827003891,1.0946527289551915
0.00011617571119941634,1.094665994187515
0.00011628688412879377,1.0932499406264657
0.00011639805705817121,1.0922943633603617
0.00011650922998754864,1.0914833630759724
0.00011662040291692607,1.089792995733706
0.0001167315758463035,1.0887600279683471
0.00011684274877568093,1.0872828080644241
0.00011695392170505836,1.0864262903569055
0.00011706509463443579,1.0835289989519805
0.00011717626756381323,1.0829391705531175
0.00011728744049319066,1.081793321601943
0.00011739861342256809,1.0812892156186635
0.00011750978635194553,1.0804083691273383
0.00011762095928132296,1.0790749899399157
0.00011773213221070039,1.0771805557437861
0.00011784330514007781,1.0766106235114754
0.00011795447806945526,1.0737365396173442
0.00011806565099883268,1.0733589267142198
0.00011817682392821011,1.0713532018656224
0.00011828799685758755,1.0714691066866955
0.00011839916978696498,1.0699542994724824
0.00011851034271634241,1.0679460893099264
0.00011862151564571984,1.0656048326914722
0.00011873268857509728,1.0652758607755866
0.0001188438615044747,1.0641750081486698
0.00011895503443385213,1.063410871404848
0.00011906620736322958,1.063477522108282
0.000119177380292607,1.0635423047609558
0.00011928855322198443,1.0617966463413078
0.00011939972615136187,1.0608546170126754
0.0001195108990807393,1.0575071504864708
0.00011962207201011673,1.0575731101565746
0.00011973324493949416,1.0578766336135337
0.0001198444178688716,1.0571897611649614
0.00011995559079824903,1.0566075187976092
0.00012006676372762645,1.0553509172629527
0.0001201779366570039,1.0552580246004337
0.00012028910958638132,1.055265097500958
0.00012040028251575875,1.054246207465656
0.00012051145544513618,1.053672566489551
0.00012062262837451362,1.05312204064681
0.00012073380130389105,1.0515528101723013
0.00012084497423326848,1.0505041801168638
0.00012095614716264592,1.04874925299135
0.00012106732009202335,1.0491483113914277
0.00012117849302140077,1.0483645531218937
0.0001212896659507782,1.0479390567806912
0.00012140083888015564,1.0453458902794084
0.00012151201180953307,1.0471527233694207
0.0001216231847389105,1.0457592481428977
0.00012173435766828794,1.046418063849857
0.00012184553059766537,1.0451018234006597
0.0001219567035270428,1.0446939753018436
0.00012206787645642023,1.043100412385097
0.00012217904938579765,1.0430618142445518
0.0001222902223151751,1.0432520172327167
0.00012240139524455254,1.0429848981033363
0.00012251256817392996,1.0412009057393703
0.0001226237411033074,1.0410031871069152
0.00012273491403268482,1.0406518532862723
0.00012284608696206225,1.0401408530859693
0.00012295725989143968,1.0407590433109473
0.00012306843282081713,1.0404087799733468
0.00012317960575019456,1.040152250157249
0.000123290778679572,1.0398659426519714
0.00012340195160894942,1.0420997458540522
0.00012351312453832684,1.040993757140936
0.00012362429746770427,1.0399210509526569
0.0001237354703970817,1.039840320999155
0.00012384664332645915,1.0399219383573972
0.00012395781625583658,1.0412504916879037
0.000124068989185214,1.0402305868697441
0.00012418016211459144,1.039998515198191
0.00012429133504396887,1.0403822815598722
0.0001244025079733463,1.0404534957660507
0.00012451368090272372,1.041538110935633
0.00012462485383210118,1.0421599226190263
0.0001247360267614786,1.0452416943030343
0.00012484719969085603,1.0463299405533129
0.00012495837262023346,1.0471130623498064
0.0001250695455496109,1.046840449722989
0.00012518071847898832,1.0472198214031208
0.00012529189140836575,1.046219927049067
0.0001254030643377432,1.045797875113893
0.00012551423726712063,1.0454371716462398
0.00012562541019649806,1.0471693250764158
0.00012573658312587548,1.0453239094075404
0.0001258477560552529,1.046864036581008
0.00012595892898463034,1.047150387356727
0.00012607010191400777,1.0487821485337039
0.00012618127484338522,1.0499216864513554
0.00012629244777276265,1.050101092670281
0.00012640362070214008,1.0516855874882365
0.0001265147936315175,1.0532382908430413
0.00012662596656089494,1.053756458040992
0.00012673713949027236,1.0553712726737061
0.0001268483124196498,1.0568071394188507
0.00012695948534902725,1.0569567048806232
0.00012707065827840467,1.056916944271344
0.0001271818312077821,1.058343769682898
0.00012729300413715953,1.0596612798789884
0.00012740417706653696,1.0610289677409228
0.00012751534999591439,1.0639842581251664
0.00012762652292529181,1.0653660854462645
0.00012773769585466927,1.0656746761669202
0.0001278488687840467,1.0673933837100644
0.00012796004171342413,1.0684474698582114
0.00012807121464280155,1.069431759809077
0.00012818238757217898,1.0698344786503136
0.0001282935605015564,1.0714444626760848
0.00012840473343093384,1.0730058960440967
0.0001285159063603113,1.0750200456113619
0.00012862707928968872,1.075594748995217
0.00012873825221906615,1.076129527894826
0.00012884942514844358,1.077360438540297
0.000128960598077821,1.078218145124196
0.00012907177100719843,1.0788320063554337
0.0001291829439365759,1.0814430671276891
0.00012929411686595332,1.0841272478510928
0.00012940528979533074,1.0858789639511222
0.00012951646272470817,1.086924715729133
0.0001296276356540856,1.0874009162216163
0.00012973880858346303,1.0895774954773378
0.00012984998151284045,1.0910187982369224
0.0001299611544422179,1.0922585489672194
0.00013007232737159534,1.0934022386297897
0.00013018350030097277,1.0951162104316357
0.0001302946732303502,1.0945551669478353
0.00013040584615972762,1.094468070109301
0.00013051701908910505,1.0945534507622632
0.00013062819201848248,1.0963558824753226
0.00013073936494785993,1.1002267694772794
0.00013085053787723736,1.1025188358278997
0.0001309617108066148,1.1024738678807195
0.00013107288373599222,1.102158145018646
0.00013118405666536964,1.1024382174819423
0.00013129522959474707,1.1023417260504298
0.0001314064025241245,1.1014850502083107
0.00013151757545350196,1.1021369646231596
0.00013162874838287938,1.1024110337462432
0.0001317399213122568,1.1019749900803393
0.00013185109424163424,1.1026270608368192
0.00013196226717101167,1.1019020837608062
0.0001320734401003891,1.1022138306580689
0.00013218461302976652,1.1023660131734765
0.00013229578595914398,1.1020103679181092
0.0001324069588885214,1.1015596978998325
0.00013251813181789883,1.1030355413493937
0.00013262930474727626,1.1026988058366374
0.0001327404776766537,1.1026484252837547
0.00013285165060603112,1.1038769038764835
0.00013296282353540855,1.1038048959482574
0.000133073996464786,1.104505679227029
0.00013318516939416343,1.1048938687818957
0.00013329634232354086,1.103715106713295
0.00013340751525291829,1.1048546077053665
0.00013351868818229571,1.1047237152585632
0.00013362986111167314,1.10380673001674
0.00013374103404105057,1.1041917617156922
0.00013385220697042802,1.1029060604515433
0.00013396337989980545,1.1035975796519288
0.00013407455282918288,1.1046638664822208
0.0001341857257585603,1.105194577122675
0.00013429689868793774,1.1056343730586793
0.00013440807161731516,1.1057715689229999
0.0001345192445466926,1.1049655610380715
0.00013463041747607005,1.1038713758865175
0.00013474159040544748,1.103754323490166
0.0001348527633348249,1.105092129147776
0.00013496393626420233,1.104472510905371
0.00013507510919357976,1.1028412066552586
0.0001351862821229572,1.0998804689256356
0.00013529745505233462,1.1006938577013414
0.00013540862798171207,1.099460943207184
0.0001355198009110895,1.0996096299887645
0.00013563097384046693,1.0996197101055876
0.00013574214676984435,1.099262979142958
0.00013585331969922178,1.0980888418719734
0.0001359644926285992,1.096425555463198
0.00013607566555797667,1.0956802931885465
0.0001361868384873541,1.0952145605999133
0.00013629801141673152,1.0945074449120336
0.00013640918434610895,1.093995676887657
0.00013652035727548638,1.0938808781675176
0.0001366315302048638,1.0943813394160389
0.00013674270313424123,1.0949069039573518
0.0001368538760636187,1.094190990112713
0.00013696504899299612,1.0942371691924624
0.00013707622192237354,1.0927763052496136
0.00013718739485175097,1.092654946699908
0.0001372985677811284,1.0922761935309746
0.00013740974071050583,1.0924754405869028
0.00013752091363988326,1.0925063158478947
0.0001376320865692607,1.0913549997065923
0.00013774325949863814,1.0893023422889938
0.00013785443242801557,1.089030786072068
0.000137965605357393,1.0863103846960414
0.00013807677828677042,1.0855382054093596
0.00013818795121614785,1.0851244933851396
0.00013829912414552528,1.085274196889424
0.00013841029707490273,1.0848597716999697
0.00013852147000428016,1.0850474974830548
0.0001386326429336576,1.08469680307859
0.00013874381586303502,1.084193807700465
0.00013885498879241245,1.083742645845719
0.00013896616172178987,1.0848801302339428
0.0001390773346511673,1.0817198194553985
0.00013918850758054476,1.081273376619772
0.00013929968050992219,1.0804185248003955
0.0001394108534392996,1.0817825607292968
0.00013952202636867704,1.0819232917426016
0.00013963319929805447,1.0807068526914214
0.0001397443722274319,1.0797954810612724
0.00013985554515680933,1.0802254864137795
0.00013996671808618678,1.0793752476359977
0.0001400778910155642,1.0807924253241252
0.00014018906394494164,1.0808806353991958
0.00014030023687431906,1.08090052006754
0.0001404114098036965,1.0796319715192921
0.00014052258273307392,1.0782645873444987
0.00014063375566245135,1.0771662238494968
0.0001407449285918288,1.0769233922314279
0.00014085610152120623,1.0762741043439126
0.00014096727445058366,1.075015576426461
0.0001410784473799611,1.0759236142325024
0.00014118962030933851,1.0764583480815921
0.00014130079323871594,1.0751989983368284
0.00014141196616809337,1.0739438914345563
0.00014152313909747083,1.0735259925231289
0.00014163431202684825,1.0740263451520584
0.00014174548495622568,1.0753996641340968
0.0001418566578856031,1.0741532656183441
0.00014196783081498054,1.07322935219304
0.00014207900374435797,1.0709184410452213
0.0001421901766737354,1.0729714740377547
0.00014230134960311285,1.0718530845704888
0.00014241252253249028,1.0731411734612373
0.0001425236954618677,1.073020162006256
0.00014263486839124513,1.0751095571952631
0.00014274604132062256,1.0751154603728925
0.00014285721425,1.075022993704515
0.00014296838717937742,1.0740911120080692
0.00014307956010875487,1.0745545660191884
0.0001431907330381323,1.0755337925446837
0.00014330190596750973,1.0752143258724485
0.00014341307889688716,1.0763384648707546
0.00014352425182626458,1.0771859601089524
0.000143635424755642,1.0804653711012304
0.00014374659768501947,1.081354034429944
0.0001438577706143969,1.0838939218090615
0.00014396894354377432,1.0842457134842363
0.00014408011647315175,1.0832814061648863
0.00014419128940252918,1.0832326889744468
0.0001443024623319066,1.0818998928072814
0.00014441363526128403,1.0811225851677972
0.0001445248081906615,1.0831229971081824
0.00014463598112003892,1.082443209887392
0.00014474715404941635,1.082881142908001
0.00014485832697879377,1.0835034413156879
0.0001449694999081712,1.085536093150896
0.00014508067283754863,1.0873285302395352
0.00014519184576692606,1.0870921258824875
0.0001453030186963035,1.0861962975224912
0.00014541419162568094,1.0869278527747661
0.00014552536455505837,1.0860835884658941
0.0001456365374844358,1.0862995532210322
0.00014574771041381322,1.0862569492642342
0.00014585888334319065,1.0872295817017046
0.00014597005627256808,1.0869886004945795
0.00014608122920194554,1.086440438546187
0.00014619240213132296,1.0868985164206786
0.0001463035750607004,1.0881220520431913
0.00014641474799007782,1.089852020114677
0.00014652592091945525,1.0883508918127542
0.00014663709384883268,1.0902213758349448
0.0001467482667782101,1.0901417938241267
0.00014685943970758756,1.0901212284940405
0.00014697061263696499,1.0906115168521282
0.00014708178556634241,1.0899800250643985
0.00014719295849571984,1.0911661108991368
0.00014730413142509727,1.0908039821891826
0.0001474153043544747,1.0901165783011715
0.00014752647728385213,1.0904320335176196
0.00014763765021322958,1.0893922963911977
0.000147748823142607,1.0899895470875927
0.00014785999607198444,1.089277952019563
0.00014797116900136187,1.0894085164103742
0.0001480823419307393,1.0892223707947106
0.00014819351486011672,1.089272802211766
0.00014830468778949415,1.0890846493199242
0.0001484158607188716,1.0881868448367442
0.00014852703364824903,1.0883043758344537
0.00014863820657762646,1.089427135877584
0.0001487493795070039,1.087324747904158
0.00014886055243638132,1.0872342237778054
0.00014897172536575874,1.0884290116499304
0.00014908289829513617,1.089375034314939
0.00014919407122451363,1.0899014556766988
0.00014930524415389106,1.0896357037204571
0.00014941641708326848,1.0898925807785491
0.0001495275900126459,1.089598574594323
0.00014963876294202334,0.9737737907053309
0.00014974993587140077,0.526828857283401
0.0001498611088007782,0.12617292298265465
0.00014997228173015565,-0.22599975853807586
0.00015008345465953308,-0.5315933672895383
0.0001501946275889105,-0.7908555218939758
0.00015030580051828793,-1.0068919168509824
0.00015041697344766536,-1.1819628235080297
0.0001505281463770428,-1.3169242244055948
0.00015063931930642025,-1.4131265237426343
0.00015075049223579767,-1.470286536990859
0.0001508616651651751,-1.4888603579554351
0.00015097283809455253,-1.4722767515115531
0.00015108401102392996,-1.418427269646117
0.00015119518395330738,-1.3302255106244218
0.0001513063568826848,-1.210969174191946
0.00015141752981206227,-1.0563025239637458
0.0001515287027414397,-0.8695098362702054
0.00015163987567081712,-0.6510006926964751
0.00015175104860019455,-0.40277954639169233
0.00015186222152957198,-0.12752201972170324
0.0001519733944589494,0.17326702893182855
0.00015208456738832684,0.5017876259207683
0.0001521957403177043,0.855655864638663
0.00015230691324708172,1.2325949492923467
0.00015241808617645915,1.6336634490248776
0.00015252925910583657,2.0600069015518785
0.000152640432035214,2.508763084889357
0.00015275160496459143,2.9796111769201477
0.00015286277789396886,3.469042190070083
0.00015297395082334631,3.979192319944943
0.00015308512375272374,4.507885550950276
0.00015319629668210117,5.054088343355605
0.0001533074696114786,5.617340806626642
0.00015341864254085603,6.1949109068147346
0.00015352981547023345,6.789431757336648
0.00015364098839961088,7.397912532401697
0.00015375216132898834,8.01875671702485
0.00015386333425836576,8.649418575907271
0.0001539745071877432,9.292239786092496
0.00015408568011712062,9.946751749028984
0.00015419685304649805,10.610548388906581
0.00015430802597587548,11.281847821764822
0.0001544191989052529,11.960100706195183
0.00015453037183463036,12.646578788625018
0.0001546415447640078,13.336963149017409
0.00015475271769338522,14.032930383017549
0.00015486389062276264,14.730424213982872
0.00015497506355214007,15.431343845465788
0.0001550862364815175,16.136195299776105
0.00015519740941089493,16.842367420599587
0.00015530858234027238,17.548464932487683
0.0001554197552696498,18.25275601483021
0.00015553092819902724,18.9565592565584
0.00015564210112840467,19.65780160331751
0.0001557532740577821,20.35527200434623
0.00015586444698715952,21.050014687529274
0.00015597561991653695,21.73870005800651
0.0001560867928459144,22.42165847833564
0.00015619796577529183,23.098160769470617
0.00015630913870466926,23.763912926596664
0.0001564203116340467,24.421105761921215
0.00015653148456342412,25.069740422768604
0.00015664265749280155,25.707373905419676
0.00015675383042217897,26.334231814434204
0.00015686500335155643,26.94742218786382
0.00015697617628093386,27.548721040409447
0.00015708734921031128,28.133521634922925
0.0001571985221396887,28.704738705786337
0.00015730969506906614,29.258846580910124
0.00015742086799844357,29.794262747172134
0.000157532040927821,30.311847784751073
0.00015764321385719845,30.808983178669354
0.00015775438678657588,31.29038550817241
0.0001578655597159533,31.747468094793366
0.00015797673264533074,32.18371929932314
0.00015808790557470816,32.59687146720321
0.0001581990785040856,32.987224870432854
0.00015831025143346305,33.354141699732835
0.00015842142436284047,33.692813167529295
0.0001585325972922179,34.004418335168594
0.00015864377022159533,34.29096471740316
0.00015875494315097276,34.54925096173903
0.00015886611608035019,34.77786236539261
0.00015897728900972761,34.97636673425461
0.00015908846193910507,35.143629208462755
0.0001591996348684825,35.279075487211394
0.00015931080779785993,35.38201310235408
0.00015942198072723735,35.45103479626456
0.00015953315365661478,35.48635479014126
0.0001596443265859922,35.485514953848394
0.00015975549951536964,35.446391236789346
0.0001598666724447471,35.37035788906019
0.00015997784537412452,35.25874089470227
0.00016008901830350195,35.107149752451335
0.00016020019123287938,34.91389336491689
0.0001603113641622568,34.6788640458394
0.00016042253709163423,34.40235294960398
0.00016053371002101166,34.08245052945361
0.00016064488295038912,33.71671941786035
0.00016075605587976654,33.309322879121034
0.00016086722880914397,32.983458216621315
0.0001609784017385214,32.999610453170654
0.00016108957466789883,33.01664710156276
0.00016120074759727626,33.033288788858336
0.00016131192052665368,33.04531206040749
0.00016142309345603114,33.057537923148146
0.00016153426638540857,33.07078062574463
0.000161645439314786,33.08233459407375
0.00016175661224416342,33.09320998559869
0.00016186778517354085,33.105651887992664
0.00016197895810291828,33.11776314274903
0.0001620901310322957,33.12872440331199
0.00016220130396167316,33.14171035657031
0.0001623124768910506,33.15106811579827
0.00016242364982042802,33.161168201892
0.00016253482274980544,33.169696784961644
0.00016264599567918287,33.17885070588922
0.0001627571686085603,33.18602674668191
0.00016286834153793773,33.19177331983866
0.00016297951446731518,33.19637394555356
0.0001630906873966926,33.20285943427297
0.00016320186032607004,33.209619766086966
0.00016331303325544747,33.21643742625676
0.0001634242061848249,33.22272887129769
0.00016353537911420232,33.23070136719369
0.00016364655204357975,33.23687557368428
0.0001637577249729572,33.24357842048964
0.00016386889790233463,33.24974970563954
0.00016398007083171206,33.254148131917205
0.0001640912437610895,33.26084065009391
0.00016420241669046692,33.26543102619052
0.00016431358961984435,33.26959196708914
0.00016442476254922177,33.27394152998306
0.00016453593547859923,33.276721135629934
0.00016464710840797666,33.27872892081969
0.00016475828133735409,33.28137459389167
0.00016486945426673151,33.28245852545614
0.00016498062719610894,33.28485417144869
0.00016509180012548637,33.28678841986801
0.0001652029730548638,33.28942254330675
0.00016531414598424125,33.29179264554195
0.00016542531891361868,33.294173547738225
0.0001655364918429961,33.295399971480634
0.00016564766477237354,33.29714823682777
0.00016575883770175096,33.299229527465386
0.0001658700106311284,33.30245881062869
0.00016598118356050585,33.30297911781866
0.00016609235648988328,33.303905102387695
0.0001662035294192607,33.30612747507903
0.00016631470234863813,33.307511837351655
0.00016642587527801556,33.30654205410196
0.000166537048207393,33.3077696359328
0.00016664822113677042,33.30924659722325
0.00016675939406614787,33.308343243770096
0.0001668705669955253,33.30880406399453
0.00016698173992490273,33.308823093041156
0.00016709291285428015,33.30696239321405
0.00016720408578365758,33.30684717177604
0.000167315258713035,33.30477152252465
0.00016742643164241244,33.30203382179273
0.0001675376045717899,33.299110338996066
0.00016764877750116732,33.29899964392193
0.00016775995043054475,33.29580910195572
0.00016787112335992218,33.29244867789895
0.0001679822962892996,33.287905477986776
0.00016809346921867703,33.28550332378476
0.00016820464214805446,33.27990946284601
0.00016831581507743192,33.27562890433879
0.00016842698800680934,33.27017575953389
0.00016853816093618677,33.26570993360783
0.0001686493338655642,33.26267758033963
0.00016876050679494163,33.25947144539951
0.00016887167972431906,33.25881350690004
0.00016898285265369648,33.25267828712594
0.00016909402558307394,33.249027312864584
0.00016920519851245137,33.24482626483855
0.0001693163714418288,33.2422506533423
0.00016942754437120622,33.23785029940001
0.00016953871730058365,33.23408640157278
0.00016964989022996108,33.23001737424949
0.0001697610631593385,33.22843135864551
0.00016987223608871596,33.22493068750173
0.0001699834090180934,33.220909473060736
0.00017009458194747082,33.21737197471382
0.00017020575487684825,33.213418589403645
0.00017031692780622567,33.20884918924292
0.0001704281007356031,33.205305978383706
0.00017053927366498053,33.20019222168829
0.00017065044659435799,33.19773089872024
0.0001707616195237354,33.19225019213893
0.00017087279245311284,33.18860243355947
0.00017098396538249027,33.18499107524025
0.0001710951383118677,33.18237280532858
0.00017120631124124513,33.17666802290672
0.00017131748417062255,33.17014494237982
0.0001714286571,33.16454514290711
0.00017153983002937744,33.15888527913941
0.00017165100295875486,33.154404296376526
0.0001717621758881323,33.15104752869746
0.00017187334881750972,33.14852230363766
0.00017198452174688715,33.145076973575165
0.00017209569467626458,33.14098851106321
0.00017220686760564203,33.1371945623573
0.00017231804053501946,33.135170849956666
0.0001724292134643969,33.13195517627187
0.00017254038639377432,33.129409594323086
0.00017265155932315174,33.126321467725504
0.00017276273225252917,33.12322588297014
0.00017287390518190663,33.120212446013625
0.00017298507811128405,33.12010458045334
0.00017309625104066148,33.117231910354214
0.0001732074239700389,33.115323189289796
0.00017331859689941634,33.11484601032755
0.00017342976982879377,33.1128065048281
0.0001735409427581712,33.11184045429059
0.00017365211568754865,33.11065030791132
0.00017376328861692608,33.110795896923065
0.0001738744615463035,33.10906423444393
0.00017398563447568093,33.10742593853365
0.00017409680740505836,33.107312250065945
0.0001742079803344358,33.10536938328368
0.00017431915326381322,33.10608370703964
0.00017443032619319067,33.10595072172836
0.0001745414991225681,33.105527173686845
0.00017465267205194553,33.10559290783321
0.00017476384498132296,33.104328718103574
0.00017487501791070038,33.10405219330014
0.0001749861908400778,33.10409338782628
0.00017509736376945524,33.104002140080816
0.0001752085366988327,33.105539271864124
0.00017531970962821012,33.10633311600435
0.00017543088255758755,33.10790239378952
0.00017554205548696498,33.10934938764828
0.0001756532284163424,33.11044840765579
0.00017576440134571983,33.11498737749988
0.00017587557427509726,33.117330829809326
0.00017598674720447472,33.121520623767644
0.00017609792013385215,33.12504016748367
0.00017620909306322957,33.12850545710129
0.000176320265992607,33.133544971996066
0.00017643143892198443,33.13686393381335
0.00017654261185136186,33.1396948881508
0.00017665378478073929,33.14284918749929
0.00017676495771011674,33.146372238456884
0.00017687613063949417,33.15158844368976
0.0001769873035688716,33.1547548766959
0.00017709847649824902,33.15770598241329
0.00017720964942762645,33.160964265183765
0.00017732082235700388,33.166052474206325
0.0001774319952863813,33.16962311572947
0.00017754316821575876,33.17134128631948
0.0001776543411451362,33.17477494704452
0.00017776551407451362,33.17818816783572
0.00017787668700389105,33.18003509166645
0.00017798785993326848,33.18383242220345
0.0001780990328626459,33.187203302435314
0.00017821020579202333,33.19053429540244
0.0001783213787214008,33.19657875527542
0.00017843255165077821,33.19814303935027
0.00017854372458015564,33.20297669103461
0.00017865489750953307,33.207364200455324
0.0001787660704389105,33.212831956022036
0.00017887724336828793,33.21577025219536
0.00017898841629766535,33.2213581196159
0.0001790995892270428,33.22638203591345
0.00017921076215642024,33.23321772118904
0.00017932193508579767,33.23693278119001
0.0001794331080151751,33.24346601433392
0.00017954428094455252,33.24797736432097
0.00017965545387392995,33.25519180171261
0.00017976662680330738,33.26075175876788
0.00017987779973268483,33.26581602034717
0.00017998897266206226,33.2699432549964
0.0001801001455914397,33.27312525012569
0.00018021131852081712,33.27717892116989
0.00018032249145019454,33.28249232477542
0.00018043366437957197,33.28675502173043
0.00018054483730894943,33.29023072184915
0.00018065601023832686,33.292108919278256
0.00018076718316770428,33.29544466044486
0.0001808783560970817,33.297582921281865
0.00018098952902645914,33.29988987719905
0.00018110070195583657,33.301863319524564
0.000181211874885214,33.304252930457146
0.00018132304781459145,33.30718836312843
0.00018143422074396888,33.31007403692623
0.0001815453936733463,33.312523823620204
0.00018165656660272373,33.31526261508993
0.00018176773953210116,33.31910019719009
0.0001818789124614786,33.320708031136114
0.00018199008539085602,33.324444326920556
0.00018210125832023347,33.326833727683706
0.0001822124312496109,33.33109160714896
0.00018232360417898833,33.3324271106124
0.00018243477710836576,33.33721297246286
0.00018254595003774319,33.340375209434846
0.0001826571229671206,33.345090256993956
0.00018276829589649804,33.34830504952457
0.0001828794688258755,33.35194558024413
0.00018299064175525292,33.35445625088884
0.00018310181468463035,33.35771673664417
0.00018321298761400778,33.35883195386041
0.0001833241605433852,33.35932886177368
0.00018343533347276264,33.36250133251759
0.00018354650640214006,33.36409976008302
0.00018365767933151752,33.36364562824568
0.00018376885226089495,33.36577534354121
0.00018388002519027238,33.36495652955853
0.0001839911981196498,33.36719653346142
0.00018410237104902723,33.36852612881246
0.00018421354397840466,33.36931012920506
0.0001843247169077821,33.37006352292645
0.00018443588983715954,33.371469960554165
0.00018454706276653697,33.37002259586553
0.0001846582356959144,33.37120382258839
0.00018476940862529183,33.370621483695324
0.00018488058155466925,33.36988413489668
0.00018499175448404668,33.3702267171041
0.0001851029274134241,33.369115366868485
0.00018521410034280156,33.369383539893676
0.000185325273272179,33.36966386881763
0.00018543644620155642,33.37053183699735
0.00018554761913093385,33.36886812036779
0.00018565879206031128,33.36823424508489
0.0001857699649896887,33.36779917561311
0.00018588113791906613,33.36602717381494
0.0001859923108484436,33.36594811429048
0.00018610348377782102,33.36708517532329
0.00018621465670719844,33.36555311311551
0.00018632582963657587,33.36565286683691
0.0001864370025659533,33.36522390394121
0.00018654817549533073,33.36512099351999
0.00018665934842470816,33.3636709698645
0.0001867705213540856,33.36368892136138
0.00018688169428346304,33.36135588436059
0.00018699286721284047,33.35844724244069
0.0001871040401422179,33.35781185296859
0.00018721521307159532,33.35479284406128
0.00018732638600097275,33.35036720852347
0.0001874375589303502,33.34919853185264
0.00018754873185972763,33.34551858940928
0.00018765990478910506,33.34548595781358
0.0001877710777184825,33.34316204759774
0.00018788225064785992,33.342013080932105
0.00018799342357723735,33.338855656408214
0.00018810459650661477,33.33576621544163
0.00018821576943599223,33.33243634848078
0.00018832694236536966,33.32910137800084
0.00018843811529474708,33.32656712233543
0.0001885492882241245,33.32245728978067
0.00018866046115350194,33.31880007803701
0.00018877163408287937,33.3164693919846
0.0001888828070122568,33.31303581924964
0.00018899397994163425,33.310445086783204
0.00018910515287101168,33.307455455292526
0.0001892163258003891,33.30717565134005
0.00018932749872976654,33.306297329201705
0.00018943867165914396,33.304100273507395
0.0001895498445885214,33.30061305776339
0.00018966101751789882,33.30058529170086
0.00018977219044727627,33.299417955392244
0.0001898833633766537,33.296380557542015
0.00018999453630603113,33.29450800142817
0.00019010570923540856,33.292212311187754
0.00019021688216478599,33.28996544229124
0.00019032805509416341,33.286677913203334
0.00019043922802354084,33.28450723376968
0.0001905504009529183,33.28224293362117
0.00019066157388229573,33.278448368825444
0.00019077274681167315,33.275235133470375
0.00019088391974105058,33.27115012546027
0.000190995092670428,33.26619511978368
0.00019110626559980544,33.262737108173575
0.00019121743852918287,33.259455352115936
0.00019132861145856032,33.25501933381991
0.00019143978438793775,33.253603113903345
0.00019155095731731518,33.24903418080587
0.0001916621302466926,33.24757192788288
0.00019177330317607003,33.24450852153
0.00019188447610544746,33.24417885940443
0.0001919956490348249,33.24116937026618
0.00019210682196420234,33.24088063887255
0.00019221799489357977,33.24023691259525
0.0001923291678229572,33.240154425458954
0.00019244034075233463,33.238726413244905
0.00019255151368171206,33.23845857932061
0.00019266268661108948,33.23683403900484
0.0001927738595404669,33.23869281489536
0.00019288503246984437,33.23734298367954
0.0001929962053992218,33.23775873538833
0.00019310737832859922,33.23719823055751
0.00019321855125797665,33.23665341122606
0.00019332972418735408,33.23579479956923
0.0001934408971167315,33.235265605738654
0.00019355207004610893,33.2336438079769
0.0001936632429754864,33.231565856738364
0.00019377441590486382,33.22978915033045
0.00019388558883424125,33.22755323880094
0.00019399676176361867,33.225771292518395
0.0001941079346929961,33.225902219679426
0.00019421910762237353,33.22471421939437
0.00019433028055175096,33.222636798082775
0.0001944414534811284,33.22141782543558
0.00019455262641050584,33.221228032037935
0.00019466379933988327,33.221122365532096
0.0001947749722692607,33.22110090493881
0.00019488614519863812,33.22116372927409
0.00019499731812801555,33.22131091755396
0.000195108491057393,33.22154254879442
0.00019521966398677043,33.2218587020115
0.00019533083691614786,33.222259456221224
0.0001954420098455253,33.2227448904396
0.00019555318277490272,33.22331508368264
0.00019566435570428015,33.22397011496638
0.00019577552863365757,33.224710063306816
0.00019588670156303503,33.22553500771997
0.00019599787449241246,33.22644502722187
0.00019610904742178989,33.22744020082852
0.00019622022035116731,33.22852060755595
0.00019633139328054474,33.229686326420165
0.00019644256620992217,33.23093743643719
0.0001965537391392996,33.23227401662303
0.00019666491206867705,33.23369614599372
0.00019677608499805448,33.23520390356527
0.0001968872579274319,33.23679736835369
0.00019699843085680934,33.23847661937501
0.00019710960378618676,33.240241735645235
0.0001972207767155642,33.24209279618039
0.00019733194964494162,33.24402987999648
0.00019744312257431908,33.24605306610954
0.0001975542955036965,33.248162433535576
0.00019766546843307393,33.25035806129061
0.00019777664136245136,33.25264002839065
0.0001978878142918288,33.255008413851726
0.00019799898722120622,33.25746329668985
0.00019811016015058364,33.26000475592103
0.0001982213330799611,33.2626328705613
0.00019833250600933853,33.26534771962667
0.00019844367893871595,33.268149382133146
0.00019855485186809338,33.27103793709676
0.0001986660247974708,33.27401346353352
0.00019877719772684824,33.27707604045945
0.00019888837065622567,33.28022574689056
0.00019899954358560312,33.283462661842876
0.00019911071651498055,33.286786864332406
0.00019922188944435798,33.290198433375174
0.0001993330623737354,33.29369744798719
0.00019944423530311283,33.29728398718448
0.00019955540823249026,33.30095812998305
0.0001996665811618677,33.30471995539893
0.00019977775409124514,33.30856954244813
0.00019988892702062257,33.312506970146664
0.00020000009995,33.31653231751056
