Time,Amplitude
0.0,0.0678343436475382
1.111729293774319e-07,0.0678499057401241
2.223458587548638e-07,0.06786357385112773
3.3351878813229573e-07,0.06787539715362241
4.446917175097276e-07,0.06788542482068143
5.558646468871596e-07,0.06789370602537809
6.670375762645915e-07,0.06790028994078569
7.782105056420233e-07,0.06790522573997754
8.893834350194552e-07,0.06790856259602693
1.0005563643968871e-06,0.06791034968200718
1.1117292937743191e-06,0.06791063617099158
1.222902223151751e-06,0.06790947123605343
1.334075152529183e-06,0.06790690405026605
1.4452480819066147e-06,0.0679029837867027
1.5564210112840467e-06,0.06789775961843673
1.6675939406614785e-06,0.06789128071854143
1.7787668700389105e-06,0.06788359626009009
1.8899397994163425e-06,0.06787475541615601
2.0011127287937743e-06,0.06786480735981251
2.112285658171206e-06,0.06785380126413287
2.2234585875486383e-06,0.06784178630219041
2.33463151692607e-06,0.06782881164705842
2.445804446303502e-06,0.06781492647181021
2.5569773756809336e-06,0.06780017994951908
2.668150305058366e-06,0.06778462125325833
2.7793232344357976e-06,0.06776829955610127
2.8904961638132294e-06,0.06775126403112118
3.0016690931906616e-06,0.0677335638513914
3.1128420225680934e-06,0.06771524818998519
3.224014951945525e-06,0.06769636621997588
3.335187881322957e-06,0.06767696711443676
3.446360810700389e-06,0.06765710004644114
3.557533740077821e-06,0.06763681418906231
3.6687066694552528e-06,0.06761615871537359
3.779879598832685e-06,0.06759518279844826
3.891052528210116e-06,0.06757393561135965
4.0022254575875485e-06,0.06755246632718102
4.113398386964981e-06,0.06753082411898573
4.224571316342412e-06,0.06750905815984702
4.335744245719844e-06,0.06748721762283824
4.4469171750972765e-06,0.06746535168103268
4.558090104474708e-06,0.06744350950750362
4.66926303385214e-06,0.06742174027532438
4.780435963229572e-06,0.06740009315756827
4.891608892607004e-06,0.06737861732730858
5.002781821984436e-06,0.06735736195761861
5.113954751361867e-06,0.06733637622157168
5.2251276807392995e-06,0.06731570929224107
5.336300610116732e-06,0.06729541034270008
5.447473539494163e-06,0.06727552854602203
5.558646468871595e-06,0.06725611307527062
5.6698193982490274e-06,0.06722531830009333
5.780992327626459e-06,0.06729052719430649
5.892165257003891e-06,0.06730346741981155
6.003338186381323e-06,0.06733042063894484
6.114511115758755e-06,0.06730396031412361
6.225684045136187e-06,0.06733416766331245
6.336856974513619e-06,0.06741355528859035
6.44802990389105e-06,0.06743053810012764
6.559202833268483e-06,0.06744378608387348
6.670375762645914e-06,0.06748706693992047
6.781548692023346e-06,0.0674726604327431
6.892721621400778e-06,0.06742527538943732
7.00389455077821e-06,0.06745911957985536
7.115067480155642e-06,0.06743016807319642
7.226240409533074e-06,0.06744642442941089
7.3374133389105055e-06,0.06736980912635086
7.448586268287938e-06,0.06735492838175607
7.55975919766537e-06,0.06724876741155468
7.670932127042801e-06,0.06723442026973711
7.782105056420233e-06,0.06712103253161622
7.893277985797666e-06,0.0670819565453726
8.004450915175097e-06,0.06706177803661174
8.115623844552528e-06,0.06698481305001508
8.226796773929961e-06,0.06692607374064764
8.337969703307393e-06,0.06688948602292219
8.449142632684824e-06,0.06680833685406876
8.560315562062257e-06,0.06679291972244203
8.671488491439689e-06,0.06679274822140004
8.78266142081712e-06,0.0667947424376831
8.893834350194553e-06,0.06672689865471348
9.005007279571984e-06,0.06670046546986949
9.116180208949416e-06,0.06671717981904883
9.227353138326849e-06,0.06668809228598097
9.33852606770428e-06,0.06673999232599863
9.449698997081712e-06,0.06669577201467053
9.560871926459145e-06,0.06672352970514674
9.672044855836576e-06,0.06674208736477209
9.783217785214007e-06,0.06678271308156268
9.89439071459144e-06,0.06682199866639696
1.0005563643968872e-05,0.06685833246888383
1.0116736573346303e-05,0.0668722172348267
1.0227909502723734e-05,0.06696002967671637
1.0339082432101168e-05,0.06687631272120444
1.0450255361478599e-05,0.06687231837377973
1.056142829085603e-05,0.066936390507701
1.0672601220233463e-05,0.06694203174549776
1.0783774149610895e-05,0.06695853189687896
1.0894947078988326e-05,0.06697879078902749
1.1006120008365759e-05,0.06688941956268976
1.111729293774319e-05,0.06691933003857317
1.1228465867120622e-05,0.06689008660553379
1.1339638796498055e-05,0.06689874724464026
1.1450811725875486e-05,0.06692280762103128
1.1561984655252918e-05,0.06688255258385327
1.167315758463035e-05,0.0668646099795135
1.1784330514007782e-05,0.06686518304380445
1.1895503443385213e-05,0.06686546416249312
1.2006676372762646e-05,0.066867227757815
1.2117849302140078e-05,0.06682730761018399
1.222902223151751e-05,0.06694512420831453
1.2340195160894942e-05,0.06696758477454198
1.2451368090272374e-05,0.06695339423359313
1.2562541019649805e-05,0.06695858060236334
1.2673713949027238e-05,0.06701406482430168
1.278488687840467e-05,0.06706925591006509
1.28960598077821e-05,0.0670679111960475
1.3007232737159532e-05,0.06718352335113952
1.3118405666536965e-05,0.06722141649160417
1.3229578595914397e-05,0.06728765107466511
1.3340751525291828e-05,0.06732467965280554
1.3451924454669261e-05,0.06737295132535907
1.3563097384046692e-05,0.06740633323650638
1.3674270313424124e-05,0.06740433677659001
1.3785443242801557e-05,0.06741281498067475
1.3896616172178988e-05,0.06747350979797662
1.400778910155642e-05,0.06748975002370483
1.4118962030933853e-05,0.06748372220685582
1.4230134960311284e-05,0.06744876811676802
1.4341307889688715e-05,0.06742562270399113
1.4452480819066148e-05,0.06740307183556547
1.456365374844358e-05,0.06745439706472678
1.4674826677821011e-05,0.06741152328942775
1.4785999607198444e-05,0.06741373751952981
1.4897172536575875e-05,0.06740927877211875
1.5008345465953307e-05,0.0673911314539911
1.511951839533074e-05,0.06741681271787327
1.5230691324708171e-05,0.06748953569336237
1.5341864254085603e-05,0.06748587695037976
1.5453037183463034e-05,0.0675803912000033
1.5564210112840465e-05,0.06770173012360525
1.56753830422179e-05,0.06777858365864942
1.578655597159533e-05,0.06790384289424586
1.5897728900972763e-05,0.06799965376041339
1.6008901830350194e-05,0.06809713645474176
1.6120074759727626e-05,0.0681336370195166
1.6231247689105057e-05,0.06820852377991514
1.634242061848249e-05,0.06823239083930595
1.6453593547859923e-05,0.06834141555096811
1.6564766477237354e-05,0.06839305923086522
1.6675939406614786e-05,0.0684238763944262
1.6787112335992217e-05,0.0684975038086573
1.689828526536965e-05,0.06853746772166831
1.7009458194747083e-05,0.06847489379277105
1.7120631124124515e-05,0.06852264948978304
1.7231804053501946e-05,0.06848930144570724
1.7342976982879377e-05,0.06853656522702778
1.745414991225681e-05,0.06850702465580327
1.756532284163424e-05,0.06846994634391149
1.767649577101167e-05,0.06843831969045645
1.7787668700389106e-05,0.06844815216783623
1.7898841629766537e-05,0.0683988478153376
1.801001455914397e-05,0.06846248082744931
1.81211874885214e-05,0.06846322356249548
1.823236041789883e-05,0.06848851625086495
1.8343533347276263e-05,0.06846170707132258
1.8454706276653698e-05,0.06848695678462836
1.856587920603113e-05,0.06841946018065632
1.867705213540856e-05,0.0684646249762103
1.8788225064785992e-05,0.0684982974302175
1.8899397994163423e-05,0.06854262953689447
1.9010570923540854e-05,0.06858572319742628
1.912174385291829e-05,0.06862241289040875
1.923291678229572e-05,0.06865580436983199
1.9344089711673152e-05,0.06871339998384245
1.9455262641050583e-05,0.06877197652043988
1.9566435570428015e-05,0.06880222745980868
1.9677608499805446e-05,0.06890689540058037
1.978878142918288e-05,0.0689423109222607
1.9899954358560312e-05,0.06896387820826207
2.0011127287937744e-05,0.06900619124241639
2.0122300217315175e-05,0.06904878951742772
2.0233473146692606e-05,0.06907176635076356
2.0344646076070038e-05,0.06914602316208388
2.045581900544747e-05,0.0692155608127756
2.0566991934824904e-05,0.06915808373261784
2.0678164864202335e-05,0.06914113389646537
2.0789337793579766e-05,0.06922511850017161
2.0900510722957198e-05,0.06908357121013821
2.101168365233463e-05,0.06907705984421118
2.112285658171206e-05,0.0689684927846205
2.1234029511089495e-05,0.06894195977780546
2.1345202440466927e-05,0.0689273872051659
2.1456375369844358e-05,0.06890155583530178
2.156754829922179e-05,0.06898383868501871
2.167872122859922e-05,0.06897919734690669
2.1789894157976652e-05,0.06891828351694952
2.1901067087354087e-05,0.06889887458842549
2.2012240016731518e-05,0.06889725423380023
2.212341294610895e-05,0.06890627942482785
2.223458587548638e-05,0.06897480785897744
2.2345758804863812e-05,0.06898227176961806
2.2456931734241244e-05,0.06899632417426593
2.256810466361868e-05,0.06897055297342503
2.267927759299611e-05,0.06886731336342894
2.279045052237354e-05,0.06885274518092958
2.2901623451750973e-05,0.06880632878570889
2.3012796381128404e-05,0.06877722111254894
2.3123969310505835e-05,0.06872336302842577
2.3235142239883267e-05,0.068682922234457
2.33463151692607e-05,0.0687369276529764
2.3457488098638133e-05,0.06859929288987009
2.3568661028015564e-05,0.06864584137439692
2.3679833957392995e-05,0.06859264876052287
2.3791006886770427e-05,0.06863018908200579
2.3902179816147858e-05,0.0685318376059831
2.4013352745525293e-05,0.06855108918562633
2.4124525674902724e-05,0.0685508738686589
2.4235698604280156e-05,0.06858751495205442
2.4346871533657587e-05,0.0685391437883791
2.445804446303502e-05,0.06851819587525906
2.456921739241245e-05,0.06847035350775944
2.4680390321789884e-05,0.06847866110174512
2.4791563251167316e-05,0.06836566764998606
2.4902736180544747e-05,0.06841820859223983
2.501390910992218e-05,0.06845098472094921
2.512508203929961e-05,0.06846895648864308
2.523625496867704e-05,0.06841187373946003
2.5347427898054476e-05,0.06838092463898872
2.5458600827431907e-05,0.06841396648256369
2.556977375680934e-05,0.06850734149496793
2.568094668618677e-05,0.06854901016871348
2.57921196155642e-05,0.06850628970661594
2.5903292544941633e-05,0.06858394708765898
2.6014465474319064e-05,0.06856614990321758
2.61256384036965e-05,0.06859862178539791
2.623681133307393e-05,0.06863520860657299
2.634798426245136e-05,0.06873466100196736
2.6459157191828793e-05,0.06870237292556838
2.6570330121206224e-05,0.06878928872645283
2.6681503050583656e-05,0.06874121607082341
2.679267597996109e-05,0.0687350850550234
2.6903848909338522e-05,0.06868122897391783
2.7015021838715953e-05,0.06869778062995864
2.7126194768093385e-05,0.06861933606663649
2.7237367697470816e-05,0.06865912603368736
2.7348540626848247e-05,0.06859629910562624
2.7459713556225682e-05,0.06859494490059277
2.7570886485603113e-05,0.06858618804331458
2.7682059414980545e-05,0.06854347493833975
2.7793232344357976e-05,0.06850332414870605
2.7904405273735408e-05,0.06856024118971787
2.801557820311284e-05,0.06850065329843093
2.8126751132490274e-05,0.06854214875785561
2.8237924061867705e-05,0.0686109692490493
2.8349096991245136e-05,0.06862061745276309
2.8460269920622568e-05,0.06864614947568697
2.857144285e-05,0.06866387174396708
2.868261577937743e-05,0.06865895360029349
2.8793788708754862e-05,0.06870342833683088
2.8904961638132297e-05,0.06870668743238342
2.9016134567509728e-05,0.06877403820271956
2.912730749688716e-05,0.06881875791335677
2.923848042626459e-05,0.06888332252865108
2.9349653355642022e-05,0.06891965117724098
2.9460826285019453e-05,0.06899548360140886
2.9571999214396888e-05,0.06904736871611405
2.968317214377432e-05,0.06899634912733056
2.979434507315175e-05,0.06907463723204652
2.9905518002529182e-05,0.06902942360682536
3.0016690931906614e-05,0.06907626097008161
3.0127863861284045e-05,0.06906748602039268
3.023903679066148e-05,0.06910848836924703
3.035020972003891e-05,0.06902598694907768
3.0461382649416342e-05,0.06903404819870547
3.057255557879378e-05,0.06898215321796412
3.0683728508171205e-05,0.06900169756389976
3.079490143754864e-05,0.06896857734443215
3.090607436692607e-05,0.06891699976401149
3.10172472963035e-05,0.06886079904423686
3.112842022568093e-05,0.06888573910395868
3.1239593155058365e-05,0.06878428935355262
3.13507660844358e-05,0.06878480322105109
3.146193901381323e-05,0.0687441802722751
3.157311194319066e-05,0.06870200615931815
3.168428487256809e-05,0.06866173882743663
3.1795457801945526e-05,0.06866141908482827
3.1906630731322954e-05,0.06865105159466585
3.201780366070039e-05,0.06859924160122553
3.212897659007782e-05,0.06862150225094267
3.224014951945525e-05,0.06864172683804708
3.2351322448832686e-05,0.0686481210671922
3.2462495378210114e-05,0.06869261586375064
3.257366830758755e-05,0.06863470008943999
3.268484123696498e-05,0.06860547485250339
3.279601416634241e-05,0.06856291950251682
3.2907187095719846e-05,0.06862338785040943
3.3018360025097274e-05,0.06867950512471849
3.312953295447471e-05,0.06867851665553626
3.324070588385214e-05,0.06863405848691054
3.335187881322957e-05,0.06856408755116465
3.3463051742607006e-05,0.06853130721502554
3.3574224671984434e-05,0.06842800895647327
3.368539760136187e-05,0.06842961876032691
3.37965705307393e-05,0.06837128083180456
3.390774346011673e-05,0.0684073789795772
3.4018916389494166e-05,0.06841824398694156
3.4130089318871594e-05,0.06841669580337895
3.424126224824903e-05,0.06829644335658812
3.435243517762646e-05,0.06828361369752495
3.446360810700389e-05,0.0682202300646573
3.457478103638132e-05,0.06813378386638914
3.4685953965758755e-05,0.06813157920547777
3.479712689513619e-05,0.06813116622413279
3.490829982451362e-05,0.0681839262946429
3.501947275389105e-05,0.068089047751359
3.513064568326848e-05,0.0681122754488625
3.5241818612645915e-05,0.06809763106144884
3.535299154202334e-05,0.06806373057957642
3.546416447140078e-05,0.06806196045741993
3.557533740077821e-05,0.06804441626592167
3.568651033015564e-05,0.06809795885568534
3.5797683259533075e-05,0.06814303130694324
3.59088561889105e-05,0.06815236971493345
3.602002911828794e-05,0.06827422567248491
3.613120204766537e-05,0.06828478541591312
3.62423749770428e-05,0.06820910053879933
3.6353547906420235e-05,0.06815589416951165
3.646472083579766e-05,0.0681873393686207
3.65758937651751e-05,0.06817969792351726
3.6687066694552526e-05,0.0681629152347567
3.679823962392996e-05,0.06810847851554723
3.6909412553307395e-05,0.06806152523127533
3.702058548268482e-05,0.06801731628680785
3.713175841206226e-05,0.06804174927839404
3.7242931341439686e-05,0.06804293803128382
3.735410427081712e-05,0.06805762040602636
3.746527720019455e-05,0.06803121489904833
3.7576450129571984e-05,0.06791384013342616
3.768762305894942e-05,0.06790450133824959
3.7798795988326846e-05,0.0678741053741212
3.790996891770428e-05,0.06788940214761995
3.802114184708171e-05,0.0678860134201149
3.8132314776459144e-05,0.06786743869148715
3.824348770583658e-05,0.06793930209034028
3.8354660635214006e-05,0.06795897279289984
3.846583356459144e-05,0.06791640079555182
3.857700649396887e-05,0.06794091159506757
3.8688179423346304e-05,0.06802284013096598
3.879935235272373e-05,0.06802626254628988
3.891052528210117e-05,0.06805075504637326
3.90216982114786e-05,0.06805680726808633
3.913287114085603e-05,0.06806383447741171
3.9244044070233464e-05,0.06811046524866188
3.935521699961089e-05,0.06811015367731972
3.946638992898833e-05,0.06811378764652493
3.957756285836576e-05,0.06813459256607543
3.968873578774319e-05,0.06817181396972478
3.9799908717120624e-05,0.06819061918883693
3.991108164649805e-05,0.06824073658278082
4.002225457587549e-05,0.06824394841515764
4.0133427505252915e-05,0.06829354926604725
4.024460043463035e-05,0.06830198220900685
4.0355773364007785e-05,0.06832448697426606
4.046694629338521e-05,0.0682498288337042
4.057811922276265e-05,0.06827750135518701
4.0689292152140075e-05,0.06809318775587904
4.080046508151751e-05,0.06808155445646187
4.091163801089494e-05,0.06800960160874531
4.102281094027237e-05,0.06801306938214444
4.113398386964981e-05,0.06797496581817428
4.1245156799027235e-05,0.06795434706751051
4.135632972840467e-05,0.06789032236955447
4.14675026577821e-05,0.06794208449576561
4.157867558715953e-05,0.06799436871429115
4.168984851653697e-05,0.06803890069270557
4.1801021445914396e-05,0.06806882744988002
4.191219437529183e-05,0.0680401949683349
4.202336730466926e-05,0.06808271090515665
4.213454023404669e-05,0.0681238723812783
4.224571316342412e-05,0.06812397250745199
4.2356886092801556e-05,0.06810881739374738
4.246805902217899e-05,0.06818133516736938
4.257923195155642e-05,0.06827026397580087
4.269040488093385e-05,0.06827029925317243
4.280157781031128e-05,0.06829006718314076
4.2912750739688716e-05,0.06835277158667394
4.3023923669066144e-05,0.06838962415178076
4.313509659844358e-05,0.06834996879378809
4.3246269527821014e-05,0.06834836196418725
4.335744245719844e-05,0.06844014006752039
4.3468615386575876e-05,0.06833144152574487
4.3579788315953304e-05,0.06835499496084847
4.369096124533074e-05,0.06834619292476964
4.3802134174708174e-05,0.06839786556067524
4.39133071040856e-05,0.06836978419473852
4.4024480033463036e-05,0.06846228508814384
4.4135652962840464e-05,0.0683574725935754
4.42468258922179e-05,0.06834483830330462
4.435799882159533e-05,0.06829569572924572
4.446917175097276e-05,0.06834410976868956
4.45803446803502e-05,0.06834916533214239
4.4691517609727625e-05,0.0683823243325912
4.480269053910506e-05,0.068441966865434
4.491386346848249e-05,0.06848010017222657
4.502503639785992e-05,0.06847598536880078
4.513620932723736e-05,0.068512768229727
4.5247382256614785e-05,0.06847256681474594
4.535855518599222e-05,0.06848757884405919
4.546972811536965e-05,0.06857792451773935
4.558090104474708e-05,0.06866722001248188
4.569207397412451e-05,0.06869681813393985
4.5803246903501945e-05,0.06879630114240819
4.591441983287938e-05,0.06885209815624513
4.602559276225681e-05,0.06886298146143707
4.613676569163424e-05,0.06888154211278218
4.624793862101167e-05,0.0689739844587521
4.6359111550389105e-05,0.06899728321660373
4.647028447976653e-05,0.06905452669875056
4.658145740914397e-05,0.06914632393037864
4.66926303385214e-05,0.06913020361440275
4.680380326789883e-05,0.06914745102228634
4.6914976197276265e-05,0.06904793399162062
4.7026149126653693e-05,0.06904327498979548
4.713732205603113e-05,0.06899232380605692
4.724849498540856e-05,0.06894830454396753
4.735966791478599e-05,0.06888728176775429
4.7470840844163426e-05,0.06895715201491884
4.7582013773540854e-05,0.06889450166575163
4.769318670291829e-05,0.0688948185206364
4.7804359632295716e-05,0.06886149964860708
4.791553256167315e-05,0.06892413749717485
4.8026705491050586e-05,0.0689167693444837
4.8137878420428014e-05,0.06894255935223086
4.824905134980545e-05,0.06896927700039035
4.8360224279182877e-05,0.06898010778372493
4.847139720856031e-05,0.06906638821087868
4.858257013793774e-05,0.06911284678839234
4.8693743067315174e-05,0.0691345371244991
4.880491599669261e-05,0.0692109331497012
4.891608892607004e-05,0.06926932226806522
4.902726185544747e-05,0.06933394271931335
4.91384347848249e-05,0.06937592374170307
4.9249607714202334e-05,0.0693761839119099
4.936078064357977e-05,0.0693906743975981
4.94719535729572e-05,0.0693849438911483
4.958312650233463e-05,0.06519334921450101
4.969429943171206e-05,0.05312955030210329
4.9805472361089494e-05,0.03800046926780535
4.991664529046692e-05,0.022389374228477657
5.002781821984436e-05,0.007731866350996338
5.013899114922179e-05,-0.00540511163073477
5.025016407859922e-05,-0.016690348790853154
5.0361337007976655e-05,-0.02618510435517279
5.047250993735408e-05,-0.033852655653165906
5.058368286673152e-05,-0.04002438077451767
5.069485579610895e-05,-0.044628382802394354
5.080602872548638e-05,-0.047909721047738996
5.0917201654863815e-05,-0.049748286114595766
5.102837458424124e-05,-0.05038382166193035
5.113954751361868e-05,-0.04966166004378487
5.1250720442996105e-05,-0.04757058484643503
5.136189337237354e-05,-0.044035009309855655
5.1473066301750975e-05,-0.03900125310036271
5.15842392311284e-05,-0.03230182667739742
5.169541216050584e-05,-0.023769390096236125
5.1806585089883266e-05,-0.013619528378569048
5.19177580192607e-05,-0.0014566832521344286
5.202893094863813e-05,0.012444156988571363
5.214010387801556e-05,0.028162706051731035
5.2251276807393e-05,0.04555244105503638
5.2362449736770426e-05,0.06449971053211967
5.247362266614786e-05,0.08488783503544242
5.258479559552529e-05,0.1066633718245835
5.269596852490272e-05,0.1295686957574042
5.280714145428016e-05,0.1535058247269811
5.2918314383657586e-05,0.1782913701308782
5.302948731303502e-05,0.20395333383882167
5.314066024241245e-05,0.2303297465421156
5.3251833171789884e-05,0.2572854376061576
5.336300610116731e-05,0.28489845271653225
5.3474179030544746e-05,0.313093171337754
5.358535195992218e-05,0.3418895457842387
5.369652488929961e-05,0.37129280382961855
5.3807697818677044e-05,0.4012302385913354
5.391887074805447e-05,0.4319701373389182
5.4030043677431907e-05,0.46335371259063335
5.4141216606809334e-05,0.4954134456705857
5.425238953618677e-05,0.5281491921482957
5.4363562465564204e-05,0.5616103401545807
5.447473539494163e-05,0.5956191019581468
5.458590832431907e-05,0.6301982383298752
5.4697081253696495e-05,0.6653207088372907
5.480825418307393e-05,0.7007645191637386
5.4919427112451364e-05,0.7364195421882105
5.503060004182879e-05,0.7722734747198865
5.514177297120623e-05,0.808291747076662
5.5252945900583655e-05,0.8441544777831175
5.536411882996109e-05,0.880074756160893
5.547529175933852e-05,0.9157774284155155
5.558646468871595e-05,0.9513565757849501
5.569763761809339e-05,0.9865996821631574
5.5808810547470815e-05,1.0216841453349506
5.591998347684825e-05,1.0564573717634205
5.603115640622568e-05,1.0909808424114888
5.614232933560311e-05,1.1251840443890246
5.625350226498055e-05,1.1591342448381083
5.6364675194357975e-05,1.192672465066879
5.647584812373541e-05,1.2258813984146066
5.658702105311284e-05,1.2587127496940538
5.669819398249027e-05,1.2911386534488862
5.68093669118677e-05,1.3230135196448631
5.6920539841245135e-05,1.354454446255845
5.703171277062257e-05,1.385172894211708
5.71428857e-05,1.4153273848816021
5.725405862937743e-05,1.4447232966519343
5.736523155875486e-05,1.4732654696218976
5.7476404488132296e-05,1.5009024157313509
5.7587577417509724e-05,1.5276291635392227
5.769875034688716e-05,1.5533405878609199
5.780992327626459e-05,1.5780718318773521
5.792109620564202e-05,1.6016883202751533
5.8032269135019456e-05,1.624217480200046
5.8143442064396884e-05,1.6455455334420177
5.825461499377432e-05,1.6656655847269202
5.836578792315175e-05,1.6845573105698486
5.847696085252918e-05,1.7022384002566304
5.8588133781906616e-05,1.7186582681382179
5.8699306711284044e-05,1.733699356444861
5.881047964066148e-05,1.7474423360885747
5.892165257003891e-05,1.7597508886870092
5.903282549941634e-05,1.770612239134341
5.9143998428793776e-05,1.7798946625290433
5.9255171358171204e-05,1.7875589029226726
5.936634428754864e-05,1.793633984584935
5.947751721692607e-05,1.7980539458320874
5.95886901463035e-05,1.8006339400215796
5.9699863075680936e-05,1.8014357425527343
5.9811036005058364e-05,1.8003748496804568
5.99222089344358e-05,1.797489736883554
6.003338186381323e-05,1.7925918953632707
6.014455479319066e-05,1.7857526452340253
6.025572772256809e-05,1.7767523770474862
6.0366900651945525e-05,1.7657235532583881
6.047807358132296e-05,1.7525712433531973
6.058924651070039e-05,1.7372894529072134
6.070041944007782e-05,1.7197492040894005
6.081159236945525e-05,1.7046197436607862
6.0922765298832685e-05,1.6968031524223495
6.103393822821011e-05,1.6928369015005287
6.114511115758755e-05,1.6905225171121652
6.125628408696498e-05,1.6890615783111818
6.136745701634241e-05,1.6876766437378354
6.147862994571984e-05,1.6863083745156662
6.158980287509728e-05,1.6847086218122924
6.170097580447471e-05,1.6830031954177636
6.181214873385214e-05,1.6812886466886923
6.192332166322958e-05,1.679718258675967
6.2034494592607e-05,1.6784450312995318
6.214566752198443e-05,1.6774234221407072
6.225684045136186e-05,1.6769223013982444
6.23680133807393e-05,1.6767981403840284
6.247918631011673e-05,1.6770890579853137
6.259035923949416e-05,1.6778737771446006
6.27015321688716e-05,1.6789441768483713
6.281270509824903e-05,1.6802212414171604
6.292387802762646e-05,1.6815649255187577
6.303505095700388e-05,1.68292722552169
6.314622388638133e-05,1.6841479002201099
6.325739681575875e-05,1.6851373037263324
6.336856974513618e-05,1.6859232948842096
6.347974267451362e-05,1.686289128354719
6.359091560389105e-05,1.6864105488179892
6.370208853326848e-05,1.686154099171516
6.381326146264591e-05,1.685658636920939
6.392443439202335e-05,1.6848930801135371
6.403560732140078e-05,1.6841026699903763
6.41467802507782e-05,1.683258398481945
6.425795318015565e-05,1.6824480752785915
6.436912610953307e-05,1.6817167611501915
6.44802990389105e-05,1.6812735380565516
6.459147196828794e-05,1.6808993058973511
6.470264489766537e-05,1.6809286346439316
6.48138178270428e-05,1.6810027837149204
6.492499075642023e-05,1.6813747497101572
6.503616368579767e-05,1.6819030493741207
6.51473366151751e-05,1.682509062679091
6.525850954455252e-05,1.6831870760490668
6.536968247392997e-05,1.6838617206280901
6.54808554033074e-05,1.6844854436899481
6.559202833268482e-05,1.684985094590199
6.570320126206225e-05,1.68527828792174
6.581437419143969e-05,1.6853481995900967
6.592554712081712e-05,1.6853342387137176
6.603672005019455e-05,1.6851788615345673
6.614789297957199e-05,1.6848803610894865
6.625906590894942e-05,1.6844962503897487
6.637023883832685e-05,1.6839768655906011
6.648141176770427e-05,1.6835411556525308
6.659258469708171e-05,1.6831455495729044
6.670375762645914e-05,1.682869444244389
6.681493055583657e-05,1.6825936078480201
6.692610348521401e-05,1.6825329769938944
6.703727641459144e-05,1.6825663623574716
6.714844934396887e-05,1.6826542029011122
6.72596222733463e-05,1.6828965674896623
6.737079520272374e-05,1.683029523089762
6.748196813210117e-05,1.6832942401399482
6.75931410614786e-05,1.6836201031343558
6.770431399085604e-05,1.6840434693596897
6.781548692023346e-05,1.6842472658557288
6.792665984961089e-05,1.6844472111606918
6.803783277898833e-05,1.6845578250155149
6.814900570836576e-05,1.6845489223246422
6.826017863774319e-05,1.6845663711004428
6.837135156712062e-05,1.6843933211651672
6.848252449649806e-05,1.6842048783940506
6.859369742587549e-05,1.6840639979657874
6.870487035525291e-05,1.6839503356780157
6.881604328463036e-05,1.6838036408553712
6.892721621400778e-05,1.6836735352270606
6.903838914338521e-05,1.6835532334003411
6.914956207276264e-05,1.6834401987854628
6.926073500214008e-05,1.6833805658752052
6.937190793151751e-05,1.683403960601932
6.948308086089494e-05,1.6835042438513832
6.959425379027238e-05,1.683652656388053
6.97054267196498e-05,1.6837437812712148
6.981659964902723e-05,1.6838388384257366
6.992777257840466e-05,1.683905506832009
7.00389455077821e-05,1.684011127502893
7.015011843715953e-05,1.683991587754641
7.026129136653696e-05,1.6839721218626604
7.03724642959144e-05,1.6838256138313135
7.048363722529183e-05,1.6838482973810487
7.059481015466926e-05,1.683765357365723
7.070598308404669e-05,1.6836748041597898
7.081715601342413e-05,1.6835561179958574
7.092832894280155e-05,1.6835073974151107
7.103950187217898e-05,1.683381717177179
7.115067480155642e-05,1.6832945240809838
7.126184773093385e-05,1.6832241053840065
7.137302066031128e-05,1.6831573996882834
7.148419358968871e-05,1.6831722282443413
7.159536651906615e-05,1.6832133168659167
7.170653944844358e-05,1.6831938295930555
7.1817712377821e-05,1.683252964284916
7.192888530719845e-05,1.6833953769633372
7.204005823657588e-05,1.683485670166312
7.21512311659533e-05,1.6835884954486586
7.226240409533074e-05,1.6836961617843422
7.237357702470817e-05,1.6838420875692748
7.24847499540856e-05,1.6838619696104626
7.259592288346303e-05,1.683899304698426
7.270709581284047e-05,1.6837903366324323
7.28182687422179e-05,1.6838120067224833
7.292944167159533e-05,1.6836764166615912
7.304061460097277e-05,1.6836244625371122
7.31517875303502e-05,1.6834924758845113
7.326296045972762e-05,1.6833984062142673
7.337413338910505e-05,1.6832493560298472
7.348530631848249e-05,1.6830566306593275
7.359647924785992e-05,1.6829083071090438
7.370765217723735e-05,1.6828355924651197
7.381882510661479e-05,1.682690535908333
7.392999803599222e-05,1.682656599436686
7.404117096536965e-05,1.6825630444702082
7.415234389474707e-05,1.6825195499697336
7.426351682412452e-05,1.6825401490221459
7.437468975350194e-05,1.6825414336326974
7.448586268287937e-05,1.6824668411377914
7.459703561225681e-05,1.682418563321971
7.470820854163424e-05,1.6824093507704252
7.481938147101167e-05,1.6823906017569004
7.49305544003891e-05,1.6824262136916837
7.504172732976654e-05,1.6824305797893018
7.515290025914397e-05,1.6823810542605004
7.52640731885214e-05,1.6822995137578363
7.537524611789884e-05,1.6822191240723805
7.548641904727626e-05,1.6821886993070265
7.559759197665369e-05,1.6822192784728647
7.570876490603113e-05,1.6821146539867515
7.581993783540856e-05,1.6821512999588533
7.593111076478599e-05,1.6820433269562043
7.604228369416342e-05,1.6821236252553284
7.615345662354086e-05,1.682121182589861
7.626462955291829e-05,1.6821877161080458
7.637580248229572e-05,1.6821885169811794
7.648697541167316e-05,1.6822640311620054
7.659814834105058e-05,1.6821881306356494
7.670932127042801e-05,1.6821419433785902
7.682049419980544e-05,1.6820956183942353
7.693166712918288e-05,1.682181216715122
7.704284005856031e-05,1.6821737347182948
7.715401298793774e-05,1.6821254432739317
7.726518591731518e-05,1.6820044915673344
7.737635884669261e-05,1.6819550011884585
7.748753177607004e-05,1.6818456202666405
7.759870470544746e-05,1.6819036611717926
7.77098776348249e-05,1.681897181895113
7.782105056420233e-05,1.6818391361885656
7.793222349357976e-05,1.681809858133292
7.80433964229572e-05,1.6818892713046334
7.815456935233463e-05,1.681806787833391
7.826574228171206e-05,1.6817643306806762
7.837691521108949e-05,1.6817478191062454
7.848808814046693e-05,1.6816911781470805
7.859926106984436e-05,1.6817814783906657
7.871043399922178e-05,1.6817993754552063
7.882160692859923e-05,1.6818286123059607
7.893277985797665e-05,1.6817238729172304
7.904395278735408e-05,1.6818124600034503
7.915512571673152e-05,1.6818146201924815
7.926629864610895e-05,1.6818475113461728
7.937747157548638e-05,1.681819787513139
7.948864450486381e-05,1.681834485210173
7.959981743424125e-05,1.6818760876580645
7.971099036361868e-05,1.6819003714205902
7.98221632929961e-05,1.6818631944788824
7.993333622237355e-05,1.681846055009253
8.004450915175097e-05,1.6818493060256765
8.01556820811284e-05,1.6818795283706993
8.026685501050583e-05,1.6818361311013166
8.037802793988327e-05,1.6818628140090932
8.04892008692607e-05,1.6818726776892445
8.060037379863813e-05,1.6819967211274731
8.071154672801557e-05,1.6819800215645644
8.0822719657393e-05,1.682052912136435
8.093389258677043e-05,1.6820837809023725
8.104506551614785e-05,1.682225391096519
8.11562384455253e-05,1.6822714820090334
8.126741137490272e-05,1.6823298382099634
8.137858430428015e-05,1.6824548627306788
8.148975723365759e-05,1.6825622266179237
8.160093016303502e-05,1.6827577419796356
8.171210309241245e-05,1.6828322514681062
8.182327602178988e-05,1.6829348224830276
8.193444895116732e-05,1.6829770760792582
8.204562188054475e-05,1.6831502277861132
8.215679480992217e-05,1.6831829702922414
8.226796773929961e-05,1.6833101197313842
8.237914066867704e-05,1.683346822028639
8.249031359805447e-05,1.6834524363382948
8.26014865274319e-05,1.6834872329629957
8.271265945680934e-05,1.6834915977989977
8.282383238618677e-05,1.6835419849961943
8.29350053155642e-05,1.6836883833561331
8.304617824494164e-05,1.6837641947163235
8.315735117431907e-05,1.6838170097809078
8.32685241036965e-05,1.6838304089600713
8.337969703307394e-05,1.6838014945200979
8.349086996245136e-05,1.6837920203268195
8.360204289182879e-05,1.683882206259756
8.371321582120622e-05,1.6838814472900048
8.382438875058366e-05,1.683894834887837
8.393556167996109e-05,1.6839360378598336
8.404673460933852e-05,1.6839695029781236
8.415790753871596e-05,1.6840274957573027
8.426908046809339e-05,1.6840983171216126
8.438025339747081e-05,1.6841498775075376
8.449142632684824e-05,1.6842362308469814
8.460259925622568e-05,1.6842922052047
8.471377218560311e-05,1.6844220431240624
8.482494511498054e-05,1.6845768291727647
8.493611804435798e-05,1.6847067257805897
8.504729097373541e-05,1.6848884704622853
8.515846390311284e-05,1.684968949209656
8.526963683249027e-05,1.6850841243710986
8.53808097618677e-05,1.6851746370553653
8.549198269124513e-05,1.6851753934943885
8.560315562062256e-05,1.6852970562350187
8.571432855e-05,1.6854546015503353
8.582550147937743e-05,1.6855064154434392
8.593667440875486e-05,1.685636804856235
8.604784733813229e-05,1.6856519214329964
8.615902026750973e-05,1.6856965379475857
8.627019319688716e-05,1.685693488454861
8.638136612626459e-05,1.6858508874059106
8.649253905564203e-05,1.685964729620685
8.660371198501945e-05,1.6860735311722508
8.671488491439688e-05,1.6860787920350782
8.682605784377432e-05,1.6861373783439126
8.693723077315175e-05,1.6861251467355463
8.704840370252918e-05,1.6861652827648772
8.715957663190661e-05,1.686208276675337
8.727074956128405e-05,1.6862953899073012
8.738192249066148e-05,1.686326160061926
8.74930954200389e-05,1.6863254710226112
8.760426834941635e-05,1.6863353754616586
8.771544127879378e-05,1.6863654281104727
8.78266142081712e-05,1.6864444532313732
8.793778713754863e-05,1.6865328110684752
8.804896006692607e-05,1.6865430325827089
8.81601329963035e-05,1.6865136592646555
8.827130592568093e-05,1.6865657551875095
8.838247885505837e-05,1.686596460928333
8.84936517844358e-05,1.6867084300438275
8.860482471381323e-05,1.686689898871301
8.871599764319065e-05,1.686822747973236
8.88271705725681e-05,1.6868487860909465
8.893834350194552e-05,1.6868529347013912
8.904951643132295e-05,1.686898805084281
8.91606893607004e-05,1.686941557194447
8.927186229007782e-05,1.6869206119280378
8.938303521945525e-05,1.6869789826049189
8.949420814883268e-05,1.6870180792746519
8.960538107821012e-05,1.6870183535526087
8.971655400758755e-05,1.6870286543837885
8.982772693696497e-05,1.6871228217549792
8.993889986634242e-05,1.6871003875516928
9.005007279571984e-05,1.6871248681475715
9.016124572509727e-05,1.6871163215808942
9.027241865447471e-05,1.68710488591964
9.038359158385214e-05,1.6870358325989512
9.049476451322957e-05,1.6870482545525594
9.0605937442607e-05,1.6870749832560537
9.071711037198444e-05,1.6870925754241637
9.082828330136187e-05,1.6871152411153305
9.09394562307393e-05,1.6871026601735175
9.105062916011674e-05,1.687089813501213
9.116180208949416e-05,1.687031915363729
9.127297501887159e-05,1.687104254962056
9.138414794824902e-05,1.6871097231454324
9.149532087762646e-05,1.6872000162583087
9.160649380700389e-05,1.6872889230803492
9.171766673638132e-05,1.6873171918477363
9.182883966575876e-05,1.6872865270484214
9.194001259513619e-05,1.6873485845004743
9.205118552451362e-05,1.6873359984031349
9.216235845389104e-05,1.687330883117328
9.227353138326848e-05,1.687253097914934
9.238470431264591e-05,1.6872347558445089
9.249587724202334e-05,1.6871704630004958
9.260705017140078e-05,1.6872112288156853
9.271822310077821e-05,1.6871697394468153
9.282939603015564e-05,1.6871032996201405
9.294056895953307e-05,1.6870196887215994
9.305174188891051e-05,1.6869692535797591
9.316291481828794e-05,1.6869212209340947
9.327408774766536e-05,1.686816261562563
9.33852606770428e-05,1.6867931717369817
9.349643360642023e-05,1.6866984121561597
9.360760653579766e-05,1.6866321240243327
9.37187794651751e-05,1.6866071248596952
9.382995239455253e-05,1.6865473538875198
9.394112532392996e-05,1.6866469646314783
9.405229825330739e-05,1.6865952998575704
9.416347118268483e-05,1.686546405727256
9.427464411206226e-05,1.6864894493939993
9.438581704143968e-05,1.686424701069005
9.449698997081713e-05,1.6864389723808904
9.460816290019455e-05,1.6864986320179238
9.471933582957198e-05,1.686501841793341
9.483050875894941e-05,1.6864559131887065
9.494168168832685e-05,1.6864872643486648
9.505285461770428e-05,1.6865454015746915
9.516402754708171e-05,1.6865582602061817
9.527520047645915e-05,1.6865704260839376
9.538637340583658e-05,1.6865535323280405
9.5497546335214e-05,1.686560836403673
9.560871926459143e-05,1.6865264261130777
9.571989219396887e-05,1.6865147102416413
9.58310651233463e-05,1.6865370148980914
9.594223805272373e-05,1.6865371938905886
9.605341098210117e-05,1.6865547486473087
9.61645839114786e-05,1.6864576055251435
9.627575684085603e-05,1.6863689793394874
9.638692977023346e-05,1.6862923070267692
9.64981026996109e-05,1.6863057447841836
9.660927562898833e-05,1.6862524509847587
9.672044855836575e-05,1.686348504533343
9.68316214877432e-05,1.6862973713414913
9.694279441712062e-05,1.6863252196147909
9.705396734649805e-05,1.6863165608302122
9.716514027587548e-05,1.6862441794742238
9.727631320525292e-05,1.6863256346302717
9.738748613463035e-05,1.6863935203888327
9.749865906400778e-05,1.686458211415582
9.760983199338522e-05,1.6864826858312219
9.772100492276265e-05,1.686474263754776
9.783217785214007e-05,1.686462443111628
9.794335078151751e-05,1.6865115082061948
9.805452371089494e-05,1.6865304456012489
9.816569664027237e-05,1.6866491802714045
9.82768695696498e-05,1.6867169249771459
9.838804249902724e-05,1.6867783175041622
9.849921542840467e-05,1.6867964592712956
9.86103883577821e-05,1.6868791802277163
9.872156128715954e-05,1.6869903494842236
9.883273421653697e-05,1.6870914649992328
9.89439071459144e-05,1.6870923491988892
9.905508007529182e-05,1.6871731670088488
9.916625300466926e-05,1.6872043520811881
9.927742593404669e-05,1.6872986705141702
9.938859886342412e-05,1.6873256832225534
9.949977179280156e-05,1.687392279117843
9.961094472217899e-05,1.6874156540408827
9.972211765155642e-05,1.6874120182108963
9.983329058093384e-05,1.687534719589158
9.994446351031129e-05,1.6875652719724172
0.00010005563643968871,1.6875660819759029
0.00010016680936906614,1.6876183757970018
0.00010027798229844358,1.6876610429441217
0.00010038915522782101,1.6877019587687743
0.00010050032815719844,1.6877367437197877
0.00010061150108657587,1.6878756195641926
0.00010072267401595331,1.6879378775689338
0.00010083384694533074,1.6880457243037696
0.00010094501987470817,1.6881292167873236
0.0001010561928040856,1.688202153590823
0.00010116736573346303,1.6882957350315955
0.00010127853866284046,1.6883562085144626
0.0001013897115922179,1.6884451211240807
0.00010150088452159533,1.6884816826028195
0.00010161205745097276,1.6886058054309654
0.00010172323038035019,1.6886591621778728
0.00010183440330972763,1.6887530958287025
0.00010194557623910506,1.6887851890499255
0.00010205674916848249,1.6888350284365485
0.00010216792209785993,1.6889582460406982
0.00010227909502723736,1.6890312482266887
0.00010239026795661478,1.689148230540391
0.00010250144088599221,1.6891977306308212
0.00010261261381536965,1.6892066217285908
0.00010272378674474708,1.689212240966039
0.00010283495967412451,1.6891795927506865
0.00010294613260350195,1.6892013209164802
0.00010305730553287938,1.6892015413607504
0.0001031684784622568,1.6892593494466561
0.00010327965139163423,1.689272047014718
0.00010339082432101168,1.689303690435671
0.0001035019972503891,1.68931076043169
0.00010361317017976653,1.6894003157610313
0.00010372434310914397,1.6894179329202375
0.0001038355160385214,1.6894603894444058
0.00010394668896789883,1.689403476839672
0.00010405786189727626,1.6893998312916065
0.0001041690348266537,1.6894394979372178
0.00010428020775603113,1.6894911095518288
0.00010439138068540855,1.689559276381463
0.000104502553614786,1.689652745029978
0.00010461372654416342,1.6896687891625388
0.00010472489947354085,1.6897616956662609
0.0001048360724029183,1.689890470228347
0.00010494724533229572,1.6899177473928608
0.00010505841826167315,1.6899872462593173
0.00010516959119105058,1.6899365905851578
0.00010528076412042802,1.689965209307943
0.00010539193704980545,1.689958526768008
0.00010550310997918287,1.68996888662802
0.00010561428290856032,1.6899709277059702
0.00010572545583793774,1.6899756605505671
0.00010583662876731517,1.6899259650410825
0.0001059478016966926,1.68993281915264
0.00010605897462607004,1.6898703274920623
0.00010617014755544747,1.689825335465758
0.0001062813204848249,1.6897386933475522
0.00010639249341420234,1.6897524262175674
0.00010650366634357977,1.689698345515645
0.0001066148392729572,1.6897047285510363
0.00010672601220233462,1.6897014281904728
0.00010683718513171206,1.6897950496372491
0.00010694835806108949,1.689672733364681
0.00010705953099046692,1.689736175146976
0.00010717070391984436,1.689686001960752
0.00010728187684922179,1.689629847767501
0.00010739304977859922,1.6896562293553803
0.00010750422270797665,1.6897279374294067
0.00010761539563735409,1.689833793940778
0.00010772656856673152,1.689848252568822
0.00010783774149610894,1.6898829209975261
0.00010794891442548639,1.689954647462225
0.00010806008735486381,1.6899944577735755
0.00010817126028424124,1.6899908643652337
0.00010828243321361867,1.6900353486871946
0.00010839360614299611,1.690069034021519
0.00010850477907237354,1.690035580433178
0.00010861595200175097,1.6900117223500652
0.00010872712493112841,1.6899726994569595
0.00010883829786050584,1.689894684895919
0.00010894947078988326,1.6898657645408754
0.0001090606437192607,1.6898627460772508
0.00010917181664863813,1.6898860794823138
0.00010928298957801556,1.6898263630613473
0.00010939416250739299,1.689877205459891
0.00010950533543677043,1.6899389896584531
0.00010961650836614786,1.6900177154780702
0.00010972768129552529,1.6900017631303241
0.00010983885422490273,1.6899607097867586
0.00010995002715428016,1.6898908440251856
0.00011006120008365758,1.689895699258475
0.00011017237301303501,1.6898882039892946
0.00011028354594241245,1.6898570450833281
0.00011039471887178988,1.6897406359420275
0.00011050589180116731,1.6896934918035516
0.00011061706473054475,1.6897285492033387
0.00011072823765992218,1.6897321934433982
0.00011083941058929961,1.689682927788453
0.00011095058351867704,1.6896982638341607
0.00011106175644805448,1.6896448144851255
0.0001111729293774319,1.689689128824704
0.00011128410230680933,1.6897032328120254
0.00011139527523618677,1.6897308092698435
0.0001115064481655642,1.6897965283216254
0.00011161762109494163,1.6897852095279984
0.00011172879402431906,1.689801732219583
0.0001118399669536965,1.689795406857138
0.00011195113988307393,1.6898005676545136
0.00011206231281245136,1.689803644825946
0.0001121734857418288,1.6898225846791686
0.00011228465867120623,1.6897603639019432
0.00011239583160058365,1.689800061279277
0.0001125070045299611,1.689797858503026
0.00011261817745933852,1.6897863030170694
0.00011272935038871595,1.6897535168257731
0.00011284052331809338,1.68979127116043
0.00011295169624747082,1.6897731262427211
0.00011306286917684825,1.6898461103991513
0.00011317404210622568,1.6898199827897664
0.00011328521503560312,1.6898192168766473
0.00011339638796498055,1.6897452389535133
0.00011350756089435797,1.6898223062382842
0.0001136187338237354,1.6897814272498939
0.00011372990675311284,1.6897030534035957
0.00011384107968249027,1.6897028257693238
0.0001139522526118677,1.6897309963880274
0.00011406342554124514,1.68977365532734
0.00011417459847062257,1.689796846152908
0.0001142857714,1.6898099206582609
0.00011439694432937742,1.6898352622505155
0.00011450811725875487,1.6898477839698818
0.0001146192901881323,1.689876426778581
0.00011473046311750972,1.6898988318108676
0.00011484163604688716,1.6898853820280528
0.00011495280897626459,1.6899335710308836
0.00011506398190564202,1.6899007516065248
0.00011517515483501945,1.6899746665648268
0.00011528632776439689,1.6899485806995849
0.00011539750069377432,1.690002242045821
0.00011550867362315174,1.6899243273010147
0.00011561984655252919,1.6898841223090233
0.00011573101948190661,1.6898151803157153
0.00011584219241128404,1.6898078110145582
0.00011595336534066148,1.6897379037868827
0.00011606453827003891,1.6897304105528004
0.00011617571119941634,1.6897225140297825
0.00011628688412879377,1.6897138402021799
0.00011639805705817121,1.6896852539431126
0.00011650922998754864,1.68966304045641
0.00011662040291692607,1.689651802119879
0.0001167315758463035,1.6896804232798268
0.00011684274877568093,1.6896321436300104
0.00011695392170505836,1.6896329344794465
0.00011706509463443579,1.6896555638888613
0.00011717626756381323,1.6897011246200002
0.00011728744049319066,1.6897492832552807
0.00011739861342256809,1.6898312892377352
0.00011750978635194553,1.689923344793693
0.00011762095928132296,1.6900198472932046
0.00011773213221070039,1.6900244057702645
0.00011784330514007781,1.6900923544411455
0.00011795447806945526,1.6901229007046135
0.00011806565099883268,1.6901275449268007
0.00011817682392821011,1.6902728269012577
0.00011828799685758755,1.690231083342547
0.00011839916978696498,1.6902791240960864
0.00011851034271634241,1.6903136882250447
0.00011862151564571984,1.6904088819961627
0.00011873268857509728,1.6903649315797866
0.0001188438615044747,1.6903568357905057
0.00011895503443385213,1.6903792840360645
0.00011906620736322958,1.6903860380669256
0.000119177380292607,1.6902849897934387
0.00011928855322198443,1.6902819893044134
0.00011939972615136187,1.6902380785333615
0.0001195108990807393,1.690271726718392
0.00011962207201011673,1.6902358062720835
0.00011973324493949416,1.6902564575060686
0.0001198444178688716,1.6902638265266532
0.00011995559079824903,1.6903100637451596
0.00012006676372762645,1.6903131973693035
0.0001201779366570039,1.690359218336396
0.00012028910958638132,1.6903723346472461
0.00012040028251575875,1.6904134365320156
0.00012051145544513618,1.6904279936904687
0.00012062262837451362,1.690424490472734
0.00012073380130389105,1.6903816617196403
0.00012084497423326848,1.6902644057341607
0.00012095614716264592,1.6902734821138057
0.00012106732009202335,1.690354238229893
0.00012117849302140077,1.6903792315025625
0.0001212896659507782,1.6904442986851267
0.00012140083888015564,1.6904743075973139
0.00012151201180953307,1.6904843190644037
0.0001216231847389105,1.6905433272815755
0.00012173435766828794,1.6906008767486385
0.00012184553059766537,1.690568041391682
0.0001219567035270428,1.6905402974232864
0.00012206787645642023,1.6906434129854826
0.00012217904938579765,1.6907070540156943
0.0001222902223151751,1.6907803135452937
0.00012240139524455254,1.690777626625449
0.00012251256817392996,1.6908189947718273
0.0001226237411033074,1.690809664149265
0.00012273491403268482,1.6908087666281826
0.00012284608696206225,1.6907856023067502
0.00012295725989143968,1.6907912767366533
0.00012306843282081713,1.690732313742205
0.00012317960575019456,1.6907417456383858
0.000123290778679572,1.6907386118505232
0.00012340195160894942,1.6907122288234302
0.00012351312453832684,1.6907088414272067
0.00012362429746770427,1.6907006511806841
0.0001237354703970817,1.6905947441287543
0.00012384664332645915,1.690641152126316
0.00012395781625583658,1.6906826899100664
0.000124068989185214,1.6906182885692482
0.00012418016211459144,1.6905896088587593
0.00012429133504396887,1.6905120114927403
0.0001244025079733463,1.6904757305730216
0.00012451368090272372,1.6904981080266235
0.00012462485383210118,1.6905016698336552
0.0001247360267614786,1.690432346505418
0.00012484719969085603,1.6904886845107363
0.00012495837262023346,1.6905493768652489
0.0001250695455496109,1.6905740454482387
0.00012518071847898832,1.690452083651048
0.00012529189140836575,1.6903852863154314
0.0001254030643377432,1.6903368559623353
0.00012551423726712063,1.6903230414977493
0.00012562541019649806,1.6902494576714828
0.00012573658312587548,1.6902015947088904
0.0001258477560552529,1.6901934282302902
0.00012595892898463034,1.6902111585082396
0.00012607010191400777,1.690155839088903
0.00012618127484338522,1.6902025733668822
0.00012629244777276265,1.6900970380310127
0.00012640362070214008,1.6901524134525632
0.0001265147936315175,1.6901434556074542
0.00012662596656089494,1.6901268567259315
0.00012673713949027236,1.690183883566566
0.0001268483124196498,1.6901831139072783
0.00012695948534902725,1.6901725742594857
0.00012707065827840467,1.690194332738747
0.0001271818312077821,1.6902288186006804
0.00012729300413715953,1.690241387615932
0.00012740417706653696,1.6901943621217204
0.00012751534999591439,1.6902209470659058
0.00012762652292529181,1.6902709544920873
0.00012773769585466927,1.6902696411220761
0.0001278488687840467,1.69025733700227
0.00012796004171342413,1.6902304842130187
0.00012807121464280155,1.6902683104734113
0.00012818238757217898,1.6902995119547086
0.0001282935605015564,1.6903184042737553
0.00012840473343093384,1.6902857342977935
0.0001285159063603113,1.6903313733700651
0.00012862707928968872,1.6902487078026098
0.00012873825221906615,1.6902740257998552
0.00012884942514844358,1.6901991246157513
0.000128960598077821,1.6902734163697304
0.00012907177100719843,1.6902484356247105
0.0001291829439365759,1.6902449846455856
0.00012929411686595332,1.6901377011024008
0.00012940528979533074,1.690045666489632
0.00012951646272470817,1.6899994461312422
0.0001296276356540856,1.6899925501600064
0.00012973880858346303,1.6899066802114007
0.00012984998151284045,1.6898870420908296
0.0001299611544422179,1.6898944888609138
0.00013007232737159534,1.6899009609910682
0.00013018350030097277,1.6898062309141666
0.0001302946732303502,1.6897868188829117
0.00013040584615972762,1.6898246900709653
0.00013051701908910505,1.6898163332796163
0.00013062819201848248,1.6898467979375758
0.00013073936494785993,1.689882456778684
0.00013085053787723736,1.6898883690092266
0.0001309617108066148,1.6898574724726623
0.00013107288373599222,1.6898622921764044
0.00013118405666536964,1.6898612278559328
0.00013129522959474707,1.6899028863887569
0.0001314064025241245,1.6899337191925479
0.00013151757545350196,1.6899806362428675
0.00013162874838287938,1.6899523085559873
0.0001317399213122568,1.6900334865518818
0.00013185109424163424,1.689998123619108
0.00013196226717101167,1.6900333466903106
0.0001320734401003891,1.6900755220622456
0.00013218461302976652,1.6900837028703237
0.00013229578595914398,1.6899860938141835
0.0001324069588885214,1.6900123130170992
0.00013251813181789883,1.6898955371649782
0.00013262930474727626,1.6898984658971365
0.0001327404776766537,1.6898616067799752
0.00013285165060603112,1.689888789700908
0.00013296282353540855,1.689816738033086
0.000133073996464786,1.6897990069734368
0.00013318516939416343,1.6897681840701184
0.00013329634232354086,1.6897537474836781
0.00013340751525291829,1.6896224744433168
0.00013351868818229571,1.6896507464030512
0.00013362986111167314,1.6896050267221638
0.00013374103404105057,1.6896032893617647
0.00013385220697042802,1.689596840123022
0.00013396337989980545,1.6896120187881984
0.00013407455282918288,1.6895870997799496
0.0001341857257585603,1.6896603319508259
0.00013429689868793774,1.6896754355342074
0.00013440807161731516,1.689710077100671
0.0001345192445466926,1.6895987918318929
0.00013463041747607005,1.6896127034308919
0.00013474159040544748,1.6896779837085663
0.0001348527633348249,1.689677906690731
0.00013496393626420233,1.689731513305036
0.00013507510919357976,1.6896896044844523
0.0001351862821229572,1.689638869454291
0.00013529745505233462,1.689643082863271
0.00013540862798171207,1.6896361053441047
0.0001355198009110895,1.6896362126750104
0.00013563097384046693,1.6896453988607691
0.00013574214676984435,1.6895954196255973
0.00013585331969922178,1.6895912417840369
0.0001359644926285992,1.6895067196887745
0.00013607566555797667,1.689418144171894
0.0001361868384873541,1.6892985424821672
0.00013629801141673152,1.6892662590888885
0.00013640918434610895,1.689315735247574
0.00013652035727548638,1.6893564070321596
0.0001366315302048638,1.6893658268327036
0.00013674270313424123,1.6893977151520967
0.0001368538760636187,1.6894155812945082
0.00013696504899299612,1.6894961774409896
0.00013707622192237354,1.6894777253275775
0.00013718739485175097,1.689440063845031
0.0001372985677811284,1.6895043232650138
0.00013740974071050583,1.6894890381085421
0.00013752091363988326,1.6895145869371988
0.0001376320865692607,1.6894655395608893
0.00013774325949863814,1.689512237403652
0.00013785443242801557,1.6894232619629148
0.000137965605357393,1.6894016938817105
0.00013807677828677042,1.6894515518840636
0.00013818795121614785,1.6894974229091786
0.00013829912414552528,1.6895146088081459
0.00013841029707490273,1.689588806453299
0.00013852147000428016,1.6895433674044216
0.0001386326429336576,1.6895332410347774
0.00013874381586303502,1.689454232970413
0.00013885498879241245,1.6894221115367
0.00013896616172178987,1.6894345088929668
0.0001390773346511673,1.6894049417800652
0.00013918850758054476,1.6893500395032819
0.00013929968050992219,1.6893282901325466
0.0001394108534392996,1.6893119429527175
0.00013952202636867704,1.6892897249163386
0.00013963319929805447,1.689241295493761
0.0001397443722274319,1.689178732562654
0.00013985554515680933,1.689175058410102
0.00013996671808618678,1.6891378820988148
0.0001400778910155642,1.6891202256206437
0.00014018906394494164,1.689095705356583
0.00014030023687431906,1.689034120887175
0.0001404114098036965,1.6890324303824864
0.00014052258273307392,1.689056966991326
0.00014063375566245135,1.6891232981266464
0.0001407449285918288,1.6891694307372394
0.00014085610152120623,1.6891708548328717
0.00014096727445058366,1.6892803003813373
0.0001410784473799611,1.6892503070428084
0.00014118962030933851,1.6892494216871976
0.00014130079323871594,1.6892043504799477
0.00014141196616809337,1.6892942285135673
0.00014152313909747083,1.6893821259204163
0.00014163431202684825,1.689373115312119
0.00014174548495622568,1.6893672372679505
0.0001418566578856031,1.6893992034124818
0.00014196783081498054,1.6893248313505438
0.00014207900374435797,1.6893818783399321
0.0001421901766737354,1.6893946316246404
0.00014230134960311285,1.6893958612419833
0.00014241252253249028,1.6893995010321896
0.0001425236954618677,1.6894686324722894
0.00014263486839124513,1.6894345916766702
0.00014274604132062256,1.6895417093760936
0.00014285721425,1.6895205568786222
0.00014296838717937742,1.6895364673306301
0.00014307956010875487,1.689492245289642
0.0001431907330381323,1.6894679638854957
0.00014330190596750973,1.6894680078049815
0.00014341307889688716,1.6894920975235188
0.00014352425182626458,1.6895497834969346
0.000143635424755642,1.6895710119514775
0.00014374659768501947,1.6897073717724138
0.0001438577706143969,1.6897724047161553
0.00014396894354377432,1.689844840275575
0.00014408011647315175,1.6898819334707194
0.00014419128940252918,1.6899088183564963
0.0001443024623319066,1.6899809557359775
0.00014441363526128403,1.6900588201613598
0.0001445248081906615,1.6900821956511094
0.00014463598112003892,1.6902117361657691
0.00014474715404941635,1.6901872022809414
0.00014485832697879377,1.6902230330524264
0.0001449694999081712,1.690186315770754
0.00014508067283754863,1.6902037879347809
0.00014519184576692606,1.6901750433097953
0.0001453030186963035,1.6902296837387552
0.00014541419162568094,1.6901256290529154
0.00014552536455505837,1.6901431090326329
0.0001456365374844358,1.690062111015704
0.00014574771041381322,1.690102143892602
0.00014585888334319065,1.690075341282878
0.00014597005627256808,1.69000508319334
0.00014608122920194554,1.689886821994296
0.00014619240213132296,1.6899034460361317
0.0001463035750607004,1.6898703785687952
0.00014641474799007782,1.689933664445122
0.00014652592091945525,1.6898989775456958
0.00014663709384883268,1.6899334750491275
0.0001467482667782101,1.6899187411234662
0.00014685943970758756,1.6899613732352972
0.00014697061263696499,1.6899526760614918
0.00014708178556634241,1.6899788207382886
0.00014719295849571984,1.6900383068179867
0.00014730413142509727,1.6900913783832436
0.0001474153043544747,1.690126885308411
0.00014752647728385213,1.6901032927651523
0.00014763765021322958,1.6900933880147506
0.000147748823142607,1.690064434633426
0.00014785999607198444,1.6900680395271879
0.00014797116900136187,1.6900156778402715
0.0001480823419307393,1.690029417305783
0.00014819351486011672,1.6899787761997849
0.00014830468778949415,1.6900359415458726
0.0001484158607188716,1.6900576983368458
0.00014852703364824903,1.6900159836179325
0.00014863820657762646,1.6899235952850113
0.0001487493795070039,1.6900136569615312
0.00014886055243638132,1.6899738953998065
0.00014897172536575874,1.6900074701652406
0.00014908289829513617,1.6900209149430168
0.00014919407122451363,1.6900714200801603
0.00014930524415389106,1.6900315129666708
0.00014941641708326848,1.6899953827399874
0.0001495275900126459,1.689923935069486
0.00014963876294202334,1.690254383997375
0.00014974993587140077,1.6975810913282903
0.0001498611088007782,1.7109463806457146
0.00014997228173015565,1.7264099096594767
0.00015008345465953308,1.7417362913910226
0.0001501946275889105,1.755811504711864
0.00015030580051828793,1.7682879137529721
0.00015041697344766536,1.7789878799352945
0.0001505281463770428,1.7878221059741226
0.00015063931930642025,1.7949049601576514
0.00015075049223579767,1.8004901454018059
0.0001508616651651751,1.804611560499059
0.00015097283809455253,1.807412856373493
0.00015108401102392996,1.8089174940738042
0.00015119518395330738,1.8090521868957632
0.0001513063568826848,1.807939936986913
0.00015141752981206227,1.8053041345488772
0.0001515287027414397,1.8013327840463547
0.00015163987567081712,1.7957019914391337
0.00015175104860019455,1.7883865087033226
0.00015186222152957198,1.7792567827583694
0.0001519733944589494,1.7684031848712847
0.00015208456738832684,1.75571179959609
0.0001521957403177043,1.7412100102154557
0.00015230691324708172,1.7249824320917673
0.00015241808617645915,1.707104868944121
0.00015252925910583657,1.6876381307989992
0.000152640432035214,1.6668003855213955
0.00015275160496459143,1.6446786991329505
0.00015286277789396886,1.6214840446061205
0.00015297395082334631,1.5972553120847481
0.00015308512375272374,1.572155465566563
0.00015319629668210117,1.5462950258413273
0.0001533074696114786,1.5197665863117515
0.00015341864254085603,1.4925766216080474
0.00015352981547023345,1.464802737583869
0.00015364098839961088,1.436405159782242
0.00015375216132898834,1.407400898403632
0.00015386333425836576,1.3777534769700321
0.0001539745071877432,1.3474081437669545
0.00015408568011712062,1.3164218807879349
0.00015419685304649805,1.2846760472628054
0.00015430802597587548,1.2523840781206441
0.0001544191989052529,1.2194287903017773
0.00015453037183463036,1.1858327099833283
0.0001546415447640078,1.1516026169944154
0.00015475271769338522,1.116848870612596
0.00015486389062276264,1.0816748625923782
0.00015497506355214007,1.0462243011315147
0.0001550862364815175,1.010410907059673
0.00015519740941089493,0.9745257343900099
0.00015530858234027238,0.9385969817356024
0.0001554197552696498,0.902765362834836
0.00015553092819902724,0.8669633629080491
0.00015564210112840467,0.8313407669341868
0.0001557532740577821,0.7958757077850289
0.00015586444698715952,0.7606789437679513
0.00015597561991653695,0.7257492959785427
0.0001560867928459144,0.6910932901831823
0.00015619796577529183,0.6567607579744478
0.00015630913870466926,0.6227015628165538
0.0001564203116340467,0.5890140529460088
0.00015653148456342412,0.5556697218031592
0.00015664265749280155,0.522725574208903
0.00015675383042217897,0.490199420183999
0.00015686500335155643,0.45806890228219893
0.00015697617628093386,0.4265464146213076
0.00015708734921031128,0.3955468022402849
0.0001571985221396887,0.3651418083197977
0.00015730969506906614,0.3355501418721963
0.00015742086799844357,0.3066001891305218
0.000157532040927821,0.27847875027658836
0.00015764321385719845,0.251236240673342
0.00015775438678657588,0.2249877255886388
0.0001578655597159533,0.19974877895599755
0.00015797673264533074,0.17559048126067248
0.00015808790557470816,0.15249453074846803
0.0001581990785040856,0.13061320312076824
0.00015831025143346305,0.10984875174848467
0.00015842142436284047,0.09035697688996153
0.0001585325972922179,0.07209711597328351
0.00015864377022159533,0.055118519959941416
0.00015875494315097276,0.039478157982445854
0.00015886611608035019,0.025234217581814208
0.00015897728900972761,0.012327985208195157
0.00015908846193910507,0.000864493755560281
0.0001591996348684825,-0.009144370572847813
0.00015931080779785993,-0.017580330408192606
0.00015942198072723735,-0.024502743758745234
0.00015953315365661478,-0.029750792630392743
0.0001596443265859922,-0.03331137134708593
0.00015975549951536964,-0.035030550597519555
0.0001598666724447471,-0.034950241812744795
0.00015997784537412452,-0.03312086578758253
0.00016008901830350195,-0.029257442185134985
0.00016020019123287938,-0.023435051043414798
0.0001603113641622568,-0.015614588744841243
0.00016042253709163423,-0.005735584849129412
0.00016053371002101166,0.006286821824993278
0.00016064488295038912,0.02046095987659096
0.00016075605587976654,0.036802026803682567
0.00016086722880914397,0.054963921027956
0.0001609784017385214,0.06755791313748377
0.00016108957466789883,0.0742151138921235
0.00016120074759727626,0.07777644374569709
0.00016131192052665368,0.07996176538769978
0.00016142309345603114,0.08174859063529251
0.00016153426638540857,0.08343526931587972
0.000161645439314786,0.08522378702875173
0.00016175661224416342,0.08714389466535077
0.00016186778517354085,0.08914927163065546
0.00016197895810291828,0.09105028558244724
0.0001620901310322957,0.09284290964435248
0.00016220130396167316,0.09427347235435729
0.0001623124768910506,0.09533176984638916
0.00016242364982042802,0.09596331963223083
0.00016253482274980544,0.09611190961010628
0.00016264599567918287,0.09580602955983744
0.0001627571686085603,0.0950627039730877
0.00016286834153793773,0.09399622461523398
0.00016297951446731518,0.09289665787434118
0.0001630906873966926,0.09168090412989731
0.00016320186032607004,0.09048328030416625
0.00016331303325544747,0.08944124892118516
0.0001634242061848249,0.08863184412483906
0.00016353537911420232,0.08810406310608629
0.00016364655204357975,0.08790951922075894
0.0001637577249729572,0.0880521944946996
0.00016386889790233463,0.08845478066363892
0.00016398007083171206,0.0890443880029859
0.0001640912437610895,0.08976893987557942
0.00016420241669046692,0.09061575787927034
0.00016431358961984435,0.09147401833188716
0.00016442476254922177,0.09225400797582668
0.00016453593547859923,0.0928674633483882
0.00016464710840797666,0.09333185387915235
0.00016475828133735409,0.09355038655576065
0.00016486945426673151,0.09350793427355032
0.00016498062719610894,0.09317715512018047
0.00016509180012548637,0.09278874158615884
0.0001652029730548638,0.09213337741460054
0.00016531414598424125,0.09146296158838833
0.00016542531891361868,0.09080316235397363
0.0001655364918429961,0.09019109926030053
0.00016564766477237354,0.0895344922705764
0.00016575883770175096,0.08911631093711668
0.0001658700106311284,0.08881228471883228
0.00016598118356050585,0.08872347095155289
0.00016609235648988328,0.08878321502085176
0.0001662035294192607,0.0888690875335227
0.00016631470234863813,0.0891605667690986
0.00016642587527801556,0.08949639626853637
0.000166537048207393,0.0898462837780656
0.00016664822113677042,0.09022741113799183
0.00016675939406614787,0.0905695764924937
0.0001668705669955253,0.09077609951142965
0.00016698173992490273,0.09092173059940499
0.00016709291285428015,0.09098979795727767
0.00016720408578365758,0.09096300303816857
0.000167315258713035,0.09086149540016861
0.00016742643164241244,0.09061693248202435
0.0001675376045717899,0.09035077969307273
0.00016764877750116732,0.0900296660052392
0.00016775995043054475,0.08961985011774799
0.00016787112335992218,0.08927905335428502
0.0001679822962892996,0.08898792457793456
0.00016809346921867703,0.08882377460893245
0.00016820464214805446,0.08860058079847856
0.00016831581507743192,0.08847164709232617
0.00016842698800680934,0.08841461224891349
0.00016853816093618677,0.08847874249399082
0.0001686493338655642,0.08851221745355715
0.00016876050679494163,0.08864431449484586
0.00016887167972431906,0.08873191538089067
0.00016898285265369648,0.08890112963635345
0.00016909402558307394,0.08901900791334216
0.00016920519851245137,0.08907157519425739
0.0001693163714418288,0.08906306767489425
0.00016942754437120622,0.08901343025944837
0.00016953871730058365,0.08889569034366493
0.00016964989022996108,0.08879563311971725
0.0001697610631593385,0.08860065840463174
0.00016987223608871596,0.0885289657360118
0.0001699834090180934,0.08835540398242818
0.00017009458194747082,0.08821840985546482
0.00017020575487684825,0.08804074899460762
0.00017031692780622567,0.08790714426524086
0.0001704281007356031,0.08789734728351346
0.00017053927366498053,0.08785495674007103
0.00017065044659435799,0.08793175995318939
0.0001707616195237354,0.08800507141439577
0.00017087279245311284,0.08810787892636245
0.00017098396538249027,0.08820912928011904
0.0001710951383118677,0.08833778318424955
0.00017120631124124513,0.08843131258412344
0.00017131748417062255,0.08848384873989644
0.0001714286571,0.08843696786753835
0.00017153983002937744,0.08853049426168762
0.00017165100295875486,0.08847815495941265
0.0001717621758881323,0.0884139569705963
0.00017187334881750972,0.0883179802437557
0.00017198452174688715,0.08830571848063065
0.00017209569467626458,0.0881308864554366
0.00017220686760564203,0.08801963056779122
0.00017231804053501946,0.08786630963311448
0.0001724292134643969,0.08775052298553072
0.00017254038639377432,0.08760598330037597
0.00017265155932315174,0.08747156824903411
0.00017276273225252917,0.08738523345871392
0.00017287390518190663,0.08736307758409866
0.00017298507811128405,0.08738321836535767
0.00017309625104066148,0.08746680709493905
0.0001732074239700389,0.08754654487457418
0.00017331859689941634,0.0875705834140385
0.00017342976982879377,0.08760954975304167
0.0001735409427581712,0.08767033268529609
0.00017365211568754865,0.0876886040216983
0.00017376328861692608,0.08767474033391198
0.0001738744615463035,0.08778120949605014
0.00017398563447568093,0.08781534475435274
0.00017409680740505836,0.08785188095493869
0.0001742079803344358,0.08781226706577343
0.00017431915326381322,0.08782820088272764
0.00017443032619319067,0.08782652957867779
0.0001745414991225681,0.0878102788485556
0.00017465267205194553,0.0877258707065396
0.00017476384498132296,0.08769591703162893
0.00017487501791070038,0.08766728908061804
0.0001749861908400778,0.08768527102892174
0.00017509736376945524,0.08762504049422717
0.0001752085366988327,0.08761659121382713
0.00017531970962821012,0.08761303030241761
0.00017543088255758755,0.08762332501272435
0.00017554205548696498,0.0875738965965848
0.0001756532284163424,0.08756992294537243
0.00017576440134571983,0.08752172705447663
0.00017587557427509726,0.08752813146442952
0.00017598674720447472,0.08749685208423978
0.00017609792013385215,0.08752060386886207
0.00017620909306322957,0.08749710231582221
0.000176320265992607,0.08749662225914373
0.00017643143892198443,0.08740263130061739
0.00017654261185136186,0.0874708051325611
0.00017665378478073929,0.08744126448931615
0.00017676495771011674,0.08739722691533582
0.00017687613063949417,0.08740500102720831
0.0001769873035688716,0.08738597702855527
0.00017709847649824902,0.08741196344395424
0.00017720964942762645,0.0874324138992855
0.00017732082235700388,0.08741266085076177
0.0001774319952863813,0.08743203216415295
0.00017754316821575876,0.08745073474947708
0.0001776543411451362,0.08746748595451509
0.00017776551407451362,0.08747890551567634
0.00017787668700389105,0.08741993001638135
0.00017798785993326848,0.08737669762579102
0.0001780990328626459,0.0873545808797868
0.00017821020579202333,0.08736729863060885
0.0001783213787214008,0.0873094808573897
0.00017843255165077821,0.08721342637635873
0.00017854372458015564,0.08708128334544664
0.00017865489750953307,0.0870455763106067
0.0001787660704389105,0.08694086210792282
0.00017887724336828793,0.08684396914162901
0.00017898841629766535,0.08677619384231422
0.0001790995892270428,0.0867534316409152
0.00017921076215642024,0.08657699231899926
0.00017932193508579767,0.08652567848372217
0.0001794331080151751,0.08646904727336559
0.00017954428094455252,0.08645284873483472
0.00017965545387392995,0.08641708823135857
0.00017976662680330738,0.08635559910253532
0.00017987779973268483,0.086352185873356
0.00017998897266206226,0.08639486076427785
0.0001801001455914397,0.08645940845996801
0.00018021131852081712,0.0864651892542499
0.00018032249145019454,0.08640754842118623
0.00018043366437957197,0.08638083390001988
0.00018054483730894943,0.08637900743037147
0.00018065601023832686,0.08633810929388089
0.00018076718316770428,0.08635946115042399
0.0001808783560970817,0.08630467909741836
0.00018098952902645914,0.0862683374635212
0.00018110070195583657,0.08613682235621871
0.000181211874885214,0.08609157645843601
0.00018132304781459145,0.08594917446467347
0.00018143422074396888,0.08593414497133042
0.0001815453936733463,0.08590352297568574
0.00018165656660272373,0.08586586021134336
0.00018176773953210116,0.08573166575631139
0.0001818789124614786,0.08564978521964701
0.00018199008539085602,0.08550236219200241
0.00018210125832023347,0.0854507712285108
0.0001822124312496109,0.08523048521453547
0.00018232360417898833,0.08512573185292673
0.00018243477710836576,0.08503811845130432
0.00018254595003774319,0.08495180861329302
0.0001826571229671206,0.08491405306786913
0.00018276829589649804,0.08479710502609007
0.0001828794688258755,0.0847425123252484
0.00018299064175525292,0.08473232137426857
0.00018310181468463035,0.08468410860881387
0.00018321298761400778,0.0846183160404129
0.0001833241605433852,0.08457034555684641
0.00018343533347276264,0.08454395072459614
0.00018354650640214006,0.08448843670513416
0.00018365767933151752,0.08446968848897726
0.00018376885226089495,0.08440304523528223
0.00018388002519027238,0.0843993880843914
0.0001839911981196498,0.08431721365779489
0.00018410237104902723,0.0842779272805925
0.00018421354397840466,0.08422777222027095
0.0001843247169077821,0.08416754064416904
0.00018443588983715954,0.08406325743530164
0.00018454706276653697,0.08402861754217458
0.0001846582356959144,0.0840001739573225
0.00018476940862529183,0.08385239265775773
0.00018488058155466925,0.08386478264929009
0.00018499175448404668,0.08376258447142496
0.0001851029274134241,0.08361137724483346
0.00018521410034280156,0.0835186250197917
0.000185325273272179,0.08344463724891454
0.00018543644620155642,0.0833076098549187
0.00018554761913093385,0.08314870432983863
0.00018565879206031128,0.08299841054510285
0.0001857699649896887,0.08290105390160628
0.00018588113791906613,0.08283255105613485
0.0001859923108484436,0.08279854626599056
0.00018610348377782102,0.08268672180561712
0.00018621465670719844,0.08256048363634019
0.00018632582963657587,0.08252294764027959
0.0001864370025659533,0.08246180028798708
0.00018654817549533073,0.08243276145423233
0.00018665934842470816,0.08240169707746024
0.0001867705213540856,0.08237289750734639
0.00018688169428346304,0.08237946227612022
0.00018699286721284047,0.08236289853074893
0.0001871040401422179,0.0823062117048043
0.00018721521307159532,0.08228735376757533
0.00018732638600097275,0.08231103944503763
0.0001874375589303502,0.08234186640302266
0.00018754873185972763,0.08226303922279682
0.00018765990478910506,0.0823188198884589
0.0001877710777184825,0.08222369693902522
0.00018788225064785992,0.08221402214207674
0.00018799342357723735,0.08214900680589789
0.00018810459650661477,0.08212314497546114
0.00018821576943599223,0.08200852124203954
0.00018832694236536966,0.08195866675312823
0.00018843811529474708,0.08179417054672955
0.0001885492882241245,0.08175333255821225
0.00018866046115350194,0.08164921427962527
0.00018877163408287937,0.08159831466915655
0.0001888828070122568,0.08150693464231276
0.00018899397994163425,0.0814576323022538
0.00018910515287101168,0.08137410043176947
0.0001892163258003891,0.08133782398068129
0.00018932749872976654,0.08126369419806195
0.00018943867165914396,0.08127088067001387
0.0001895498445885214,0.08118011285512149
0.00018966101751789882,0.08116875202675716
0.00018977219044727627,0.08111756413452985
0.0001898833633766537,0.0811277723660821
0.00018999453630603113,0.0811499062843857
0.00019010570923540856,0.08119319736079689
0.00019021688216478599,0.08121071221515966
0.00019032805509416341,0.08119503135817367
0.00019043922802354084,0.08124260893413184
0.0001905504009529183,0.08120713632176721
0.00019066157388229573,0.08124097741758281
0.00019077274681167315,0.0812409212986318
0.00019088391974105058,0.08131702789155103
0.000190995092670428,0.08131240249467057
0.00019110626559980544,0.0814025581634291
0.00019121743852918287,0.08136621920407305
0.00019132861145856032,0.08135446739278444
0.00019143978438793775,0.08125893547217544
0.00019155095731731518,0.08124717075342598
0.0001916621302466926,0.08124893757757444
0.00019177330317607003,0.08123797287281316
0.00019188447610544746,0.0812224809877555
0.0001919956490348249,0.08115667869008222
0.00019210682196420234,0.08108798116907912
0.00019221799489357977,0.0810560878535295
0.0001923291678229572,0.0810231721888413
0.00019244034075233463,0.08102154488358525
0.00019255151368171206,0.08102719461263462
0.00019266268661108948,0.08101617548955417
0.0001927738595404669,0.08098301446584433
0.00019288503246984437,0.08097854380331301
0.0001929962053992218,0.08097064055802115
0.00019310737832859922,0.08097056494895666
0.00019321855125797665,0.08098098972874455
0.00019332972418735408,0.08096158696926437
0.0001934408971167315,0.08102704572068604
0.00019355207004610893,0.08105290980760586
0.0001936632429754864,0.08103778279441871
0.00019377441590486382,0.08109448444970287
0.00019388558883424125,0.08109439581049027
0.00019399676176361867,0.08109734279033146
0.0001941079346929961,0.08108018040659816
0.00019421910762237353,0.08102931751060273
0.00019433028055175096,0.08102243911089532
0.0001944414534811284,0.08096820758553291
0.00019455262641050584,0.08093431201164009
0.00019466379933988327,0.08090008913335468
0.0001947749722692607,0.08086562772619477
0.00019488614519863812,0.08083101656566687
0.00019499731812801555,0.08079634442727754
0.000195108491057393,0.08076170008653329
0.00019521966398677043,0.08072717231894065
0.00019533083691614786,0.08069284990000616
0.0001954420098455253,0.08065882160523637
0.00019555318277490272,0.08062517621013779
0.00019566435570428015,0.08059200249021696
0.00019577552863365757,0.08055938922098041
0.00019588670156303503,0.08052742517793468
0.00019599787449241246,0.08049619913658629
0.00019610904742178989,0.08046579987244178
0.00019622022035116731,0.08043631616100769
0.00019633139328054474,0.08040783677779052
0.00019644256620992217,0.08038045049829685
0.0001965537391392996,0.08035424609803318
0.00019666491206867705,0.08032931235250605
0.00019677608499805448,0.08030573803722199
0.0001968872579274319,0.08028361192768754
0.00019699843085680934,0.08026302279940922
0.00019710960378618676,0.08024405942789359
0.0001972207767155642,0.08022681058864714
0.00019733194964494162,0.08021136505717644
0.00019744312257431908,0.08019781160898799
0.0001975542955036965,0.08018623901958835
0.00019766546843307393,0.08017673606448404
0.00019777664136245136,0.08016939151918161
0.0001978878142918288,0.08016429415918756
0.00019799898722120622,0.08016153276000844
0.00019811016015058364,0.08016119609715078
0.0001982213330799611,0.08016337294612112
0.00019833250600933853,0.08016815208242599
0.00019844367893871595,0.0801756222815719
0.00019855485186809338,0.08018587231906542
0.0001986660247974708,0.08019899097041305
0.00019877719772684824,0.08021506701112135
0.00019888837065622567,0.08023418921669684
0.00019899954358560312,0.08025644636264603
0.00019911071651498055,0.0802819272244755
0.00019922188944435798,0.08031072057769173
0.0001993330623737354,0.08034291519780129
0.00019944423530311283,0.08037859986031069
0.00019955540823249026,0.0804178633407265
0.0001996665811618677,0.0804607944145552
0.00019977775409124514,0.08050748185730335
0.00019988892702062257,0.08055801444447748
0.00020000009995,0.08061248095158413
