Time,Amplitude
0.0,0.0708209602847788
1.111729293774319e-07,0.07091816240189906
2.223458587548638e-07,0.071012643184073
3.3351878813229573e-07,0.07110443447747476
4.446917175097276e-07,0.07119356812827853
5.558646468871596e-07,0.07128007598265847
6.670375762645915e-07,0.07136398988678873
7.782105056420233e-07,0.0714453416868435
8.893834350194552e-07,0.07152416322899692
1.0005563643968871e-06,0.07160048635942319
1.1117292937743191e-06,0.07167434292429643
1.222902223151751e-06,0.07174576476979085
1.334075152529183e-06,0.0718147837420806
1.4452480819066147e-06,0.07188143168733982
1.5564210112840467e-06,0.07194574045174272
1.6675939406614785e-06,0.07200774188146343
1.7787668700389105e-06,0.07206746782267613
1.8899397994163425e-06,0.072124950121555
2.0011127287937743e-06,0.07218022062427416
2.112285658171206e-06,0.07223331117700783
2.2234585875486383e-06,0.07228425362593015
2.33463151692607e-06,0.07233307981721528
2.445804446303502e-06,0.0723798215970374
2.5569773756809336e-06,0.07242451081157066
2.668150305058366e-06,0.07246717930698925
2.7793232344357976e-06,0.0725078589294673
2.8904961638132294e-06,0.07254658152517901
3.0016690931906616e-06,0.07258337894029852
3.1128420225680934e-06,0.07261828302100001
3.224014951945525e-06,0.07265132561345765
3.335187881322957e-06,0.07268253856384559
3.446360810700389e-06,0.07271195371833801
3.557533740077821e-06,0.07273960292310906
3.6687066694552528e-06,0.07276551802433293
3.779879598832685e-06,0.07278973086818376
3.891052528210116e-06,0.07281227330083573
4.0022254575875485e-06,0.072833177168463
4.113398386964981e-06,0.07285247431723975
4.224571316342412e-06,0.07287019659334013
4.335744245719844e-06,0.07288637584293829
4.4469171750972765e-06,0.07290104391220843
4.558090104474708e-06,0.0729142326473247
4.66926303385214e-06,0.07292597389446126
4.780435963229572e-06,0.07293629949979229
4.891608892607004e-06,0.07294524130949195
5.002781821984436e-06,0.07295283116973439
5.113954751361867e-06,0.0729591009266938
5.2251276807392995e-06,0.07296408242654433
5.336300610116732e-06,0.07296780751546016
5.447473539494163e-06,0.07297030803961543
5.558646468871595e-06,0.0729716158451739
5.6698193982490274e-06,0.07293035626478274
5.780992327626459e-06,0.07287108081543915
5.892165257003891e-06,0.07288344601342661
6.003338186381323e-06,0.07279970411290443
6.114511115758755e-06,0.07278657446668106
6.225684045136187e-06,0.07271992400290223
6.336856974513619e-06,0.0726491185012334
6.44802990389105e-06,0.07252662522399815
6.559202833268483e-06,0.07250201442464164
6.670375762645914e-06,0.07246245700605088
6.781548692023346e-06,0.072520665920249
6.892721621400778e-06,0.07249530298783227
7.00389455077821e-06,0.07246849026582634
7.115067480155642e-06,0.07250360401031601
7.226240409533074e-06,0.0725694249106312
7.3374133389105055e-06,0.07261802451752514
7.448586268287938e-06,0.07268325614906365
7.55975919766537e-06,0.07271852145660207
7.670932127042801e-06,0.072704528383477
7.782105056420233e-06,0.07282399105033364
7.893277985797666e-06,0.07287463971265529
8.004450915175097e-06,0.0729194211479758
8.115623844552528e-06,0.0729684342115981
8.226796773929961e-06,0.07300515894280948
8.337969703307393e-06,0.07308715352891895
8.449142632684824e-06,0.07317609600959887
8.560315562062257e-06,0.07323622263768885
8.671488491439689e-06,0.07330929422768669
8.78266142081712e-06,0.07321632353222439
8.893834350194553e-06,0.0731770799236894
9.005007279571984e-06,0.0731997961426656
9.116180208949416e-06,0.073207829366051
9.227353138326849e-06,0.07313415702749834
9.33852606770428e-06,0.07317074385485604
9.449698997081712e-06,0.07315222911860987
9.560871926459145e-06,0.07313941828029218
9.672044855836576e-06,0.07307320730799878
9.783217785214007e-06,0.07307055769982625
9.89439071459144e-06,0.07305071745436377
1.0005563643968872e-05,0.07303311646427715
1.0116736573346303e-05,0.07294831457035024
1.0227909502723734e-05,0.07297656391386591
1.0339082432101168e-05,0.07292054274882068
1.0450255361478599e-05,0.07289346290031909
1.056142829085603e-05,0.07287255093376716
1.0672601220233463e-05,0.07285193327020316
1.0783774149610895e-05,0.07283286043830865
1.0894947078988326e-05,0.07287229329885607
1.1006120008365759e-05,0.0729115116122338
1.111729293774319e-05,0.07297932424245605
1.1228465867120622e-05,0.0729823212313715
1.1339638796498055e-05,0.07299336254856245
1.1450811725875486e-05,0.07301110226198618
1.1561984655252918e-05,0.0729868411420193
1.167315758463035e-05,0.07295937431490666
1.1784330514007782e-05,0.07297579278634655
1.1895503443385213e-05,0.0729537363339717
1.2006676372762646e-05,0.07294897720427473
1.2117849302140078e-05,0.07296771446352805
1.222902223151751e-05,0.07285985558714572
1.2340195160894942e-05,0.07285000806074998
1.2451368090272374e-05,0.07280315125948461
1.2562541019649805e-05,0.07281511044654808
1.2673713949027238e-05,0.07280805907327537
1.278488687840467e-05,0.07276161712860461
1.28960598077821e-05,0.07265861922989277
1.3007232737159532e-05,0.07267682718715508
1.3118405666536965e-05,0.07265468178315437
1.3229578595914397e-05,0.07259105960623474
1.3340751525291828e-05,0.07254602993816169
1.3451924454669261e-05,0.07251192114255078
1.3563097384046692e-05,0.07248093003450796
1.3674270313424124e-05,0.072480655491011
1.3785443242801557e-05,0.07249469545889553
1.3896616172178988e-05,0.07256988458964228
1.400778910155642e-05,0.07254155497827852
1.4118962030933853e-05,0.07251078375116775
1.4230134960311284e-05,0.07253626136918108
1.4341307889688715e-05,0.07255989443952547
1.4452480819066148e-05,0.07257316644447132
1.456365374844358e-05,0.07250884488469003
1.4674826677821011e-05,0.07252221312053787
1.4785999607198444e-05,0.07250253605794127
1.4897172536575875e-05,0.07246014446653475
1.5008345465953307e-05,0.0724037750390261
1.511951839533074e-05,0.07236452951023499
1.5230691324708171e-05,0.07234712835364866
1.5341864254085603e-05,0.07233789829547826
1.5453037183463034e-05,0.07231529338766779
1.5564210112840465e-05,0.07228401976373998
1.56753830422179e-05,0.07220615513801568
1.578655597159533e-05,0.072159430021181
1.5897728900972763e-05,0.07201666055057171
1.6008901830350194e-05,0.0720882332459716
1.6120074759727626e-05,0.07198254431146797
1.6231247689105057e-05,0.0719589183086614
1.634242061848249e-05,0.07186564226629884
1.6453593547859923e-05,0.07186912327777012
1.6564766477237354e-05,0.07179341987709097
1.6675939406614786e-05,0.07180908499475278
1.6787112335992217e-05,0.07179687254241854
1.689828526536965e-05,0.07178907583167128
1.7009458194747083e-05,0.07177522236904665
1.7120631124124515e-05,0.07174825251311559
1.7231804053501946e-05,0.07174360545627738
1.7342976982879377e-05,0.07173613548098957
1.745414991225681e-05,0.07179383153740265
1.756532284163424e-05,0.07185849559587167
1.767649577101167e-05,0.0719611466855435
1.7787668700389106e-05,0.07195012203252732
1.7898841629766537e-05,0.07207114676843929
1.801001455914397e-05,0.07206883144545255
1.81211874885214e-05,0.07214914321124093
1.823236041789883e-05,0.0721642711483065
1.8343533347276263e-05,0.07220405041418305
1.8454706276653698e-05,0.072174207138397
1.856587920603113e-05,0.0722136071350913
1.867705213540856e-05,0.07211643886017248
1.8788225064785992e-05,0.0721205230376807
1.8899397994163423e-05,0.07212976673590699
1.9010570923540854e-05,0.07205184676077274
1.912174385291829e-05,0.07204302852468251
1.923291678229572e-05,0.07199323860706325
1.9344089711673152e-05,0.07186498273722544
1.9455262641050583e-05,0.07191330651245936
1.9566435570428015e-05,0.07182911698922573
1.9677608499805446e-05,0.07177887887445049
1.978878142918288e-05,0.07170882205172179
1.9899954358560312e-05,0.07162553959738358
2.0011127287937744e-05,0.0716738841871577
2.0122300217315175e-05,0.0717243241952956
2.0233473146692606e-05,0.07171283149945842
2.0344646076070038e-05,0.0717267934457788
2.045581900544747e-05,0.07175495922650409
2.0566991934824904e-05,0.07174419626199999
2.0678164864202335e-05,0.07176888737625871
2.0789337793579766e-05,0.07184030637102852
2.0900510722957198e-05,0.07189307984081386
2.101168365233463e-05,0.07186745144073449
2.112285658171206e-05,0.07189496803405063
2.1234029511089495e-05,0.07196099991889444
2.1345202440466927e-05,0.07201983300147347
2.1456375369844358e-05,0.07206277296893157
2.156754829922179e-05,0.0721094986248756
2.167872122859922e-05,0.07216975455559647
2.1789894157976652e-05,0.07216281100157787
2.1901067087354087e-05,0.07215148264177888
2.2012240016731518e-05,0.07215177133593678
2.212341294610895e-05,0.0721519000447947
2.223458587548638e-05,0.07220284579340053
2.2345758804863812e-05,0.0720957285174469
2.2456931734241244e-05,0.07203819778054411
2.256810466361868e-05,0.0720064779970428
2.267927759299611e-05,0.07200412145080679
2.279045052237354e-05,0.07193770331139049
2.2901623451750973e-05,0.07190429365072416
2.3012796381128404e-05,0.0719367765665765
2.3123969310505835e-05,0.07194098653638595
2.3235142239883267e-05,0.07193515362704718
2.33463151692607e-05,0.07189136770202441
2.3457488098638133e-05,0.07186422478050496
2.3568661028015564e-05,0.07190300322346609
2.3679833957392995e-05,0.07186408869629793
2.3791006886770427e-05,0.07184811271362826
2.3902179816147858e-05,0.07176497126759435
2.4013352745525293e-05,0.07175981174617181
2.4124525674902724e-05,0.0718068116513544
2.4235698604280156e-05,0.07175210233266635
2.4346871533657587e-05,0.07180144753650354
2.445804446303502e-05,0.0718064399374243
2.456921739241245e-05,0.07185835851419985
2.4680390321789884e-05,0.07188043915814368
2.4791563251167316e-05,0.07190295752911846
2.4902736180544747e-05,0.07190040254458652
2.501390910992218e-05,0.07190448152565374
2.512508203929961e-05,0.07188498741699303
2.523625496867704e-05,0.07182859832339208
2.5347427898054476e-05,0.0717998492828994
2.5458600827431907e-05,0.07183646251070089
2.556977375680934e-05,0.0717704720759985
2.568094668618677e-05,0.07175363719397175
2.57921196155642e-05,0.07173244705834197
2.5903292544941633e-05,0.07170436504604952
2.6014465474319064e-05,0.07168186063287799
2.61256384036965e-05,0.07168837452690871
2.623681133307393e-05,0.07165625733902228
2.634798426245136e-05,0.07164257816857968
2.6459157191828793e-05,0.07161561621099793
2.6570330121206224e-05,0.07167728947190237
2.6681503050583656e-05,0.07159385868136238
2.679267597996109e-05,0.07159252551912114
2.6903848909338522e-05,0.07164314128639952
2.7015021838715953e-05,0.07174535103289888
2.7126194768093385e-05,0.07176640059329117
2.7237367697470816e-05,0.07173531701539099
2.7348540626848247e-05,0.07177385216712388
2.7459713556225682e-05,0.07179023360626803
2.7570886485603113e-05,0.07188636869391427
2.7682059414980545e-05,0.0718968832908299
2.7793232344357976e-05,0.07192331638832285
2.7904405273735408e-05,0.07194302248108578
2.801557820311284e-05,0.0720019840587086
2.8126751132490274e-05,0.07203137118456482
2.8237924061867705e-05,0.07206141974733772
2.8349096991245136e-05,0.07203804539064494
2.8460269920622568e-05,0.07205200762861948
2.857144285e-05,0.07206084610714861
2.868261577937743e-05,0.07196867859062253
2.8793788708754862e-05,0.07193795440516383
2.8904961638132297e-05,0.07191075650862566
2.9016134567509728e-05,0.07196762558843572
2.912730749688716e-05,0.07181779856943496
2.923848042626459e-05,0.0717032768660483
2.9349653355642022e-05,0.071657458310265
2.9460826285019453e-05,0.07160025677463056
2.9571999214396888e-05,0.07151609420479023
2.968317214377432e-05,0.07148192807684049
2.979434507315175e-05,0.07147236013575801
2.9905518002529182e-05,0.07150223434734286
3.0016690931906614e-05,0.0715128196118846
3.0127863861284045e-05,0.07149803696501258
3.023903679066148e-05,0.07148688767064214
3.035020972003891e-05,0.07142059934084086
3.0461382649416342e-05,0.07138664119298342
3.057255557879378e-05,0.07142228680632039
3.0683728508171205e-05,0.07139238364769727
3.079490143754864e-05,0.07147705204909983
3.090607436692607e-05,0.07148752378248752
3.10172472963035e-05,0.07154136132147544
3.112842022568093e-05,0.0716161103594281
3.1239593155058365e-05,0.07166611200713272
3.13507660844358e-05,0.07170066754252251
3.146193901381323e-05,0.07177773532498746
3.157311194319066e-05,0.07174899580469515
3.168428487256809e-05,0.07176822002573421
3.1795457801945526e-05,0.07178633036086507
3.1906630731322954e-05,0.07174424887108591
3.201780366070039e-05,0.07174782575878885
3.212897659007782e-05,0.07170099901629862
3.224014951945525e-05,0.07167302067803048
3.2351322448832686e-05,0.07166500273440216
3.2462495378210114e-05,0.07161384300787535
3.257366830758755e-05,0.07163845623612072
3.268484123696498e-05,0.0715295257145939
3.279601416634241e-05,0.07148309660552038
3.2907187095719846e-05,0.0713710045273644
3.3018360025097274e-05,0.0714105991622027
3.312953295447471e-05,0.07129559266214858
3.324070588385214e-05,0.07133329525554906
3.335187881322957e-05,0.07126778236201742
3.3463051742607006e-05,0.07126201851738681
3.3574224671984434e-05,0.07130506995868167
3.368539760136187e-05,0.07136813479957838
3.37965705307393e-05,0.07133373672940929
3.390774346011673e-05,0.07132388195685092
3.4018916389494166e-05,0.07138462809238189
3.4130089318871594e-05,0.07144740297216161
3.424126224824903e-05,0.07140051202523635
3.435243517762646e-05,0.07142647862079844
3.446360810700389e-05,0.07138624037607146
3.457478103638132e-05,0.07140359005102065
3.4685953965758755e-05,0.07140157808436529
3.479712689513619e-05,0.07136509616711909
3.490829982451362e-05,0.07142054302502032
3.501947275389105e-05,0.07137318432481139
3.513064568326848e-05,0.07136104020309834
3.5241818612645915e-05,0.07133491036119621
3.535299154202334e-05,0.07124070400060906
3.546416447140078e-05,0.07124637275311563
3.557533740077821e-05,0.0711861413103463
3.568651033015564e-05,0.0711498132744984
3.5797683259533075e-05,0.07110687703706263
3.59088561889105e-05,0.07105409874763462
3.602002911828794e-05,0.0710911275158446
3.613120204766537e-05,0.07096219141057204
3.62423749770428e-05,0.07098337465119503
3.6353547906420235e-05,0.07088662108320659
3.646472083579766e-05,0.07089882191593617
3.65758937651751e-05,0.07087978711986405
3.6687066694552526e-05,0.07087091121269552
3.679823962392996e-05,0.07081035026063706
3.6909412553307395e-05,0.07084075600120031
3.702058548268482e-05,0.07090981904137568
3.713175841206226e-05,0.0709497470019041
3.7242931341439686e-05,0.0709426338681057
3.735410427081712e-05,0.07095513075942554
3.746527720019455e-05,0.07099770307684171
3.7576450129571984e-05,0.07108194867796032
3.768762305894942e-05,0.07107877559662784
3.7798795988326846e-05,0.07106247364191713
3.790996891770428e-05,0.07107663609034197
3.802114184708171e-05,0.07108622486671846
3.8132314776459144e-05,0.0711038293401629
3.824348770583658e-05,0.0710409188935735
3.8354660635214006e-05,0.07105167977627594
3.846583356459144e-05,0.07101726568079274
3.857700649396887e-05,0.07110847395799615
3.8688179423346304e-05,0.07109203112547843
3.879935235272373e-05,0.07106907750645379
3.891052528210117e-05,0.07101334422566441
3.90216982114786e-05,0.07111331785417602
3.913287114085603e-05,0.0710678270081898
3.9244044070233464e-05,0.07100445566878046
3.935521699961089e-05,0.0709456824226791
3.946638992898833e-05,0.07096606836448562
3.957756285836576e-05,0.07091119700391635
3.968873578774319e-05,0.07093918944861462
3.9799908717120624e-05,0.07089323493377965
3.991108164649805e-05,0.07094900037730098
4.002225457587549e-05,0.07092174334155464
4.0133427505252915e-05,0.07089275279585547
4.024460043463035e-05,0.0708793012096251
4.0355773364007785e-05,0.07089361981639042
4.046694629338521e-05,0.07094981551319333
4.057811922276265e-05,0.07097576227233007
4.0689292152140075e-05,0.07098732537130953
4.080046508151751e-05,0.07101614764815084
4.091163801089494e-05,0.07097264390393242
4.102281094027237e-05,0.07093573939863389
4.113398386964981e-05,0.0709486727337285
4.1245156799027235e-05,0.07091195733028877
4.135632972840467e-05,0.07086134843581336
4.14675026577821e-05,0.07088259014198499
4.157867558715953e-05,0.07089070115441141
4.168984851653697e-05,0.07098375788913948
4.1801021445914396e-05,0.07096122647850638
4.191219437529183e-05,0.07094468861902356
4.202336730466926e-05,0.07090067542869621
4.213454023404669e-05,0.07085667757163237
4.224571316342412e-05,0.07084529100190734
4.2356886092801556e-05,0.07074604238056512
4.246805902217899e-05,0.070734673333395
4.257923195155642e-05,0.07063719035246543
4.269040488093385e-05,0.07055057239996428
4.280157781031128e-05,0.07050932550865427
4.2912750739688716e-05,0.07047936676432026
4.3023923669066144e-05,0.07036577818616589
4.313509659844358e-05,0.07040842879911313
4.3246269527821014e-05,0.07031875416242729
4.335744245719844e-05,0.07028168105559146
4.3468615386575876e-05,0.07029554110033319
4.3579788315953304e-05,0.07029221997478227
4.369096124533074e-05,0.07026017388839947
4.3802134174708174e-05,0.07023762368171763
4.39133071040856e-05,0.07026435086925542
4.4024480033463036e-05,0.0703539771764093
4.4135652962840464e-05,0.07041577347631885
4.42468258922179e-05,0.07037944842718076
4.435799882159533e-05,0.07043544197658617
4.446917175097276e-05,0.07041955725153193
4.45803446803502e-05,0.07047559716500805
4.4691517609727625e-05,0.07042990604903968
4.480269053910506e-05,0.07045581596909513
4.491386346848249e-05,0.07034191205975367
4.502503639785992e-05,0.07034734563120651
4.513620932723736e-05,0.0702726480581148
4.5247382256614785e-05,0.07030340249988626
4.535855518599222e-05,0.07023966192549942
4.546972811536965e-05,0.07017774302626932
4.558090104474708e-05,0.07008649514721056
4.569207397412451e-05,0.07012596416484522
4.5803246903501945e-05,0.07002150134665211
4.591441983287938e-05,0.07000942643147709
4.602559276225681e-05,0.06989562108948677
4.613676569163424e-05,0.0698093610121159
4.624793862101167e-05,0.06978683569758243
4.6359111550389105e-05,0.069810771046667
4.647028447976653e-05,0.06974703790193354
4.658145740914397e-05,0.06978421778010939
4.66926303385214e-05,0.06976943070046687
4.680380326789883e-05,0.0698521007897942
4.6914976197276265e-05,0.06986491421506494
4.7026149126653693e-05,0.06985856411275078
4.713732205603113e-05,0.06991314232120507
4.724849498540856e-05,0.06990759612058013
4.735966791478599e-05,0.07002386759174249
4.7470840844163426e-05,0.07002974972936879
4.7582013773540854e-05,0.07012487922173186
4.769318670291829e-05,0.07021167860926018
4.7804359632295716e-05,0.07024911405447108
4.791553256167315e-05,0.0702667032816028
4.8026705491050586e-05,0.07036295041193548
4.8137878420428014e-05,0.07030378054992009
4.824905134980545e-05,0.0702736530195423
4.8360224279182877e-05,0.07024069370538626
4.847139720856031e-05,0.07025800730728125
4.858257013793774e-05,0.07021827828245344
4.8693743067315174e-05,0.06288484581666416
4.880491599669261e-05,0.04951864417338616
4.891608892607004e-05,0.034072785633619845
4.902726185544747e-05,0.018655035481716355
4.91384347848249e-05,0.0046034502935860585
4.9249607714202334e-05,-0.007881183529886695
4.936078064357977e-05,-0.01857018212731565
4.94719535729572e-05,-0.027475066997951242
4.958312650233463e-05,-0.034624288759185766
4.969429943171206e-05,-0.040201013957738986
4.9805472361089494e-05,-0.04436487117395889
4.991664529046692e-05,-0.04718895190296844
5.002781821984436e-05,-0.04864808688283434
5.013899114922179e-05,-0.04876202384344599
5.025016407859922e-05,-0.04766960329397507
5.0361337007976655e-05,-0.04509379137244724
5.047250993735408e-05,-0.04099579536161096
5.058368286673152e-05,-0.03541933153861093
5.069485579610895e-05,-0.028132799456353098
5.080602872548638e-05,-0.01910452202928817
5.0917201654863815e-05,-0.00825919836072903
5.102837458424124e-05,0.004449645869567632
5.113954751361868e-05,0.018827609653295767
5.1250720442996105e-05,0.035039725536020486
5.136189337237354e-05,0.05290410338808599
5.1473066301750975e-05,0.07222048988841137
5.15842392311284e-05,0.09293944780378524
5.169541216050584e-05,0.11493157013707984
5.1806585089883266e-05,0.13799535302085994
5.19177580192607e-05,0.1620662626844702
5.202893094863813e-05,0.1869416166525046
5.214010387801556e-05,0.21265810797806295
5.2251276807393e-05,0.23899653739315105
5.2362449736770426e-05,0.2659847834551473
5.247362266614786e-05,0.29356804119644747
5.258479559552529e-05,0.32181521372603683
5.269596852490272e-05,0.3506395796432694
5.280714145428016e-05,0.3801701255440169
5.2918314383657586e-05,0.41034891572248977
5.302948731303502e-05,0.4413315505798685
5.314066024241245e-05,0.47290560467835463
5.3251833171789884e-05,0.5052794078337679
5.336300610116731e-05,0.538282753964921
5.3474179030544746e-05,0.5719561197877171
5.358535195992218e-05,0.606294096021779
5.369652488929961e-05,0.6410106652002879
5.3807697818677044e-05,0.676127320257866
5.391887074805447e-05,0.7116308677532369
5.4030043677431907e-05,0.7473934905130893
5.4141216606809334e-05,0.7832168205115732
5.425238953618677e-05,0.8191898411694895
5.4363562465564204e-05,0.8550280194187563
5.447473539494163e-05,0.8908190263688999
5.458590832431907e-05,0.9264748953144586
5.4697081253696495e-05,0.9619105790893526
5.480825418307393e-05,0.9971203150303698
5.4919427112451364e-05,1.032114009039188
5.503060004182879e-05,1.0667722305971126
5.514177297120623e-05,1.1011919998535766
5.5252945900583655e-05,1.1351764790775896
5.536411882996109e-05,1.1689691252392045
5.547529175933852e-05,1.2023868527562505
5.558646468871595e-05,1.235531310104687
5.569763761809339e-05,1.2682025969076376
5.5808810547470815e-05,1.3004729404690936
5.591998347684825e-05,1.3322131202812515
5.603115640622568e-05,1.3633773823509743
5.614232933560311e-05,1.394000330771961
5.625350226498055e-05,1.423850915349083
5.6364675194357975e-05,1.4529854832195492
5.647584812373541e-05,1.4812070768608174
5.658702105311284e-05,1.5085240101694541
5.669819398249027e-05,1.5349520155285834
5.68093669118677e-05,1.560302940500403
5.6920539841245135e-05,1.5846022626775766
5.703171277062257e-05,1.6078755074890108
5.71428857e-05,1.6299721730532335
5.725405862937743e-05,1.6508895857155832
5.736523155875486e-05,1.6706470925791792
5.7476404488132296e-05,1.6891672014270653
5.7587577417509724e-05,1.7063715184089812
5.769875034688716e-05,1.72235720937045
5.780992327626459e-05,1.7369450976271181
5.792109620564202e-05,1.750151859711463
5.8032269135019456e-05,1.761856528219792
5.8143442064396884e-05,1.7721499104863698
5.825461499377432e-05,1.7809528737706068
5.836578792315175e-05,1.7880824778033866
5.847696085252918e-05,1.7935489230025636
5.8588133781906616e-05,1.797319580656377
5.8699306711284044e-05,1.7993222944949852
5.881047964066148e-05,1.7995007544138824
5.892165257003891e-05,1.7977635090925583
5.903282549941634e-05,1.7942116552767775
5.9143998428793776e-05,1.7886412292630607
5.9255171358171204e-05,1.7810993781531148
5.936634428754864e-05,1.7714842074864345
5.947751721692607e-05,1.759779612881379
5.95886901463035e-05,1.7459814210822175
5.9699863075680936e-05,1.7300186029036775
5.9811036005058364e-05,1.7118280042249474
5.99222089344358e-05,1.6994301839913502
6.003338186381323e-05,1.692948899657155
6.014455479319066e-05,1.6896364217750275
6.025572772256809e-05,1.6876979627155664
6.0366900651945525e-05,1.6861460116145794
6.047807358132296e-05,1.6846882493924897
6.058924651070039e-05,1.6830993226126796
6.070041944007782e-05,1.6814007213558773
6.081159236945525e-05,1.6796256011026114
6.0922765298832685e-05,1.6778817746290373
6.103393822821011e-05,1.6762332011931593
6.114511115758755e-05,1.6749502232397555
6.125628408696498e-05,1.6739887201178087
6.136745701634241e-05,1.6734491553928106
6.147862994571984e-05,1.6733523031562054
6.158980287509728e-05,1.6737697823515938
6.170097580447471e-05,1.6745137893098283
6.181214873385214e-05,1.6755490622666196
6.192332166322958e-05,1.6767165666169899
6.2034494592607e-05,1.6780507550448307
6.214566752198443e-05,1.679164064067596
6.225684045136186e-05,1.680165885980151
6.23680133807393e-05,1.6809456560125955
6.247918631011673e-05,1.6814389831687813
6.259035923949416e-05,1.6815331844503902
6.27015321688716e-05,1.6814094559286288
6.281270509824903e-05,1.6810715002826457
6.292387802762646e-05,1.6803971639499293
6.303505095700388e-05,1.6795900006300613
6.314622388638133e-05,1.6788528478894584
6.325739681575875e-05,1.678085777000122
6.336856974513618e-05,1.6774281102169581
6.347974267451362e-05,1.6768587524208864
6.359091560389105e-05,1.6765985305236453
6.370208853326848e-05,1.676502325640839
6.381326146264591e-05,1.6766559151267728
6.392443439202335e-05,1.6770356228093644
6.403560732140078e-05,1.6775593078369726
6.41467802507782e-05,1.6781516567182295
6.425795318015565e-05,1.678805929635535
6.436912610953307e-05,1.6795735178616393
6.44802990389105e-05,1.6802165837253418
6.459147196828794e-05,1.6807744694590623
6.470264489766537e-05,1.681171697984528
6.48138178270428e-05,1.6814253975072733
6.492499075642023e-05,1.6814753137648302
6.503616368579767e-05,1.68153405952147
6.51473366151751e-05,1.6813107666979494
6.525850954455252e-05,1.6810710683123244
6.536968247392997e-05,1.6806848666803749
6.54808554033074e-05,1.6803332316205677
6.559202833268482e-05,1.679952950505212
6.570320126206225e-05,1.6796727973413328
6.581437419143969e-05,1.6793457708156456
6.592554712081712e-05,1.6792930939771593
6.603672005019455e-05,1.6792816414338412
6.614789297957199e-05,1.6793767209287795
6.625906590894942e-05,1.6796076512037652
6.637023883832685e-05,1.679923638389915
6.648141176770427e-05,1.6802710900549225
6.659258469708171e-05,1.6806337260703432
6.670375762645914e-05,1.6809719108141243
6.681493055583657e-05,1.6812723581858031
6.692610348521401e-05,1.6815326633368748
6.703727641459144e-05,1.6818090730656343
6.714844934396887e-05,1.6819897403310218
6.72596222733463e-05,1.6820361423886083
6.737079520272374e-05,1.6820178491853475
6.748196813210117e-05,1.6819436683596631
6.75931410614786e-05,1.6818854172004043
6.770431399085604e-05,1.681702009390294
6.781548692023346e-05,1.6816191778212752
6.792665984961089e-05,1.6814747691643932
6.803783277898833e-05,1.6814684649770126
6.814900570836576e-05,1.681434462639793
6.826017863774319e-05,1.6814637485201926
6.837135156712062e-05,1.68147006721623
6.848252449649806e-05,1.6816022501476766
6.859369742587549e-05,1.681665482046371
6.870487035525291e-05,1.6818253223166164
6.881604328463036e-05,1.681996308656725
6.892721621400778e-05,1.682195378974284
6.903838914338521e-05,1.682348756140052
6.914956207276264e-05,1.6824735252209821
6.926073500214008e-05,1.682582017927866
6.937190793151751e-05,1.6826798527043494
6.948308086089494e-05,1.6826755408249006
6.959425379027238e-05,1.682735911587923
6.97054267196498e-05,1.682742607606327
6.981659964902723e-05,1.6827255148704603
6.992777257840466e-05,1.682715652028362
7.00389455077821e-05,1.6827149966283372
7.015011843715953e-05,1.6826972282375172
7.026129136653696e-05,1.682664268197517
7.03724642959144e-05,1.6825512943131498
7.048363722529183e-05,1.68251778044049
7.059481015466926e-05,1.6826037636139444
7.070598308404669e-05,1.6826315009016841
7.081715601342413e-05,1.682699515835257
7.092832894280155e-05,1.6827639176611378
7.103950187217898e-05,1.6828609981113534
7.115067480155642e-05,1.6829670157825651
7.126184773093385e-05,1.6830721987527582
7.137302066031128e-05,1.6831305031826556
7.148419358968871e-05,1.6831686707061027
7.159536651906615e-05,1.6831324143190591
7.170653944844358e-05,1.6831454249645388
7.1817712377821e-05,1.683093174901456
7.192888530719845e-05,1.6830521418441005
7.204005823657588e-05,1.682955987659302
7.21512311659533e-05,1.6828714719728788
7.226240409533074e-05,1.6827735706444853
7.237357702470817e-05,1.6826443252134775
7.24847499540856e-05,1.6825170540435241
7.259592288346303e-05,1.6824828688827456
7.270709581284047e-05,1.682425508412038
7.28182687422179e-05,1.6823307970456447
7.292944167159533e-05,1.6822945546013435
7.304061460097277e-05,1.6823145988501391
7.31517875303502e-05,1.6823554553666729
7.326296045972762e-05,1.682316558930575
7.337413338910505e-05,1.6824147152214617
7.348530631848249e-05,1.6825038471472449
7.359647924785992e-05,1.6826274413587297
7.370765217723735e-05,1.682634752180193
7.381882510661479e-05,1.682750464771017
7.392999803599222e-05,1.682697013296925
7.404117096536965e-05,1.6826556996041675
7.415234389474707e-05,1.6826865022240471
7.426351682412452e-05,1.6827514597038764
7.437468975350194e-05,1.6826377814640725
7.448586268287937e-05,1.6825511636256423
7.459703561225681e-05,1.6824453049084858
7.470820854163424e-05,1.682472803626371
7.481938147101167e-05,1.6823758939151252
7.49305544003891e-05,1.6823831107574765
7.504172732976654e-05,1.682329851794035
7.515290025914397e-05,1.682289128120195
7.52640731885214e-05,1.6822398271181007
7.537524611789884e-05,1.6822697011244998
7.548641904727626e-05,1.6822726679206526
7.559759197665369e-05,1.6822777386544832
7.570876490603113e-05,1.6822282202442795
7.581993783540856e-05,1.682267812154508
7.593111076478599e-05,1.6822271924970096
7.604228369416342e-05,1.6821970345859831
7.615345662354086e-05,1.6821591315939126
7.626462955291829e-05,1.6821140637346168
7.637580248229572e-05,1.6821160473777923
7.648697541167316e-05,1.6820580563472922
7.659814834105058e-05,1.6820606856753635
7.670932127042801e-05,1.6820565759377588
7.682049419980544e-05,1.682069129276631
7.693166712918288e-05,1.6821067611914187
7.704284005856031e-05,1.6822115053459297
7.715401298793774e-05,1.6822444699424814
7.726518591731518e-05,1.6822855108115267
7.737635884669261e-05,1.6823624536536734
7.748753177607004e-05,1.6824144288222824
7.759870470544746e-05,1.6824062373231379
7.77098776348249e-05,1.682496407664965
7.782105056420233e-05,1.6824749427426615
7.793222349357976e-05,1.6825629862722131
7.80433964229572e-05,1.6826042975406648
7.815456935233463e-05,1.6826263783778412
7.826574228171206e-05,1.682543917622198
7.837691521108949e-05,1.682555415295509
7.848808814046693e-05,1.682556348515836
7.859926106984436e-05,1.6825624512532853
7.871043399922178e-05,1.682527383571425
7.882160692859923e-05,1.682529425313752
7.893277985797665e-05,1.6825246880266296
7.904395278735408e-05,1.6825570083042956
7.915512571673152e-05,1.6826211880350823
7.926629864610895e-05,1.6827254439821877
7.937747157548638e-05,1.6827632657521612
7.948864450486381e-05,1.682767575121623
7.959981743424125e-05,1.682851179093485
7.971099036361868e-05,1.6829478506294726
7.98221632929961e-05,1.6830180888451962
7.993333622237355e-05,1.6830542067807797
8.004450915175097e-05,1.6831289012818094
8.01556820811284e-05,1.6831896174418999
8.026685501050583e-05,1.6832214495855635
8.037802793988327e-05,1.683356292695114
8.04892008692607e-05,1.6834353712567924
8.060037379863813e-05,1.6835112918652408
8.071154672801557e-05,1.6836308743011452
8.0822719657393e-05,1.683626956171704
8.093389258677043e-05,1.6836898461840648
8.104506551614785e-05,1.6837000179873909
8.11562384455253e-05,1.6837626430741026
8.126741137490272e-05,1.6836750415883635
8.137858430428015e-05,1.6837692421059134
8.148975723365759e-05,1.6837830253628605
8.160093016303502e-05,1.6838806802899737
8.171210309241245e-05,1.6839056071582854
8.182327602178988e-05,1.683940347275133
8.193444895116732e-05,1.6840180709433956
8.204562188054475e-05,1.684069936227747
8.215679480992217e-05,1.6841384531041195
8.226796773929961e-05,1.6841982714388022
8.237914066867704e-05,1.6842205032841802
8.249031359805447e-05,1.6842893896919733
8.26014865274319e-05,1.6842627502263494
8.271265945680934e-05,1.6843194382392288
8.282383238618677e-05,1.6843778968872662
8.29350053155642e-05,1.6844227102598672
8.304617824494164e-05,1.6845194687550755
8.315735117431907e-05,1.684593967211664
8.32685241036965e-05,1.6846513252667903
8.337969703307394e-05,1.6847068045181932
8.349086996245136e-05,1.6847953837099656
8.360204289182879e-05,1.684941151501385
8.371321582120622e-05,1.6851029291326938
8.382438875058366e-05,1.6851662042270286
8.393556167996109e-05,1.68527525321745
8.404673460933852e-05,1.6854300959089565
8.415790753871596e-05,1.6855208134291413
8.426908046809339e-05,1.685599314211654
8.438025339747081e-05,1.68567586027635
8.449142632684824e-05,1.6857500257475355
8.460259925622568e-05,1.6857981735792689
8.471377218560311e-05,1.6858017116271018
8.482494511498054e-05,1.6858076728227172
8.493611804435798e-05,1.6858807093367403
8.504729097373541e-05,1.68590198213969
8.515846390311284e-05,1.6859930771752099
8.526963683249027e-05,1.6860479798148884
8.53808097618677e-05,1.686100795374411
8.549198269124513e-05,1.6861351795314878
8.560315562062256e-05,1.6861909589635182
8.571432855e-05,1.6863039744128274
8.582550147937743e-05,1.6863997896621052
8.593667440875486e-05,1.6864570317587535
8.604784733813229e-05,1.6865355665322341
8.615902026750973e-05,1.68662089168052
8.627019319688716e-05,1.6867304136415362
8.638136612626459e-05,1.6868675426608322
8.649253905564203e-05,1.687007348542182
8.660371198501945e-05,1.6870840658954973
8.671488491439688e-05,1.6871882901619093
8.682605784377432e-05,1.6873004410275352
8.693723077315175e-05,1.6874364911322903
8.704840370252918e-05,1.687485581025009
8.715957663190661e-05,1.6876084801779996
8.727074956128405e-05,1.6876792273576045
8.738192249066148e-05,1.6878278348513527
8.74930954200389e-05,1.687884335928479
8.760426834941635e-05,1.6879194964802056
8.771544127879378e-05,1.6879989484144606
8.78266142081712e-05,1.688097383128143
8.793778713754863e-05,1.6881169538455032
8.804896006692607e-05,1.6881880516498795
8.81601329963035e-05,1.6882212490397683
8.827130592568093e-05,1.688278416032887
8.838247885505837e-05,1.6882176765508008
8.84936517844358e-05,1.6882446535274516
8.860482471381323e-05,1.6882020677726925
8.871599764319065e-05,1.688211771428969
8.88271705725681e-05,1.688189599646444
8.893834350194552e-05,1.6881343721082813
8.904951643132295e-05,1.6881422952880119
8.91606893607004e-05,1.6882209823386467
8.927186229007782e-05,1.6882206943633216
8.938303521945525e-05,1.6882795028562698
8.949420814883268e-05,1.688362317795901
8.960538107821012e-05,1.6883916559176941
8.971655400758755e-05,1.6883947082335657
8.982772693696497e-05,1.6883925167843539
8.993889986634242e-05,1.6884364904039175
9.005007279571984e-05,1.6884980311589004
9.016124572509727e-05,1.6885771125706401
9.027241865447471e-05,1.688552337758999
9.038359158385214e-05,1.6885245819032177
9.049476451322957e-05,1.6884683873205986
9.0605937442607e-05,1.688405337473033
9.071711037198444e-05,1.6883554880700915
9.082828330136187e-05,1.6882871817419982
9.09394562307393e-05,1.6882218640434752
9.105062916011674e-05,1.6882523441051343
9.116180208949416e-05,1.6882920331850648
9.127297501887159e-05,1.6882749675599937
9.138414794824902e-05,1.6882159561132495
9.149532087762646e-05,1.6882194110433337
9.160649380700389e-05,1.688132918735006
9.171766673638132e-05,1.6881101452278904
9.182883966575876e-05,1.6880084586999817
9.194001259513619e-05,1.6878968949109885
9.205118552451362e-05,1.6878143681036837
9.216235845389104e-05,1.6878058467471548
9.227353138326848e-05,1.687700532316684
9.238470431264591e-05,1.6876276010825495
9.249587724202334e-05,1.687643682381329
9.260705017140078e-05,1.6876735961274123
9.271822310077821e-05,1.687621373263817
9.282939603015564e-05,1.6876237116768957
9.294056895953307e-05,1.6876186224602894
9.305174188891051e-05,1.6876574123625379
9.316291481828794e-05,1.6876761540397156
9.327408774766536e-05,1.687653598961589
9.33852606770428e-05,1.6876798018297583
9.349643360642023e-05,1.6877074022606837
9.360760653579766e-05,1.6876851786995906
9.37187794651751e-05,1.6876609708813641
9.382995239455253e-05,1.6877101828688565
9.394112532392996e-05,1.6876293328660377
9.405229825330739e-05,1.687605847093483
9.416347118268483e-05,1.687593633484409
9.427464411206226e-05,1.687557520586167
9.438581704143968e-05,1.6874702917621414
9.449698997081713e-05,1.6874039838715154
9.460816290019455e-05,1.6873054112149664
9.471933582957198e-05,1.6872549183537549
9.483050875894941e-05,1.6871308457992802
9.494168168832685e-05,1.687064043175281
9.505285461770428e-05,1.687038120119528
9.516402754708171e-05,1.687055063902732
9.527520047645915e-05,1.6869743656715468
9.538637340583658e-05,1.6868640975140539
9.5497546335214e-05,1.6868294428009294
9.560871926459143e-05,1.6867975353214912
9.571989219396887e-05,1.6868427353449484
9.58310651233463e-05,1.6868655198075746
9.594223805272373e-05,1.6868848431615426
9.605341098210117e-05,1.686973117042929
9.61645839114786e-05,1.6869276113193326
9.627575684085603e-05,1.6869866256927422
9.638692977023346e-05,1.6869798419784678
9.64981026996109e-05,1.6871173381598834
9.660927562898833e-05,1.687187029646776
9.672044855836575e-05,1.6872410298393354
9.68316214877432e-05,1.6872908673534985
9.694279441712062e-05,1.6873283904353569
9.705396734649805e-05,1.6873562175916499
9.716514027587548e-05,1.6874194741174313
9.727631320525292e-05,1.6875406752582307
9.738748613463035e-05,1.6875123586829588
9.749865906400778e-05,1.68759557217738
9.760983199338522e-05,1.6875929897268136
9.772100492276265e-05,1.6876223381919568
9.783217785214007e-05,1.6876100123085476
9.794335078151751e-05,1.6876333378047312
9.805452371089494e-05,1.6876003509023256
9.816569664027237e-05,1.6875862112618227
9.82768695696498e-05,1.6875386542157207
9.838804249902724e-05,1.6875604458213442
9.849921542840467e-05,1.6875834641868832
9.86103883577821e-05,1.687547252442797
9.872156128715954e-05,1.687544923375178
9.883273421653697e-05,1.6875864201768482
9.89439071459144e-05,1.6875188889196493
9.905508007529182e-05,1.6875907498711404
9.916625300466926e-05,1.687607794457719
9.927742593404669e-05,1.6876741975495306
9.938859886342412e-05,1.6876489738931864
9.949977179280156e-05,1.6877340661601614
9.961094472217899e-05,1.687792986761838
9.972211765155642e-05,1.6878543227655756
9.983329058093384e-05,1.6879165882512697
9.994446351031129e-05,1.687970418667572
0.00010005563643968871,1.6880114584714978
0.00010016680936906614,1.6880766988086684
0.00010027798229844358,1.6881706105435343
0.00010038915522782101,1.688167321726368
0.00010050032815719844,1.688209543899661
0.00010061150108657587,1.6882011748138088
0.00010072267401595331,1.6881827288168167
0.00010083384694533074,1.6881655244257765
0.00010094501987470817,1.68820467981374
0.0001010561928040856,1.6882334446043745
0.00010116736573346303,1.6883542304106676
0.00010127853866284046,1.6883757801446584
0.0001013897115922179,1.688378169068284
0.00010150088452159533,1.6883397685328059
0.00010161205745097276,1.688392070227117
0.00010172323038035019,1.6883742625271627
0.00010183440330972763,1.688390125022912
0.00010194557623910506,1.6884300483651598
0.00010205674916848249,1.6885384656910636
0.00010216792209785993,1.688577409017539
0.00010227909502723736,1.6886282479650876
0.00010239026795661478,1.6885731219350608
0.00010250144088599221,1.6886387374084253
0.00010261261381536965,1.6887041720185751
0.00010272378674474708,1.6887842478351447
0.00010283495967412451,1.6888445410825477
0.00010294613260350195,1.6888608900515365
0.00010305730553287938,1.6888855742945914
0.0001031684784622568,1.6889974796869682
0.00010327965139163423,1.6890806654125292
0.00010339082432101168,1.6891353541695386
0.0001035019972503891,1.689287149466274
0.00010361317017976653,1.6893646844546484
0.00010372434310914397,1.6894561898684268
0.0001038355160385214,1.6893992207810866
0.00010394668896789883,1.6894655154778697
0.00010405786189727626,1.689502203452683
0.0001041690348266537,1.6895693418890563
0.00010428020775603113,1.6895385400370801
0.00010439138068540855,1.6895614146073985
0.000104502553614786,1.689563002911091
0.00010461372654416342,1.6894805701633038
0.00010472489947354085,1.6893370550960576
0.0001048360724029183,1.6893124470101752
0.00010494724533229572,1.689242650116981
0.00010505841826167315,1.6892785785062845
0.00010516959119105058,1.6892552822645677
0.00010528076412042802,1.6892777233405616
0.00010539193704980545,1.6892509108758489
0.00010550310997918287,1.6892711588612148
0.00010561428290856032,1.6893370583262934
0.00010572545583793774,1.6893719447668418
0.00010583662876731517,1.6894343644282532
0.0001059478016966926,1.6894634132456232
0.00010605897462607004,1.689554506807091
0.00010617014755544747,1.6896447036835693
0.0001062813204848249,1.6896561058920696
0.00010639249341420234,1.6896771623747564
0.00010650366634357977,1.6897308297640248
0.0001066148392729572,1.6898288334470597
0.00010672601220233462,1.6898848747694506
0.00010683718513171206,1.689901194559703
0.00010694835806108949,1.6898963525706545
0.00010705953099046692,1.6899253963314207
0.00010717070391984436,1.6899475709128038
0.00010728187684922179,1.6899352337219216
0.00010739304977859922,1.6900296067891034
0.00010750422270797665,1.6899603302648376
0.00010761539563735409,1.6900966211853106
0.00010772656856673152,1.6900163773942782
0.00010783774149610894,1.6900369794476695
0.00010794891442548639,1.6899959353256804
0.00010806008735486381,1.6899621450451285
0.00010817126028424124,1.6899239623940945
0.00010828243321361867,1.6899099491407845
0.00010839360614299611,1.6898620496725947
0.00010850477907237354,1.6898092294106617
0.00010861595200175097,1.6898632752541305
0.00010872712493112841,1.6898015292354986
0.00010883829786050584,1.689798350052449
0.00010894947078988326,1.6898301993520402
0.0001090606437192607,1.6898607299589827
0.00010917181664863813,1.6898995666214467
0.00010928298957801556,1.6898837474609865
0.00010939416250739299,1.6899716772480877
0.00010950533543677043,1.6900679109476537
0.00010961650836614786,1.6901193044434282
0.00010972768129552529,1.69007063683025
0.00010983885422490273,1.6900814734700533
0.00010995002715428016,1.6901436731250281
0.00011006120008365758,1.6902154970457193
0.00011017237301303501,1.6902800339922794
0.00011028354594241245,1.6902816760869677
0.00011039471887178988,1.6903438636829378
0.00011050589180116731,1.6903407423158647
0.00011061706473054475,1.6903716771447008
0.00011072823765992218,1.6903228789609765
0.00011083941058929961,1.6902987058164751
0.00011095058351867704,1.6901738509433315
0.00011106175644805448,1.6901885345543923
0.0001111729293774319,1.6901675980935016
0.00011128410230680933,1.6902368412576592
0.00011139527523618677,1.6902229893623752
0.0001115064481655642,1.6901857314011137
0.00011161762109494163,1.6901033815986701
0.00011172879402431906,1.6900612033535196
0.0001118399669536965,1.6901017078826852
0.00011195113988307393,1.6901090072623326
0.00011206231281245136,1.690080213062393
0.0001121734857418288,1.6900857417514492
0.00011228465867120623,1.6901049630989406
0.00011239583160058365,1.6900995396617828
0.0001125070045299611,1.690013778402641
0.00011261817745933852,1.6900017155383038
0.00011272935038871595,1.6900669545054188
0.00011284052331809338,1.6900114034227423
0.00011295169624747082,1.6899967058367207
0.00011306286917684825,1.6900490074000436
0.00011317404210622568,1.6901378371703828
0.00011328521503560312,1.6900845627667516
0.00011339638796498055,1.6901179313777925
0.00011350756089435797,1.6901740725809555
0.0001136187338237354,1.6902191308510066
0.00011372990675311284,1.6901331218385085
0.00011384107968249027,1.6901364252895053
0.0001139522526118677,1.6900695757022852
0.00011406342554124514,1.6900136859230361
0.00011417459847062257,1.6899808182461011
0.0001142857714,1.6899697713030888
0.00011439694432937742,1.6898780503814568
0.00011450811725875487,1.6898856873017134
0.0001146192901881323,1.6897596633337213
0.00011473046311750972,1.6897048287081469
0.00011484163604688716,1.6896428253209121
0.00011495280897626459,1.6896098721708375
0.00011506398190564202,1.6895408537870915
0.00011517515483501945,1.6895316061575272
0.00011528632776439689,1.689459699570267
0.00011539750069377432,1.689461499221561
0.00011550867362315174,1.6894610278427988
0.00011561984655252919,1.6894125001968432
0.00011573101948190661,1.6893625926653748
0.00011584219241128404,1.6893912029973805
0.00011595336534066148,1.6894853964554664
0.00011606453827003891,1.6895709699021852
0.00011617571119941634,1.689623187457905
0.00011628688412879377,1.68956545176999
0.00011639805705817121,1.6896637929567653
0.00011650922998754864,1.6896760891029374
0.00011662040291692607,1.6897017229213678
0.0001167315758463035,1.6897269423130938
0.00011684274877568093,1.6897307222507918
0.00011695392170505836,1.689791689143801
0.00011706509463443579,1.6897923636453884
0.00011717626756381323,1.689806394572938
0.00011728744049319066,1.6897927483643949
0.00011739861342256809,1.6897447604832312
0.00011750978635194553,1.6897681347254159
0.00011762095928132296,1.6896844467348553
0.00011773213221070039,1.6896783578626522
0.00011784330514007781,1.6896161598278372
0.00011795447806945526,1.6896209051909743
0.00011806565099883268,1.6896159372383044
0.00011817682392821011,1.6895987881898697
0.00011828799685758755,1.689552895137475
0.00011839916978696498,1.6895840738676322
0.00011851034271634241,1.6895677586278415
0.00011862151564571984,1.6895303379479116
0.00011873268857509728,1.6895600811776348
0.0001188438615044747,1.6895220157360022
0.00011895503443385213,1.689563856929836
0.00011906620736322958,1.6895261787772187
0.000119177380292607,1.689552482743616
0.00011928855322198443,1.689578181447808
0.00011939972615136187,1.689616086499376
0.0001195108990807393,1.6896405528246192
0.00011962207201011673,1.6897597890551745
0.00011973324493949416,1.6897687372985668
0.0001198444178688716,1.6898183321959883
0.00011995559079824903,1.6898668250450195
0.00012006676372762645,1.6899153373189473
0.0001201779366570039,1.6899018927053793
0.00012028910958638132,1.689938408942196
0.00012040028251575875,1.6899350541865972
0.00012051145544513618,1.6900150162936878
0.00012062262837451362,1.6899526158485287
0.00012073380130389105,1.6899543520258447
0.00012084497423326848,1.6898761429458975
0.00012095614716264592,1.6899221623153646
0.00012106732009202335,1.6899416488048922
0.00012117849302140077,1.6899640785109833
0.0001212896659507782,1.6899126621087905
0.00012140083888015564,1.689969284625383
0.00012151201180953307,1.6899162964349195
0.0001216231847389105,1.68988945623497
0.00012173435766828794,1.6897967374665424
0.00012184553059766537,1.689894976574961
0.0001219567035270428,1.6898774510803665
0.00012206787645642023,1.6898682943469923
0.00012217904938579765,1.6899077456165965
0.0001222902223151751,1.689925137121761
0.00012240139524455254,1.6898821480292356
0.00012251256817392996,1.6898162047210685
0.0001226237411033074,1.6898054005159522
0.00012273491403268482,1.6898297561179692
0.00012284608696206225,1.6898456718542065
0.00012295725989143968,1.6899548125445594
0.00012306843282081713,1.6899529138076372
0.00012317960575019456,1.6900038718569619
0.000123290778679572,1.690121115405506
0.00012340195160894942,1.6901249749897171
0.00012351312453832684,1.690121846121232
0.00012362429746770427,1.6900564120742507
0.0001237354703970817,1.6901204117151585
0.00012384664332645915,1.690070922118882
0.00012395781625583658,1.6900689135682836
0.000124068989185214,1.6900401866222354
0.00012418016211459144,1.6900866657485782
0.00012429133504396887,1.6900030082884436
0.0001244025079733463,1.6898893651307214
0.00012451368090272372,1.6898360654244333
0.00012462485383210118,1.689818310900666
0.0001247360267614786,1.6896732177085576
0.00012484719969085603,1.6896504827988281
0.00012495837262023346,1.6896380400469921
0.0001250695455496109,1.689600358825737
0.00012518071847898832,1.6895837056455405
0.00012529189140836575,1.6895695434879416
0.0001254030643377432,1.6895324030754426
0.00012551423726712063,1.6895180540808419
0.00012562541019649806,1.6895411848809487
0.00012573658312587548,1.6896310922944973
0.0001258477560552529,1.6897064409164348
0.00012595892898463034,1.6897941774352263
0.00012607010191400777,1.689798082619732
0.00012618127484338522,1.6898886054505107
0.00012629244777276265,1.690014009742706
0.00012640362070214008,1.6900279014453752
0.0001265147936315175,1.6900913504792638
0.00012662596656089494,1.6901524643552506
0.00012673713949027236,1.6902242550042474
0.0001268483124196498,1.6903048998791943
0.00012695948534902725,1.6903549112695073
0.00012707065827840467,1.6903492013410466
0.0001271818312077821,1.6903689126660686
0.00012729300413715953,1.6902546852035525
0.00012740417706653696,1.6902531085500652
0.00012751534999591439,1.6902599635291393
0.00012762652292529181,1.6902007861973032
0.00012773769585466927,1.6901567985101116
0.0001278488687840467,1.6901787943622792
0.00012796004171342413,1.6900860890717315
0.00012807121464280155,1.6900550155282767
0.00012818238757217898,1.6899763245624249
0.0001282935605015564,1.6900025851636455
0.00012840473343093384,1.6899239885852386
0.0001285159063603113,1.6899558674449378
0.00012862707928968872,1.6899845556285549
0.00012873825221906615,1.689977707206578
0.00012884942514844358,1.689982923565781
0.000128960598077821,1.689979040451846
0.00012907177100719843,1.690004216264801
0.0001291829439365759,1.6900400377412843
0.00012929411686595332,1.690058591131062
0.00012940528979533074,1.6901373002420952
0.00012951646272470817,1.6901350805725581
0.0001296276356540856,1.6901914354202408
0.00012973880858346303,1.6902082751000658
0.00012984998151284045,1.690214435390318
0.0001299611544422179,1.6902518408502558
0.00013007232737159534,1.6902273767021088
0.00013018350030097277,1.6902063265045406
0.0001302946732303502,1.6901667118023627
0.00013040584615972762,1.6901691000243733
0.00013051701908910505,1.6901813436837887
0.00013062819201848248,1.6902080700378228
0.00013073936494785993,1.6902108524970092
0.00013085053787723736,1.6902315458306802
0.0001309617108066148,1.6902155945121753
0.00013107288373599222,1.6902501493138782
0.00013118405666536964,1.690205635989126
0.00013129522959474707,1.6902223891330972
0.0001314064025241245,1.690173502061555
0.00013151757545350196,1.6901868990595894
0.00013162874838287938,1.6901707069349088
0.0001317399213122568,1.690150884554492
0.00013185109424163424,1.6901611162083865
0.00013196226717101167,1.6901718074020229
0.0001320734401003891,1.6901594111494314
0.00013218461302976652,1.6902777658422408
0.00013229578595914398,1.6902732112592167
0.0001324069588885214,1.6902610909993276
0.00013251813181789883,1.6903362641108366
0.00013262930474727626,1.6903052673731505
0.0001327404776766537,1.6903112180119204
0.00013285165060603112,1.6903414995180939
0.00013296282353540855,1.690389557061534
0.000133073996464786,1.6903035901964352
0.00013318516939416343,1.690216308532708
0.00013329634232354086,1.690194333473559
0.00013340751525291829,1.6902713956184658
0.00013351868818229571,1.6902759558463796
0.00013362986111167314,1.6902744621690193
0.00013374103404105057,1.6902797866485364
0.00013385220697042802,1.6903428155197961
0.00013396337989980545,1.6903303437168264
0.00013407455282918288,1.6904183680359346
0.0001341857257585603,1.690309192280841
0.00013429689868793774,1.6902580046902462
0.00013440807161731516,1.6901691303786266
0.0001345192445466926,1.6900806026569257
0.00013463041747607005,1.6900246381386983
0.00013474159040544748,1.6899795545313532
0.0001348527633348249,1.6900230381310088
0.00013496393626420233,1.689998403031856
0.00013507510919357976,1.6899985284776669
0.0001351862821229572,1.6899453353900722
0.00013529745505233462,1.6899804372686025
0.00013540862798171207,1.6899891554263469
0.0001355198009110895,1.6900708925192318
0.00013563097384046693,1.6901776433997744
0.00013574214676984435,1.6902303517108723
0.00013585331969922178,1.6902672017003082
0.0001359644926285992,1.6903182065839872
0.00013607566555797667,1.6903656807335408
0.0001361868384873541,1.6904435225239842
0.00013629801141673152,1.6904401309908579
0.00013640918434610895,1.6904583528129082
0.00013652035727548638,1.6905345074321292
0.0001366315302048638,1.6906210914546003
0.00013674270313424123,1.6907344659236696
0.0001368538760636187,1.6907668814854289
0.00013696504899299612,1.690670391236421
0.00013707622192237354,1.6907194809805208
0.00013718739485175097,1.6906659930364532
0.0001372985677811284,1.6907570319445417
0.00013740974071050583,1.6906531615774405
0.00013752091363988326,1.6905877448724176
0.0001376320865692607,1.6905395610333207
0.00013774325949863814,1.6905975771740809
0.00013785443242801557,1.6904682226430099
0.000137965605357393,1.6904201579417117
0.00013807677828677042,1.6902882346378973
0.00013818795121614785,1.690322101114825
0.00013829912414552528,1.6903173275111592
0.00013841029707490273,1.690288433061869
0.00013852147000428016,1.6903420265105948
0.0001386326429336576,1.6903071299392407
0.00013874381586303502,1.690353478558439
0.00013885498879241245,1.690440786657484
0.00013896616172178987,1.690487075132708
0.0001390773346511673,1.69049687716577
0.00013918850758054476,1.6906081032988798
0.00013929968050992219,1.6906217829509667
0.0001394108534392996,1.6906720045366057
0.00013952202636867704,1.6907249458005866
0.00013963319929805447,1.6908359687951562
0.0001397443722274319,1.6908855066057529
0.00013985554515680933,1.690859827581284
0.00013996671808618678,1.6909122462180932
0.0001400778910155642,1.6909763290391653
0.00014018906394494164,1.6909590620736514
0.00014030023687431906,1.6909936072414287
0.0001404114098036965,1.6910097057395483
0.00014052258273307392,1.6910486677126881
0.00014063375566245135,1.6909641134185982
0.0001407449285918288,1.691013855795407
0.00014085610152120623,1.6909739604170093
0.00014096727445058366,1.6909405117640386
0.0001410784473799611,1.6909121989195448
0.00014118962030933851,1.6908884968296343
0.00014130079323871594,1.6908626468611385
0.00014141196616809337,1.6908585734140564
0.00014152313909747083,1.6908344401605393
0.00014163431202684825,1.6908035553229763
0.00014174548495622568,1.6907548237823513
0.0001418566578856031,1.6908010836861107
0.00014196783081498054,1.6908296545200239
0.00014207900374435797,1.6907978313339165
0.0001421901766737354,1.690831108195224
0.00014230134960311285,1.690812732258131
0.00014241252253249028,1.6908447938786628
0.0001425236954618677,1.6908533335009426
0.00014263486839124513,1.690940546600291
0.00014274604132062256,1.6910165144853537
0.00014285721425,1.6910526977858387
0.00014296838717937742,1.691109309837207
0.00014307956010875487,1.691166835142057
0.0001431907330381323,1.6911650339913682
0.00014330190596750973,1.6912546794535372
0.00014341307889688716,1.6911770463994782
0.00014352425182626458,1.6912606391471865
0.000143635424755642,1.691239722715516
0.00014374659768501947,1.6911938745242194
0.0001438577706143969,1.6912112131326476
0.00014396894354377432,1.6911339134083772
0.00014408011647315175,1.6910476329865078
0.00014419128940252918,1.6910672547079773
0.0001443024623319066,1.6909873745375947
0.00014441363526128403,1.6910156982753484
0.0001445248081906615,1.691004341777508
0.00014463598112003892,1.6909970663307456
0.00014474715404941635,1.6908410950053694
0.00014485832697879377,1.6908230146973162
0.0001449694999081712,1.690861944550808
0.00014508067283754863,1.6908565170266612
0.00014519184576692606,1.6908662839000137
0.0001453030186963035,1.6908370111082107
0.00014541419162568094,1.6909063101339004
0.00014552536455505837,1.6909870509248701
0.0001456365374844358,1.6910316986682612
0.00014574771041381322,1.6910420734566036
0.00014585888334319065,1.6911712551616462
0.00014597005627256808,1.6912381453328313
0.00014608122920194554,1.691191902028409
0.00014619240213132296,1.6911672673989349
0.0001463035750607004,1.6911996487848673
0.00014641474799007782,1.6912316795406763
0.00014652592091945525,1.6913728061082753
0.00014663709384883268,1.6912897285869652
0.0001467482667782101,1.691264450983331
0.00014685943970758756,1.6912038690272813
0.00014697061263696499,1.6912181358592793
0.00014708178556634241,1.6911536167449506
0.00014719295849571984,1.691183541065687
0.00014730413142509727,1.6911266353857795
0.0001474153043544747,1.6911021063779672
0.00014752647728385213,1.6910637013940324
0.00014763765021322958,1.6910943158137475
0.000147748823142607,1.691066411679401
0.00014785999607198444,1.6910082707280272
0.00014797116900136187,1.6909187136060928
0.0001480823419307393,1.6909283063367426
0.00014819351486011672,1.690987125930174
0.00014830468778949415,1.6909752395632858
0.0001484158607188716,1.6910050275887567
0.00014852703364824903,1.6910076581586688
0.00014863820657762646,1.6910722963690903
0.0001487493795070039,1.6911195921445903
0.00014886055243638132,1.6911280299005549
0.00014897172536575874,1.691138638712495
0.00014908289829513617,1.6912488427760324
0.00014919407122451363,1.6912613545876867
0.00014930524415389106,1.6913918121542242
0.00014941641708326848,1.6916098564866409
0.0001495275900126459,1.6921786525695175
0.00014963876294202334,1.693967429160948
0.00014974993587140077,1.6995161006650763
0.0001498611088007782,1.710881207514254
0.00014997228173015565,1.7253889541172294
0.00015008345465953308,1.7404476321208049
0.0001501946275889105,1.7546592447358322
0.00015030580051828793,1.7673954893933854
0.00015041697344766536,1.7783422852089352
0.0001505281463770428,1.7875834744662062
0.00015063931930642025,1.7950053060896978
0.00015075049223579767,1.8008379132529746
0.0001508616651651751,1.8052118543445426
0.00015097283809455253,1.8082207374033932
0.00015108401102392996,1.8099002200028511
0.00015119518395330738,1.8102312825694573
0.0001513063568826848,1.8092676294997618
0.00015141752981206227,1.8067923665661418
0.0001515287027414397,1.8028875469625274
0.00015163987567081712,1.797365325586775
0.00015175104860019455,1.7901406853126172
0.00015186222152957198,1.7813423959014751
0.0001519733944589494,1.7707207067953705
0.00015208456738832684,1.7583197797803483
0.0001521957403177043,1.7442031037721908
0.00015230691324708172,1.728360549671859
0.00015241808617645915,1.710860586998396
0.00015252925910583657,1.6918591896787885
0.000152640432035214,1.6713550663748753
0.00015275160496459143,1.6496755903449685
0.00015286277789396886,1.6268029042280407
0.00015297395082334631,1.6029465361330568
0.00015308512375272374,1.5780897004705146
0.00015319629668210117,1.5525017749938903
0.0001533074696114786,1.5261994389878688
0.00015341864254085603,1.4992542601324146
0.00015352981547023345,1.4716208256887524
0.00015364098839961088,1.4434776499780915
0.00015375216132898834,1.4146910994547794
0.00015386333425836576,1.385294333117805
0.0001539745071877432,1.3550840978724423
0.00015408568011712062,1.3242717851574517
0.00015419685304649805,1.2927064860376736
0.00015430802597587548,1.2604880924407567
0.0001544191989052529,1.2276399332490913
0.00015453037183463036,1.1941400620698859
0.0001546415447640078,1.1601005178592267
0.00015475271769338522,1.1254931071662224
0.00015486389062276264,1.0905215517920765
0.00015497506355214007,1.0551841315683324
0.0001550862364815175,1.0195552027642267
0.00015519740941089493,0.9839397104172274
0.00015530858234027238,0.9482539050383496
0.0001554197552696498,0.9125056632480589
0.00015553092819902724,0.8769686652756236
0.00015564210112840467,0.8415298705856175
0.0001557532740577821,0.8063428169384996
0.00015586444698715952,0.771290301065563
0.00015597561991653695,0.7365958249773419
0.0001560867928459144,0.7021059018988577
0.00015619796577529183,0.667858350881494
0.00015630913870466926,0.6338821583341644
0.0001564203116340467,0.6002327828316629
0.00015653148456342412,0.5668557739268348
0.00015664265749280155,0.5338890469260711
0.00015675383042217897,0.5012644539208883
0.00015686500335155643,0.46914294876796675
0.00015697617628093386,0.43752325916249823
0.00015708734921031128,0.4063744752024006
0.0001571985221396887,0.3758924096101407
0.00015730969506906614,0.34613714926444195
0.00015742086799844357,0.3170996147755562
0.000157532040927821,0.288924573712928
0.00015764321385719845,0.2616835005989624
0.00015775438678657588,0.23524597783970316
0.0001578655597159533,0.20999284000204038
0.00015797673264533074,0.1857485361337256
0.00015808790557470816,0.16258930933083507
0.0001581990785040856,0.14060153098508768
0.00015831025143346305,0.11978103364742912
0.00015842142436284047,0.10019872648658165
0.0001585325972922179,0.08179637681766963
0.00015864377022159533,0.06465072604305479
0.00015875494315097276,0.04889346210590993
0.00015886611608035019,0.03437553022635483
0.00015897728900972761,0.02126691713665667
0.00015908846193910507,0.009605400200387762
0.0001591996348684825,-0.0005463220275662367
0.00015931080779785993,-0.009227645274989073
0.00015942198072723735,-0.016354140462621732
0.00015953315365661478,-0.021868051430583284
0.0001596443265859922,-0.025686554753698083
0.00015975549951536964,-0.02783658730548175
0.0001598666724447471,-0.028127314161258795
0.00015997784537412452,-0.026571340002648366
0.00016008901830350195,-0.023076958410608393
0.00016020019123287938,-0.01769246081089614
0.0001603113641622568,-0.01031254606824654
0.00016042253709163423,-0.0009096685745087112
0.00016053371002101166,0.010632663569096604
0.00016064488295038912,0.02404301194842168
0.00016075605587976654,0.039174905446178014
0.00016086722880914397,0.05507771880894835
0.0001609784017385214,0.06871969330381988
0.00016108957466789883,0.07694354648220078
0.00016120074759727626,0.08134349350978512
0.00016131192052665368,0.08385521942203804
0.00016142309345603114,0.08566373738185207
0.00016153426638540857,0.08724630085592933
0.000161645439314786,0.08887616697640148
0.00016175661224416342,0.09058491312265322
0.00016186778517354085,0.09243854082366898
0.00016197895810291828,0.09423821779233085
0.0001620901310322957,0.09592028480183461
0.00016220130396167316,0.09720185466661559
0.0001623124768910506,0.09825719794759506
0.00016242364982042802,0.09878975526078122
0.00016253482274980544,0.09890455005029496
0.00016264599567918287,0.09868657090210693
0.0001627571686085603,0.09801407718844313
0.00016286834153793773,0.0970818352205282
0.00016297951446731518,0.09600358250106891
0.0001630906873966926,0.09478478140581154
0.00016320186032607004,0.09362519526095693
0.00016331303325544747,0.09256731880255785
0.0001634242061848249,0.09168223584780434
0.00016353537911420232,0.09111871295698487
0.00016364655204357975,0.09072553261094465
0.0001637577249729572,0.09070841860268307
0.00016386889790233463,0.09094621979689037
0.00016398007083171206,0.09138891271276073
0.0001640912437610895,0.09200564058325382
0.00016420241669046692,0.09272097668922714
0.00016431358961984435,0.09338790569601993
0.00016442476254922177,0.09408391572725948
0.00016453593547859923,0.09458895202012904
0.00016464710840797666,0.09493238719467942
0.00016475828133735409,0.09511377457695286
0.00016486945426673151,0.09500451175629032
0.00016498062719610894,0.0946791782576201
0.00016509180012548637,0.09408362397942013
0.0001652029730548638,0.09355252852432196
0.00016531414598424125,0.09285975278707134
0.00016542531891361868,0.0922070497103119
0.0001655364918429961,0.0916116262791896
0.00016564766477237354,0.09108726184478015
0.00016575883770175096,0.09066746074439627
0.0001658700106311284,0.09033611470916389
0.00016598118356050585,0.09020953568406641
0.00016609235648988328,0.09019219647005196
0.0001662035294192607,0.09033026710340708
0.00016631470234863813,0.09058855910281577
0.00016642587527801556,0.09092079755932936
0.000166537048207393,0.09118946121145474
0.00016664822113677042,0.09141537163771664
0.00016675939406614787,0.09162048311984712
0.0001668705669955253,0.09173179679557082
0.00016698173992490273,0.09173316759132781
0.00016709291285428015,0.09160999256119781
0.00016720408578365758,0.09146258095629925
0.000167315258713035,0.09124044274668724
0.00016742643164241244,0.09090041235727123
0.0001675376045717899,0.09054308360101174
0.00016764877750116732,0.09020991725620753
0.00016775995043054475,0.08985892931839451
0.00016787112335992218,0.08952974800698688
0.0001679822962892996,0.08924155513749142
0.00016809346921867703,0.08898725798849043
0.00016820464214805446,0.08880677700199183
0.00016831581507743192,0.08874899061316621
0.00016842698800680934,0.08872133338876435
0.00016853816093618677,0.08881029601358632
0.0001686493338655642,0.08897760774273705
0.00016876050679494163,0.08912030083181308
0.00016887167972431906,0.08922787040944648
0.00016898285265369648,0.08940468376150214
0.00016909402558307394,0.0894917175150003
0.00016920519851245137,0.08956404140167236
0.0001693163714418288,0.08957865796734864
0.00016942754437120622,0.08951199224789251
0.00016953871730058365,0.089360950641062
0.00016964989022996108,0.08914807789177522
0.0001697610631593385,0.0889645586953163
0.00016987223608871596,0.08877174574522766
0.0001699834090180934,0.08847498136686072
0.00017009458194747082,0.08826273809901686
0.00017020575487684825,0.08807156721180458
0.00017031692780622567,0.08790094890479569
0.0001704281007356031,0.08776084301863903
0.00017053927366498053,0.08760670462109127
0.00017065044659435799,0.08758201090221912
0.0001707616195237354,0.08748638569930904
0.00017087279245311284,0.08743059944639733
0.00017098396538249027,0.08745384500158632
0.0001710951383118677,0.08739949082839668
0.00017120631124124513,0.08739288000336849
0.00017131748417062255,0.08743360675474927
0.0001714286571,0.08741487441043108
0.00017153983002937744,0.08741438779291398
0.00017165100295875486,0.0874349600868871
0.0001717621758881323,0.08738392123368986
0.00017187334881750972,0.08729788155665215
0.00017198452174688715,0.08734280531555627
0.00017209569467626458,0.08726790037818358
0.00017220686760564203,0.08717058401492535
0.00017231804053501946,0.08712319004716568
0.0001724292134643969,0.08703561490468271
0.00017254038639377432,0.08691746096021255
0.00017265155932315174,0.0869024403871811
0.00017276273225252917,0.08683718029665866
0.00017287390518190663,0.0868273213637987
0.00017298507811128405,0.08680640398144435
0.00017309625104066148,0.08683719291553599
0.0001732074239700389,0.08683559620735298
0.00017331859689941634,0.0867550428566484
0.00017342976982879377,0.08676651363234403
0.0001735409427581712,0.08670666841816216
0.00017365211568754865,0.08660453844294443
0.00017376328861692608,0.08650984972681532
0.0001738744615463035,0.08647636128261485
0.00017398563447568093,0.08642273901567361
0.00017409680740505836,0.08639985578751984
0.0001742079803344358,0.08639120254282875
0.00017431915326381322,0.0863652392936461
0.00017443032619319067,0.08631790205142124
0.0001745414991225681,0.08626777100529422
0.00017465267205194553,0.08615547883615443
0.00017476384498132296,0.08607865660135884
0.00017487501791070038,0.08607459928583615
0.0001749861908400778,0.0860331506943621
0.00017509736376945524,0.08604363559918894
0.0001752085366988327,0.08608412730574654
0.00017531970962821012,0.08613400716581736
0.00017543088255758755,0.08620274823854773
0.00017554205548696498,0.08632293707198506
0.0001756532284163424,0.08639301464736635
0.00017576440134571983,0.08646348202357244
0.00017587557427509726,0.08648305815152987
0.00017598674720447472,0.08654396495125158
0.00017609792013385215,0.08655717453588249
0.00017620909306322957,0.08654264270706323
0.000176320265992607,0.08655163481703615
0.00017643143892198443,0.08651880950053027
0.00017654261185136186,0.08653921978321613
0.00017665378478073929,0.08653057084534083
0.00017676495771011674,0.08645167571976894
0.00017687613063949417,0.08634942376146831
0.0001769873035688716,0.08625574183548591
0.00017709847649824902,0.08621460491282136
0.00017720964942762645,0.08612845370943377
0.00017732082235700388,0.0860784980535681
0.0001774319952863813,0.08602651650875862
0.00017754316821575876,0.08604770633779815
0.0001776543411451362,0.08593100476507873
0.00017776551407451362,0.08602371899036429
0.00017787668700389105,0.08606768293764387
0.00017798785993326848,0.08605795057335044
0.0001780990328626459,0.08608468276161578
0.00017821020579202333,0.08617459229423018
0.0001783213787214008,0.08620190645663932
0.00017843255165077821,0.08618163910487717
0.00017854372458015564,0.08622991680296303
0.00017865489750953307,0.08624341872266914
0.0001787660704389105,0.08623657540517991
0.00017887724336828793,0.08621039481849752
0.00017898841629766535,0.0862122132447256
0.0001790995892270428,0.08612765467296717
0.00017921076215642024,0.08611299809922393
0.00017932193508579767,0.08607612472280832
0.0001794331080151751,0.0860168533884515
0.00017954428094455252,0.08595486101658996
0.00017965545387392995,0.08588733516913363
0.00017976662680330738,0.08586069088591122
0.00017987779973268483,0.08575167864297652
0.00017998897266206226,0.08570337911852474
0.0001801001455914397,0.08562939400850825
0.00018021131852081712,0.08551259795818006
0.00018032249145019454,0.08541392477558046
0.00018043366437957197,0.08526755796755571
0.00018054483730894943,0.08513515472687913
0.00018065601023832686,0.08498391919385462
0.00018076718316770428,0.08497955911046237
0.0001808783560970817,0.08485289802837456
0.00018098952902645914,0.08476404399837721
0.00018110070195583657,0.08463937752866157
0.000181211874885214,0.08466903235749593
0.00018132304781459145,0.0845658939742985
0.00018143422074396888,0.08449324869577227
0.0001815453936733463,0.08434852830340048
0.00018165656660272373,0.08428707411251744
0.00018176773953210116,0.08423899479850293
0.0001818789124614786,0.08413403222894794
0.00018199008539085602,0.08408906474509706
0.00018210125832023347,0.08412026142708019
0.0001822124312496109,0.08398683503556861
0.00018232360417898833,0.0839785076122622
0.00018243477710836576,0.08388011301401231
0.00018254595003774319,0.08378623201466434
0.0001826571229671206,0.0837158881648861
0.00018276829589649804,0.08360354166003008
0.0001828794688258755,0.0834889545593135
0.00018299064175525292,0.08331839098447578
0.00018310181468463035,0.08319540877005563
0.00018321298761400778,0.08300300263094
0.0001833241605433852,0.08290105802161965
0.00018343533347276264,0.08271744921922054
0.00018354650640214006,0.08251188916172277
0.00018365767933151752,0.08231316538783197
0.00018376885226089495,0.08224462921356761
0.00018388002519027238,0.08205450749794685
0.0001839911981196498,0.08185829268257092
0.00018410237104902723,0.08167297619977852
0.00018421354397840466,0.08154746286274867
0.0001843247169077821,0.08137195989506366
0.00018443588983715954,0.08126323307598689
0.00018454706276653697,0.08114493651189439
0.0001846582356959144,0.0810853307103763
0.00018476940862529183,0.08104912909941184
0.00018488058155466925,0.0810640012549703
0.00018499175448404668,0.0810821726439141
0.0001851029274134241,0.08101696543228461
0.00018521410034280156,0.08094169732903429
0.000185325273272179,0.08091897075103856
0.00018543644620155642,0.08082881314119716
0.00018554761913093385,0.08077421145296423
0.00018565879206031128,0.08067266551144635
0.0001857699649896887,0.08062946838641068
0.00018588113791906613,0.08059097028600318
0.0001859923108484436,0.08051121880130332
0.00018610348377782102,0.08047296134504897
0.00018621465670719844,0.08038190963390077
0.00018632582963657587,0.08028584642256645
0.0001864370025659533,0.08014208318592357
0.00018654817549533073,0.07998740387306483
0.00018665934842470816,0.0798272216884396
0.0001867705213540856,0.07970605109069193
0.00018688169428346304,0.07953761189438187
0.00018699286721284047,0.07939870040342073
0.0001871040401422179,0.07923508140180448
0.00018721521307159532,0.07907403145726999
0.00018732638600097275,0.07894524908127536
0.0001874375589303502,0.07882936478540006
0.00018754873185972763,0.07875417825055837
0.00018765990478910506,0.07865212808027339
0.0001877710777184825,0.07852520280974203
0.00018788225064785992,0.07841416141428671
0.00018799342357723735,0.07836191912004185
0.00018810459650661477,0.07836308798580713
0.00018821576943599223,0.0783005434997712
0.00018832694236536966,0.07825358608735439
0.00018843811529474708,0.07821896468931958
0.0001885492882241245,0.07822235691115931
0.00018866046115350194,0.07814636058220743
0.00018877163408287937,0.07805519822543804
0.0001888828070122568,0.07808265675746244
0.00018899397994163425,0.07800579998319097
0.00018910515287101168,0.0779218072472388
0.0001892163258003891,0.07792478285130741
0.00018932749872976654,0.07789771054791624
0.00018943867165914396,0.077735790727449
0.0001895498445885214,0.07772256020663892
0.00018966101751789882,0.0776824393098036
0.00018977219044727627,0.07757773055678796
0.0001898833633766537,0.07754400859234244
0.00018999453630603113,0.07750825737024315
0.00019010570923540856,0.07742013632696222
0.00019021688216478599,0.07729217813976015
0.00019032805509416341,0.07721779971053847
0.00019043922802354084,0.07714405558352576
0.0001905504009529183,0.07708115382188131
0.00019066157388229573,0.07706706985495435
0.00019077274681167315,0.07700068736545573
0.00019088391974105058,0.07700635536969323
0.000190995092670428,0.07689983621254842
0.00019110626559980544,0.07694408094730121
0.00019121743852918287,0.0769066857280918
0.00019132861145856032,0.07687494102214512
0.00019143978438793775,0.07679358740201293
0.00019155095731731518,0.0767939855989002
0.0001916621302466926,0.07682877520492037
0.00019177330317607003,0.07688977370749166
0.00019188447610544746,0.07694267841551422
0.0001919956490348249,0.07692734691984421
0.00019210682196420234,0.07690478636138316
0.00019221799489357977,0.07692591478940297
0.0001923291678229572,0.07693478398474805
0.00019244034075233463,0.07690242505408483
0.00019255151368171206,0.07692216489987841
0.00019266268661108948,0.07686817889742371
0.0001927738595404669,0.07693091139094285
0.00019288503246984437,0.07686904793005081
0.0001929962053992218,0.07682581318553
0.00019310737832859922,0.07681340437467123
0.00019321855125797665,0.07684416997532315
0.00019332972418735408,0.07678757378633375
0.0001934408971167315,0.07681162462454168
0.00019355207004610893,0.07675033649297652
0.0001936632429754864,0.07673450439617521
0.00019377441590486382,0.0766543716964449
0.00019388558883424125,0.07659577680942506
0.00019399676176361867,0.07655398390896073
0.0001941079346929961,0.0765752953372025
0.00019421910762237353,0.07655587676741563
0.00019433028055175096,0.07656227791813264
0.0001944414534811284,0.07654882375506064
0.00019455262641050584,0.07655819070678185
0.00019466379933988327,0.07656805847114145
0.0001947749722692607,0.0765783294223736
0.00019488614519863812,0.07658890593470152
0.00019499731812801555,0.07659969038234848
0.000195108491057393,0.07661058513953768
0.00019521966398677043,0.07662149258049236
0.00019533083691614786,0.07663231507943574
0.0001954420098455253,0.07664295501059107
0.00019555318277490272,0.07665331474818156
0.00019566435570428015,0.07666329666643044
0.00019577552863365757,0.07667280313956096
0.00019588670156303503,0.07668173654179633
0.00019599787449241246,0.0766899992473598
0.00019610904742178989,0.07669749363047457
0.00019622022035116731,0.0767041220653639
0.00019633139328054474,0.07670978692625098
0.00019644256620992217,0.07671439058735909
0.0001965537391392996,0.07671783542291143
0.00019666491206867705,0.07672002380713124
0.00019677608499805448,0.07672085811424173
0.0001968872579274319,0.07672024071846616
0.00019699843085680934,0.07671807399402775
0.00019710960378618676,0.0767142603151497
0.0001972207767155642,0.07670870205605529
0.00019733194964494162,0.07670130159096772
0.00019744312257431908,0.07669196129411021
0.0001975542955036965,0.07668058353970601
0.00019766546843307393,0.07666707070197835
0.00019777664136245136,0.07665132515515045
0.0001978878142918288,0.07663324927344556
0.00019799898722120622,0.07661274543108687
0.00019811016015058364,0.07658971600229765
0.0001982213330799611,0.07656406336130112
0.00019833250600933853,0.07653568988232048
0.00019844367893871595,0.076504497939579
0.00019855485186809338,0.07647038990729989
0.0001986660247974708,0.07643326815970637
0.00019877719772684824,0.0763930350710217
0.00019888837065622567,0.07634959301546909
0.00019899954358560312,0.07630284436727176
0.00019911071651498055,0.07625269150065296
0.00019922188944435798,0.07619903678983592
0.0001993330623737354,0.07614178260904386
0.00019944423530311283,0.0760808313325
0.00019955540823249026,0.0760160853344276
0.0001996665811618677,0.07594744698904986
0.00019977775409124514,0.07587481867059001
0.00019988892702062257,0.07579810275327131
0.00020000009995,0.07571720161131697
