Time,Amplitude
0.0,0.056604087067542205
1.111729293774319e-07,0.05659991515158357
2.223458587548638e-07,0.05659672148106654
3.3351878813229573e-07,0.056594469864670635
4.446917175097276e-07,0.056593124111075394
5.558646468871596e-07,0.05659264802896035
6.670375762645915e-07,0.05659300542700503
7.782105056420233e-07,0.05659416011388898
8.893834350194552e-07,0.05659607589829172
1.0005563643968871e-06,0.05659871658889279
1.1117292937743191e-06,0.05660204599437172
1.222902223151751e-06,0.05660602792340805
1.334075152529183e-06,0.0566106261846813
1.4452480819066147e-06,0.056615804586871016
1.5564210112840467e-06,0.05662152693865673
1.6675939406614785e-06,0.05662775704871797
1.7787668700389105e-06,0.05663445872573426
1.8899397994163425e-06,0.05664159577838516
2.0011127287937743e-06,0.056649132015350184
2.112285658171206e-06,0.05665703124530887
2.2234585875486383e-06,0.056665257276940745
2.33463151692607e-06,0.05667377391892535
2.445804446303502e-06,0.05668254497994222
2.5569773756809336e-06,0.05669153426867088
2.668150305058366e-06,0.05670070559379087
2.7793232344357976e-06,0.05671002276398172
2.8904961638132294e-06,0.05671944958792296
3.0016690931906616e-06,0.05672894987429413
3.1128420225680934e-06,0.05673848743177476
3.224014951945525e-06,0.05674802606904438
3.335187881322957e-06,0.05675752959478253
3.446360810700389e-06,0.05676696181766874
3.557533740077821e-06,0.056776286546382546
3.6687066694552528e-06,0.056785467589603476
3.779879598832685e-06,0.05679446875601106
3.891052528210116e-06,0.05680325385428484
4.0022254575875485e-06,0.056811786693104355
4.113398386964981e-06,0.05682003108114912
4.224571316342412e-06,0.05682795082709868
4.335744245719844e-06,0.05683550973963257
4.4469171750972765e-06,0.05684267162743031
4.558090104474708e-06,0.05684940029917145
4.66926303385214e-06,0.05685565956353552
4.780435963229572e-06,0.056861413229202046
4.891608892607004e-06,0.056866625104850556
5.002781821984436e-06,0.0568712589991606
5.113954751361867e-06,0.056875278720811696
5.2251276807392995e-06,0.05687864807848339
5.336300610116732e-06,0.05688133088085521
5.447473539494163e-06,0.056883290936606684
5.558646468871595e-06,0.05688449205440923
5.6698193982490274e-06,0.056875022276045975
5.780992327626459e-06,0.05685768406635014
5.892165257003891e-06,0.05686926812263651
6.003338186381323e-06,0.056838795322956784
6.114511115758755e-06,0.056863280926559914
6.225684045136187e-06,0.05687936880014741
6.336856974513619e-06,0.05690961985321924
6.44802990389105e-06,0.05688757307311326
6.559202833268483e-06,0.05686155354768409
6.670375762645914e-06,0.05687362091716345
6.781548692023346e-06,0.05683133763644644
6.892721621400778e-06,0.056811589068165885
7.00389455077821e-06,0.05671613554287157
7.115067480155642e-06,0.05670510047174022
7.226240409533074e-06,0.05664826001094138
7.3374133389105055e-06,0.05660616767049857
7.448586268287938e-06,0.056508137026594525
7.55975919766537e-06,0.056435269273387816
7.670932127042801e-06,0.05639362116207078
7.782105056420233e-06,0.05637344675291817
7.893277985797666e-06,0.05627590689678589
8.004450915175097e-06,0.056260509936034424
8.115623844552528e-06,0.056260039834724336
8.226796773929961e-06,0.05626194396711331
8.337969703307393e-06,0.056153607363050355
8.449142632684824e-06,0.05613152345862099
8.560315562062257e-06,0.056096285708585006
8.671488491439689e-06,0.05606263737755661
8.78266142081712e-06,0.0560703681751872
8.893834350194553e-06,0.056029424121141626
9.005007279571984e-06,0.056051923173223314
9.116180208949416e-06,0.056115516494615734
9.227353138326849e-06,0.056188705569769785
9.33852606770428e-06,0.05622129049160513
9.449698997081712e-06,0.05627167318886831
9.560871926459145e-06,0.05620338112457604
9.672044855836576e-06,0.05622957591205279
9.783217785214007e-06,0.05610307551187096
9.89439071459144e-06,0.05612678182244647
1.0005563643968872e-05,0.05606790177152477
1.0116736573346303e-05,0.05611822956695396
1.0227909502723734e-05,0.056186835529526816
1.0339082432101168e-05,0.05622711703545312
1.0450255361478599e-05,0.05620016105208671
1.056142829085603e-05,0.05620567498703287
1.0672601220233463e-05,0.056087783312037946
1.0783774149610895e-05,0.05612929056138716
1.0894947078988326e-05,0.05611794482065259
1.1006120008365759e-05,0.05615731071564307
1.111729293774319e-05,0.056117062424807615
1.1228465867120622e-05,0.05606991592911145
1.1339638796498055e-05,0.05603192194358074
1.1450811725875486e-05,0.05605781155720763
1.1561984655252918e-05,0.05610184351250959
1.167315758463035e-05,0.05615198080786105
1.1784330514007782e-05,0.056197555776242795
1.1895503443385213e-05,0.05627622630870233
1.2006676372762646e-05,0.0563082688498977
1.2117849302140078e-05,0.05639290889449372
1.222902223151751e-05,0.056448586929886184
1.2340195160894942e-05,0.05658013378208157
1.2451368090272374e-05,0.056705122527981225
1.2562541019649805e-05,0.05681594941323367
1.2673713949027238e-05,0.05689627169945695
1.278488687840467e-05,0.05697586634803893
1.28960598077821e-05,0.05709998388607661
1.3007232737159532e-05,0.0571166227684183
1.3118405666536965e-05,0.057153547644974836
1.3229578595914397e-05,0.057141294235094356
1.3340751525291828e-05,0.05715480260050906
1.3451924454669261e-05,0.05717120617323812
1.3563097384046692e-05,0.057193101786926
1.3674270313424124e-05,0.05710688036958083
1.3785443242801557e-05,0.057146661972498014
1.3896616172178988e-05,0.05710498956800248
1.400778910155642e-05,0.05709486841124471
1.4118962030933853e-05,0.057082386045110046
1.4230134960311284e-05,0.05711565037004671
1.4341307889688715e-05,0.05707378049280954
1.4452480819066148e-05,0.05710451210344017
1.456365374844358e-05,0.05709363607589097
1.4674826677821011e-05,0.0571414572252298
1.4785999607198444e-05,0.05713177168472066
1.4897172536575875e-05,0.0571668462264763
1.5008345465953307e-05,0.05711642470571369
1.511951839533074e-05,0.057140759217771744
1.5230691324708171e-05,0.05716626732299469
1.5341864254085603e-05,0.05724936357347702
1.5453037183463034e-05,0.057291205455677216
1.5564210112840465e-05,0.05730212909318703
1.56753830422179e-05,0.05740805969596434
1.578655597159533e-05,0.05750950767466491
1.5897728900972763e-05,0.05761275355865913
1.6008901830350194e-05,0.05763188369516892
1.6120074759727626e-05,0.05765404625320631
1.6231247689105057e-05,0.05772434509463758
1.634242061848249e-05,0.05772919784022395
1.6453593547859923e-05,0.057742546411285935
1.6564766477237354e-05,0.057830663808163436
1.6675939406614786e-05,0.05782428210605689
1.6787112335992217e-05,0.05780602111039114
1.689828526536965e-05,0.057801597733652545
1.7009458194747083e-05,0.057860480102316286
1.7120631124124515e-05,0.05775430931790276
1.7231804053501946e-05,0.05779859060616023
1.7342976982879377e-05,0.05768625729585767
1.745414991225681e-05,0.05765492214745388
1.756532284163424e-05,0.05758119335022272
1.767649577101167e-05,0.05756852043921042
1.7787668700389106e-05,0.05754202138425319
1.7898841629766537e-05,0.05746879342220517
1.801001455914397e-05,0.0573681740657766
1.81211874885214e-05,0.057334636743519886
1.823236041789883e-05,0.05732844912839743
1.8343533347276263e-05,0.057354898174860044
1.8454706276653698e-05,0.05730080885409536
1.856587920603113e-05,0.057290754536570246
1.867705213540856e-05,0.057346391659101964
1.8788225064785992e-05,0.05740952352602094
1.8899397994163423e-05,0.05741047148601993
1.9010570923540854e-05,0.05739271757631841
1.912174385291829e-05,0.057430277146027685
1.923291678229572e-05,0.05745636148364473
1.9344089711673152e-05,0.05749372548670853
1.9455262641050583e-05,0.05752911027572317
1.9566435570428015e-05,0.057552273059368636
1.9677608499805446e-05,0.05751600248523549
1.978878142918288e-05,0.05757197864778711
1.9899954358560312e-05,0.05759284893308598
2.0011127287937744e-05,0.057549900322275145
2.0122300217315175e-05,0.05755051210970657
2.0233473146692606e-05,0.05755107340177704
2.0344646076070038e-05,0.05743822558528595
2.045581900544747e-05,0.05741762992771961
2.0566991934824904e-05,0.05734111133170859
2.0678164864202335e-05,0.057376576931795695
2.0789337793579766e-05,0.05738695857525434
2.0900510722957198e-05,0.05735895028115728
2.101168365233463e-05,0.057359284387739455
2.112285658171206e-05,0.05733881272241839
2.1234029511089495e-05,0.05729368303145156
2.1345202440466927e-05,0.0573173621307274
2.1456375369844358e-05,0.057271197484718955
2.156754829922179e-05,0.057266496374924675
2.167872122859922e-05,0.05719158165595513
2.1789894157976652e-05,0.05716572752966416
2.1901067087354087e-05,0.057199167571862525
2.2012240016731518e-05,0.05714970094799062
2.212341294610895e-05,0.05713647440942475
2.223458587548638e-05,0.057095031589967704
2.2345758804863812e-05,0.05713858773729201
2.2456931734241244e-05,0.05717724354016385
2.256810466361868e-05,0.057213816582697405
2.267927759299611e-05,0.05719288387729067
2.279045052237354e-05,0.05720659298636678
2.2901623451750973e-05,0.05721261898491872
2.3012796381128404e-05,0.05718607137609782
2.3123969310505835e-05,0.05712838189546888
2.3235142239883267e-05,0.057141804655450684
2.33463151692607e-05,0.05705576819352099
2.3457488098638133e-05,0.057041959874150255
2.3568661028015564e-05,0.0569103952033342
2.3679833957392995e-05,0.05688419283344869
2.3791006886770427e-05,0.056823887077375346
2.3902179816147858e-05,0.05679710262214438
2.4013352745525293e-05,0.05670821901042434
2.4124525674902724e-05,0.05662988126788688
2.4235698604280156e-05,0.05655195999992967
2.4346871533657587e-05,0.05655081447173359
2.445804446303502e-05,0.05647046727640784
2.456921739241245e-05,0.05647915156950187
2.4680390321789884e-05,0.0564411794980953
2.4791563251167316e-05,0.056460231002414187
2.4902736180544747e-05,0.05651356770620682
2.501390910992218e-05,0.05641657222319857
2.512508203929961e-05,0.05645550171991799
2.523625496867704e-05,0.056468375599459705
2.5347427898054476e-05,0.05647676009783946
2.5458600827431907e-05,0.056514928628468686
2.556977375680934e-05,0.05656437505495445
2.568094668618677e-05,0.05653516259779511
2.57921196155642e-05,0.05662289030251966
2.5903292544941633e-05,0.056604274936613956
2.6014465474319064e-05,0.05662140324097339
2.61256384036965e-05,0.05663867178245002
2.623681133307393e-05,0.05668978518259909
2.634798426245136e-05,0.05671193122710939
2.6459157191828793e-05,0.05675686738819141
2.6570330121206224e-05,0.05669123539091921
2.6681503050583656e-05,0.05673715614771715
2.679267597996109e-05,0.05676791866484703
2.6903848909338522e-05,0.056796036683650714
2.7015021838715953e-05,0.05677907656042174
2.7126194768093385e-05,0.056787399804066364
2.7237367697470816e-05,0.056706623926829874
2.7348540626848247e-05,0.05673414975250144
2.7459713556225682e-05,0.056720247201828375
2.7570886485603113e-05,0.05674660777049319
2.7682059414980545e-05,0.05671162088633207
2.7793232344357976e-05,0.05664787153478247
2.7904405273735408e-05,0.05662274145898237
2.801557820311284e-05,0.05666397866505714
2.8126751132490274e-05,0.056573515143410386
2.8237924061867705e-05,0.05661432978690776
2.8349096991245136e-05,0.056705087025036974
2.8460269920622568e-05,0.05676190661450588
2.857144285e-05,0.05684154460087506
2.868261577937743e-05,0.056937784995023576
2.8793788708754862e-05,0.05697791872651564
2.8904961638132297e-05,0.057057502621134286
2.9016134567509728e-05,0.05710396016781879
2.912730749688716e-05,0.05716043695138879
2.923848042626459e-05,0.057277756721113376
2.9349653355642022e-05,0.05732135926325752
2.9460826285019453e-05,0.0573634269891646
2.9571999214396888e-05,0.05737238375084739
2.968317214377432e-05,0.05746131084382504
2.979434507315175e-05,0.05746922077899424
2.9905518002529182e-05,0.057470693432786435
3.0016690931906614e-05,0.057408973018117315
3.0127863861284045e-05,0.05741875254232018
3.023903679066148e-05,0.05740416385747081
3.035020972003891e-05,0.057447822517751684
3.0461382649416342e-05,0.05736381885447486
3.057255557879378e-05,0.05733937881559364
3.0683728508171205e-05,0.05724304939509195
3.079490143754864e-05,0.057298463811212036
3.090607436692607e-05,0.057325281647261396
3.10172472963035e-05,0.05729115682997458
3.112842022568093e-05,0.05727041486597548
3.1239593155058365e-05,0.05737798122768396
3.13507660844358e-05,0.057384057672320084
3.146193901381323e-05,0.05744566788404343
3.157311194319066e-05,0.05747958783160534
3.168428487256809e-05,0.0575071987922123
3.1795457801945526e-05,0.057504970405439365
3.1906630731322954e-05,0.05744417141044
3.201780366070039e-05,0.057491804266366825
3.212897659007782e-05,0.05754845994088986
3.224014951945525e-05,0.05753497923161419
3.2351322448832686e-05,0.057551608917010236
3.2462495378210114e-05,0.05756673446012563
3.257366830758755e-05,0.05750221059222541
3.268484123696498e-05,0.057524640183567136
3.279601416634241e-05,0.05744150324427133
3.2907187095719846e-05,0.05750691781981956
3.3018360025097274e-05,0.0574294564215641
3.312953295447471e-05,0.057436549555495875
3.324070588385214e-05,0.05735960468898098
3.335187881322957e-05,0.05735031913835978
3.3463051742607006e-05,0.0572124440387683
3.3574224671984434e-05,0.05714915864278087
3.368539760136187e-05,0.05706473795155335
3.37965705307393e-05,0.05704073600543702
3.390774346011673e-05,0.05690137242200148
3.4018916389494166e-05,0.056903534816322245
3.4130089318871594e-05,0.0567838584533316
3.424126224824903e-05,0.056873975339056825
3.435243517762646e-05,0.05679987833888491
3.446360810700389e-05,0.05674445635275306
3.457478103638132e-05,0.05673047539077486
3.4685953965758755e-05,0.056800866097725514
3.479712689513619e-05,0.05675937539789119
3.490829982451362e-05,0.05681453613787236
3.501947275389105e-05,0.05674795156958181
3.513064568326848e-05,0.05670934925197606
3.5241818612645915e-05,0.05673932651767452
3.535299154202334e-05,0.05676065644706096
3.546416447140078e-05,0.05681394963458135
3.557533740077821e-05,0.05678932748000844
3.568651033015564e-05,0.05686256269802822
3.5797683259533075e-05,0.05680119105349967
3.59088561889105e-05,0.05682307990547758
3.602002911828794e-05,0.05679793667518585
3.613120204766537e-05,0.05682667836946709
3.62423749770428e-05,0.05689329035997728
3.6353547906420235e-05,0.05688682035735139
3.646472083579766e-05,0.05681692583808043
3.65758937651751e-05,0.05684804735157457
3.6687066694552526e-05,0.05674058537542576
3.679823962392996e-05,0.0567840149900323
3.6909412553307395e-05,0.05670404218103223
3.702058548268482e-05,0.05662700940423199
3.713175841206226e-05,0.056561502081362416
3.7242931341439686e-05,0.05656392409321502
3.735410427081712e-05,0.05648841963681215
3.746527720019455e-05,0.056505310365113914
3.7576450129571984e-05,0.05646263718368833
3.768762305894942e-05,0.056475822306545985
3.7798795988326846e-05,0.05651082611410643
3.790996891770428e-05,0.05651290009292061
3.802114184708171e-05,0.0565096519583868
3.8132314776459144e-05,0.056555386164577205
3.824348770583658e-05,0.05654579022029674
3.8354660635214006e-05,0.05662741104495258
3.846583356459144e-05,0.05670135374042821
3.857700649396887e-05,0.05673915126949764
3.8688179423346304e-05,0.05678303105987424
3.879935235272373e-05,0.05682901421286222
3.891052528210117e-05,0.05694258483588667
3.90216982114786e-05,0.05697919479252933
3.913287114085603e-05,0.05703808291701153
3.9244044070233464e-05,0.05706440442659655
3.935521699961089e-05,0.05723484600159837
3.946638992898833e-05,0.05719258749938217
3.957756285836576e-05,0.05722964142851373
3.968873578774319e-05,0.05720692981203974
3.9799908717120624e-05,0.05720944581839806
3.991108164649805e-05,0.0571150219517365
4.002225457587549e-05,0.05708827599991089
4.0133427505252915e-05,0.05700776315801987
4.024460043463035e-05,0.05701772573709924
4.0355773364007785e-05,0.05696317718654434
4.046694629338521e-05,0.0569771071560669
4.057811922276265e-05,0.056959620997894846
4.0689292152140075e-05,0.056965751032510885
4.080046508151751e-05,0.05692037440467561
4.091163801089494e-05,0.056893513232349036
4.102281094027237e-05,0.05682643871549956
4.113398386964981e-05,0.05685402566614608
4.1245156799027235e-05,0.05687812453243188
4.135632972840467e-05,0.056937752508834864
4.14675026577821e-05,0.0570161100811203
4.157867558715953e-05,0.05710712021029435
4.168984851653697e-05,0.057146213713612566
4.1801021445914396e-05,0.05720063189775875
4.191219437529183e-05,0.05728952541323505
4.202336730466926e-05,0.05728254623299902
4.213454023404669e-05,0.057296931811446745
4.224571316342412e-05,0.057346864693903044
4.2356886092801556e-05,0.05743841579922209
4.246805902217899e-05,0.05740633285814628
4.257923195155642e-05,0.05740570006770773
4.269040488093385e-05,0.05735078521775023
4.280157781031128e-05,0.05733725715316375
4.2912750739688716e-05,0.05730805164386417
4.3023923669066144e-05,0.05732031259826895
4.313509659844358e-05,0.05725777858731767
4.3246269527821014e-05,0.05719346274019157
4.335744245719844e-05,0.057047636317148716
4.3468615386575876e-05,0.05708467582558745
4.3579788315953304e-05,0.056967858324019294
4.369096124533074e-05,0.05695173295754971
4.3802134174708174e-05,0.056889831536378804
4.39133071040856e-05,0.05683218065447816
4.4024480033463036e-05,0.056819054967566014
4.4135652962840464e-05,0.056748581621675696
4.42468258922179e-05,0.05672405313767499
4.435799882159533e-05,0.0566893792237248
4.446917175097276e-05,0.05670876795202828
4.45803446803502e-05,0.05673302274782501
4.4691517609727625e-05,0.05684288476807207
4.480269053910506e-05,0.05693417501937856
4.491386346848249e-05,0.056974711351567335
4.502503639785992e-05,0.057004950583601784
4.513620932723736e-05,0.057121257098989166
4.5247382256614785e-05,0.05717495283802366
4.535855518599222e-05,0.05727975854150437
4.546972811536965e-05,0.057214291185365765
4.558090104474708e-05,0.05728726015596042
4.569207397412451e-05,0.05738047488330332
4.5803246903501945e-05,0.05742386527415507
4.591441983287938e-05,0.05743302648150943
4.602559276225681e-05,0.0575183093577661
4.613676569163424e-05,0.05742956276112077
4.624793862101167e-05,0.0575128390485422
4.6359111550389105e-05,0.057553172592544735
4.647028447976653e-05,0.05753356583465487
4.658145740914397e-05,0.05751233183227446
4.66926303385214e-05,0.05743613650026849
4.680380326789883e-05,0.057410637009295135
4.6914976197276265e-05,0.057330454521248776
4.7026149126653693e-05,0.05730827600812614
4.713732205603113e-05,0.05730603243850592
4.724849498540856e-05,0.057221072294117215
4.735966791478599e-05,0.05718033851168048
4.7470840844163426e-05,0.05705089858992663
4.7582013773540854e-05,0.05700968520510974
4.769318670291829e-05,0.05702914803086635
4.7804359632295716e-05,0.05700222325474636
4.791553256167315e-05,0.05700885223174196
4.8026705491050586e-05,0.05695409196805398
4.8137878420428014e-05,0.05703055377134622
4.824905134980545e-05,0.057075928205819984
4.8360224279182877e-05,0.05711319843124169
4.847139720856031e-05,0.05713149210581964
4.858257013793774e-05,0.05718765788776832
4.8693743067315174e-05,0.05724355612780709
4.880491599669261e-05,0.05729003590048796
4.891608892607004e-05,0.057274342632271734
4.902726185544747e-05,0.057341915737651475
4.91384347848249e-05,0.057364983578431936
4.9249607714202334e-05,0.05738944195131935
4.936078064357977e-05,0.05731624067588222
4.94719535729572e-05,0.057393536864451186
4.958312650233463e-05,0.05733227224074941
4.969429943171206e-05,0.05239527131171766
4.9805472361089494e-05,0.0402348135848828
4.991664529046692e-05,0.02526751972371486
5.002781821984436e-05,0.00992738053031502
5.013899114922179e-05,-0.004334440707930518
5.025016407859922e-05,-0.01708672854637703
5.0361337007976655e-05,-0.02800821737889465
5.047250993735408e-05,-0.03716714836388399
5.058368286673152e-05,-0.044657645908326334
5.069485579610895e-05,-0.05049151099027539
5.080602872548638e-05,-0.054870176082307945
5.0917201654863815e-05,-0.05795077240406375
5.102837458424124e-05,-0.05962533398662149
5.113954751361868e-05,-0.060096888801927435
5.1250720442996105e-05,-0.05919940373918696
5.136189337237354e-05,-0.05698574578000129
5.1473066301750975e-05,-0.05335723308299403
5.15842392311284e-05,-0.0481596201003566
5.169541216050584e-05,-0.041398039893625824
5.1806585089883266e-05,-0.0329042063228685
5.19177580192607e-05,-0.022610401196000295
5.202893094863813e-05,-0.010493898573698469
5.214010387801556e-05,0.0033576614436744354
5.2251276807393e-05,0.018970903416270776
5.2362449736770426e-05,0.036106196689950736
5.247362266614786e-05,0.05479950240309188
5.258479559552529e-05,0.07483746799601768
5.269596852490272e-05,0.09615687691314612
5.280714145428016e-05,0.11851240326909764
5.2918314383657586e-05,0.14190781428732327
5.302948731303502e-05,0.16606553808124627
5.314066024241245e-05,0.1910792411451531
5.3251833171789884e-05,0.21668657416432335
5.336300610116731e-05,0.24304576694113614
5.3474179030544746e-05,0.26992069599079516
5.358535195992218e-05,0.29738167792167447
5.369652488929961e-05,0.3254935856405764
5.3807697818677044e-05,0.35422872566404673
5.391887074805447e-05,0.3836089637414964
5.4030043677431907e-05,0.4137537884266354
5.4141216606809334e-05,0.4445069095395073
5.425238953618677e-05,0.47600592738078895
5.4363562465564204e-05,0.5082182493123979
5.447473539494163e-05,0.5410133992723377
5.458590832431907e-05,0.5744232485129904
5.4697081253696495e-05,0.6083056639262195
5.480825418307393e-05,0.6426571888436531
5.4919427112451364e-05,0.6773245558383972
5.503060004182879e-05,0.7121718094448002
5.514177297120623e-05,0.747209537639347
5.5252945900583655e-05,0.7822735278306872
5.536411882996109e-05,0.8173526769546549
5.547529175933852e-05,0.8523394205718524
5.558646468871595e-05,0.8871770667018157
5.569763761809339e-05,0.921803520046085
5.5808810547470815e-05,0.9562280133858693
5.591998347684825e-05,0.9903405768649258
5.603115640622568e-05,1.0241449302858552
5.614232933560311e-05,1.057753422801806
5.625350226498055e-05,1.0910959978924568
5.6364675194357975e-05,1.1242033792113373
5.647584812373541e-05,1.1569145181108877
5.658702105311284e-05,1.1893458951822042
5.669819398249027e-05,1.2213813938831288
5.68093669118677e-05,1.2530073968203834
5.6920539841245135e-05,1.2840828694417978
5.703171277062257e-05,1.314698059521003
5.71428857e-05,1.3446439219341582
5.725405862937743e-05,1.3740264043815458
5.736523155875486e-05,1.4026205951660855
5.7476404488132296e-05,1.4304181717735793
5.7587577417509724e-05,1.4573402809796
5.769875034688716e-05,1.4833410604928492
5.780992327626459e-05,1.5083368293084258
5.792109620564202e-05,1.5322980352697764
5.8032269135019456e-05,1.5552030603389313
5.8143442064396884e-05,1.5770867775070165
5.825461499377432e-05,1.5977576725430065
5.836578792315175e-05,1.6172346248826723
5.847696085252918e-05,1.635611765450067
5.8588133781906616e-05,1.6526679966762594
5.8699306711284044e-05,1.6685638094735462
5.881047964066148e-05,1.6831487142643013
5.892165257003891e-05,1.696364470100858
5.903282549941634e-05,1.708184978430004
5.9143998428793776e-05,1.7185678306520684
5.9255171358171204e-05,1.727451726639686
5.936634428754864e-05,1.7348383515707733
5.947751721692607e-05,1.7405893850515368
5.95886901463035e-05,1.7446990810586365
5.9699863075680936e-05,1.747048734578299
5.9811036005058364e-05,1.747671678509216
5.99222089344358e-05,1.7463666262648536
6.003338186381323e-05,1.7433175832800525
6.014455479319066e-05,1.7383259268507796
6.025572772256809e-05,1.7313245534864359
6.0366900651945525e-05,1.722310401835779
6.047807358132296e-05,1.711391826575451
6.058924651070039e-05,1.6983395476832939
6.070041944007782e-05,1.6831099756486765
6.081159236945525e-05,1.6657703771821568
6.0922765298832685e-05,1.6516567912841502
6.103393822821011e-05,1.6443073892466662
6.114511115758755e-05,1.640672485622813
6.125628408696498e-05,1.6386933358812583
6.136745701634241e-05,1.6372834605064188
6.147862994571984e-05,1.6360542327035694
6.158980287509728e-05,1.6346851304701915
6.170097580447471e-05,1.6331392661895683
6.181214873385214e-05,1.6315525774916708
6.192332166322958e-05,1.6299455809819334
6.2034494592607e-05,1.628429836488364
6.214566752198443e-05,1.6271489033778705
6.225684045136186e-05,1.626298389972528
6.23680133807393e-05,1.6258217041473677
6.247918631011673e-05,1.6257775405809196
6.259035923949416e-05,1.626208153874107
6.27015321688716e-05,1.6269815056739185
6.281270509824903e-05,1.6280569329509815
6.292387802762646e-05,1.6292966452093602
6.303505095700388e-05,1.630570687271788
6.314622388638133e-05,1.6317960906506457
6.325739681575875e-05,1.6329325987773056
6.336856974513618e-05,1.633769386927391
6.347974267451362e-05,1.6343541144001976
6.359091560389105e-05,1.6346351558254393
6.370208853326848e-05,1.634611925045002
6.381326146264591e-05,1.6342952240769022
6.392443439202335e-05,1.6336999976568845
6.403560732140078e-05,1.6330143348862296
6.41467802507782e-05,1.6322703353561863
6.425795318015565e-05,1.631544054556105
6.436912610953307e-05,1.6308484361248043
6.44802990389105e-05,1.6303702191960954
6.459147196828794e-05,1.6299522322017346
6.470264489766537e-05,1.6298286054045428
6.48138178270428e-05,1.6299906244956088
6.492499075642023e-05,1.6302900132826696
6.503616368579767e-05,1.630786118588787
6.51473366151751e-05,1.6314116818662856
6.525850954455252e-05,1.6320624794699197
6.536968247392997e-05,1.6327612033139411
6.54808554033074e-05,1.6333232708266963
6.559202833268482e-05,1.6338583748848903
6.570320126206225e-05,1.6342709526566817
6.581437419143969e-05,1.6344690821442758
6.592554712081712e-05,1.6344985829826832
6.603672005019455e-05,1.6344150908126955
6.614789297957199e-05,1.634138544973893
6.625906590894942e-05,1.633899066811932
6.637023883832685e-05,1.633431560616031
6.648141176770427e-05,1.6330600535396766
6.659258469708171e-05,1.6326165338805807
6.670375762645914e-05,1.6323237559254338
6.681493055583657e-05,1.6320387837535824
6.692610348521401e-05,1.6318726758369904
6.703727641459144e-05,1.63173905929016
6.714844934396887e-05,1.6318110051971755
6.72596222733463e-05,1.63195634376697
6.737079520272374e-05,1.6321891935459567
6.748196813210117e-05,1.632435322746435
6.75931410614786e-05,1.6327518191965291
6.770431399085604e-05,1.633074611441898
6.781548692023346e-05,1.633382180956037
6.792665984961089e-05,1.6336147536504841
6.803783277898833e-05,1.633805759446759
6.814900570836576e-05,1.6339766997011924
6.826017863774319e-05,1.6340133682596432
6.837135156712062e-05,1.633997556519929
6.848252449649806e-05,1.633898076685227
6.859369742587549e-05,1.6337983949670083
6.870487035525291e-05,1.6336183720945476
6.881604328463036e-05,1.6334504319692793
6.892721621400778e-05,1.6333089199747262
6.903838914338521e-05,1.633189338364128
6.914956207276264e-05,1.633162077887022
6.926073500214008e-05,1.6331074071890224
6.937190793151751e-05,1.633084085985145
6.948308086089494e-05,1.6331451513713033
6.959425379027238e-05,1.6331409991640082
6.97054267196498e-05,1.6332469862389256
6.981659964902723e-05,1.633342874665039
6.992777257840466e-05,1.6334733181585743
7.00389455077821e-05,1.633507429850022
7.015011843715953e-05,1.633648500171278
7.026129136653696e-05,1.6336367317323919
7.03724642959144e-05,1.63370769867921
7.048363722529183e-05,1.6336687432240515
7.059481015466926e-05,1.6335725221481758
7.070598308404669e-05,1.63346589532085
7.081715601342413e-05,1.6333633413359
7.092832894280155e-05,1.6332707166944604
7.103950187217898e-05,1.6331581668062922
7.115067480155642e-05,1.6331028616254224
7.126184773093385e-05,1.6329980727720876
7.137302066031128e-05,1.6329644734959696
7.148419358968871e-05,1.6329507272029031
7.159536651906615e-05,1.632964920066433
7.170653944844358e-05,1.6328848990075513
7.1817712377821e-05,1.6329304563616003
7.192888530719845e-05,1.6329777255494273
7.204005823657588e-05,1.6329903927316725
7.21512311659533e-05,1.6330614718573742
7.226240409533074e-05,1.6331629414431936
7.237357702470817e-05,1.633123202052147
7.24847499540856e-05,1.6331701478385097
7.259592288346303e-05,1.6331170697255126
7.270709581284047e-05,1.6331065905225672
7.28182687422179e-05,1.6330401283376261
7.292944167159533e-05,1.632997840896324
7.304061460097277e-05,1.6328443746299723
7.31517875303502e-05,1.6326962587610234
7.326296045972762e-05,1.6325311163134069
7.337413338910505e-05,1.6324266960598925
7.348530631848249e-05,1.6321651743730328
7.359647924785992e-05,1.6321189485519885
7.370765217723735e-05,1.6319540471357066
7.381882510661479e-05,1.6318630373335394
7.392999803599222e-05,1.6317424496726731
7.404117096536965e-05,1.6316931111737885
7.415234389474707e-05,1.6316376203268095
7.426351682412452e-05,1.6317047966842908
7.437468975350194e-05,1.631755439583651
7.448586268287937e-05,1.6317538381278531
7.459703561225681e-05,1.6317280505889964
7.470820854163424e-05,1.6317494784486444
7.481938147101167e-05,1.63174746729758
7.49305544003891e-05,1.6317690198966286
7.504172732976654e-05,1.6317029562654297
7.515290025914397e-05,1.631717891151928
7.52640731885214e-05,1.6316285006651874
7.537524611789884e-05,1.6315989455144773
7.548641904727626e-05,1.6315434012009034
7.559759197665369e-05,1.6314903013452144
7.570876490603113e-05,1.6314424337597793
7.581993783540856e-05,1.631410864392652
7.593111076478599e-05,1.631360551279619
7.604228369416342e-05,1.6312718908933914
7.615345662354086e-05,1.6312112113544925
7.626462955291829e-05,1.6311139675969668
7.637580248229572e-05,1.6310678741562505
7.648697541167316e-05,1.6310247483501186
7.659814834105058e-05,1.6309727731405284
7.670932127042801e-05,1.6310112137715058
7.682049419980544e-05,1.630986844308748
7.693166712918288e-05,1.630869085951321
7.704284005856031e-05,1.6308647487111565
7.715401298793774e-05,1.630801005384819
7.726518591731518e-05,1.6307718661491684
7.737635884669261e-05,1.6307409726088964
7.748753177607004e-05,1.6307288134791669
7.759870470544746e-05,1.630735042609726
7.77098776348249e-05,1.6306888295251785
7.782105056420233e-05,1.630664278048063
7.793222349357976e-05,1.6306295582427626
7.80433964229572e-05,1.6306104588929162
7.815456935233463e-05,1.6306543336801673
7.826574228171206e-05,1.6306909210865286
7.837691521108949e-05,1.6307530254501985
7.848808814046693e-05,1.6307821479733344
7.859926106984436e-05,1.63084882920423
7.871043399922178e-05,1.6309315606568067
7.882160692859923e-05,1.630958974866464
7.893277985797665e-05,1.631001522952669
7.904395278735408e-05,1.6309459588407786
7.915512571673152e-05,1.6309611295223545
7.926629864610895e-05,1.6309566230364732
7.937747157548638e-05,1.6309056013007037
7.948864450486381e-05,1.6309281517475855
7.959981743424125e-05,1.6308893888846359
7.971099036361868e-05,1.6308675602894085
7.98221632929961e-05,1.6308798292459612
7.993333622237355e-05,1.6308579846118374
8.004450915175097e-05,1.6308154239960797
8.01556820811284e-05,1.6307604117451533
8.026685501050583e-05,1.6307805378059794
8.037802793988327e-05,1.6307620694733578
8.04892008692607e-05,1.6308509333432997
8.060037379863813e-05,1.630878392667329
8.071154672801557e-05,1.6309398946613232
8.0822719657393e-05,1.631111152054871
8.093389258677043e-05,1.6312023186584106
8.104506551614785e-05,1.6313820856066348
8.11562384455253e-05,1.6315573684025666
8.126741137490272e-05,1.6317193030792077
8.137858430428015e-05,1.6318227759631192
8.148975723365759e-05,1.6319684023681422
8.160093016303502e-05,1.6319969493560842
8.171210309241245e-05,1.6321409146445103
8.182327602178988e-05,1.6322154776967532
8.193444895116732e-05,1.6323698053195201
8.204562188054475e-05,1.6324774302809522
8.215679480992217e-05,1.6325782562638675
8.226796773929961e-05,1.6326371808512385
8.237914066867704e-05,1.632718518950134
8.249031359805447e-05,1.6327919561679345
8.26014865274319e-05,1.6328701721414767
8.271265945680934e-05,1.6329384516884704
8.282383238618677e-05,1.6330140692109216
8.29350053155642e-05,1.632992384037482
8.304617824494164e-05,1.6330116867214532
8.315735117431907e-05,1.6330205728592733
8.32685241036965e-05,1.6330678212589327
8.337969703307394e-05,1.6331138224711557
8.349086996245136e-05,1.6331736208388647
8.360204289182879e-05,1.633286539221321
8.371321582120622e-05,1.6333301852469977
8.382438875058366e-05,1.6333873677318045
8.393556167996109e-05,1.6334522526522626
8.404673460933852e-05,1.6335075627752815
8.415790753871596e-05,1.633525371754229
8.426908046809339e-05,1.6336172664429056
8.438025339747081e-05,1.633799747069822
8.449142632684824e-05,1.6338465734584706
8.460259925622568e-05,1.6340331733872417
8.471377218560311e-05,1.634179574139454
8.482494511498054e-05,1.6342398639229698
8.493611804435798e-05,1.634392015038086
8.504729097373541e-05,1.6345181128575135
8.515846390311284e-05,1.634606955340634
8.526963683249027e-05,1.6346892775470183
8.53808097618677e-05,1.634770721890836
8.549198269124513e-05,1.634836180507724
8.560315562062256e-05,1.6349002791798004
8.571432855e-05,1.6348970164102457
8.582550147937743e-05,1.6349821122234247
8.593667440875486e-05,1.634975415877549
8.604784733813229e-05,1.6350521282298058
8.615902026750973e-05,1.6350079875081591
8.627019319688716e-05,1.6350607739417273
8.638136612626459e-05,1.6350993801158582
8.649253905564203e-05,1.6351693950527317
8.660371198501945e-05,1.6351813170369285
8.671488491439688e-05,1.6352798928829129
8.682605784377432e-05,1.6353140801092905
8.693723077315175e-05,1.6353807611663207
8.704840370252918e-05,1.635414672708556
8.715957663190661e-05,1.6354966654382406
8.727074956128405e-05,1.6355481173413318
8.738192249066148e-05,1.6356482674600228
8.74930954200389e-05,1.6357263915408442
8.760426834941635e-05,1.6357978828013453
8.771544127879378e-05,1.6358346512019526
8.78266142081712e-05,1.6359474317849858
8.793778713754863e-05,1.6360291354732237
8.804896006692607e-05,1.636106872539061
8.81601329963035e-05,1.636184678781524
8.827130592568093e-05,1.6363167048993799
8.838247885505837e-05,1.636431707401572
8.84936517844358e-05,1.6364946742395914
8.860482471381323e-05,1.636571653793722
8.871599764319065e-05,1.6365680061110206
8.88271705725681e-05,1.6365837528622045
8.893834350194552e-05,1.6365772569679808
8.904951643132295e-05,1.6366196021943127
8.91606893607004e-05,1.6365786622840988
8.927186229007782e-05,1.6365903049880388
8.938303521945525e-05,1.6365438986416967
8.949420814883268e-05,1.6365134629336617
8.960538107821012e-05,1.6364037119918777
8.971655400758755e-05,1.636415506539128
8.982772693696497e-05,1.6363427496419765
8.993889986634242e-05,1.6363439402616595
9.005007279571984e-05,1.6362559690444023
9.016124572509727e-05,1.6362422247795179
9.027241865447471e-05,1.63626857924919
9.038359158385214e-05,1.6363688680202788
9.049476451322957e-05,1.6363629953666254
9.0605937442607e-05,1.6364528298922367
9.071711037198444e-05,1.6364120826139812
9.082828330136187e-05,1.6364741379278724
9.09394562307393e-05,1.6364947287900502
9.105062916011674e-05,1.636493114863996
9.116180208949416e-05,1.6365421714310269
9.127297501887159e-05,1.6366669506406053
9.138414794824902e-05,1.6367527258852093
9.149532087762646e-05,1.6367898266189456
9.160649380700389e-05,1.6368594332525228
9.171766673638132e-05,1.6368129249687757
9.182883966575876e-05,1.6368406945263814
9.194001259513619e-05,1.6368788452773186
9.205118552451362e-05,1.6368768331505572
9.216235845389104e-05,1.6368332037366247
9.227353138326848e-05,1.6368089734869975
9.238470431264591e-05,1.6366731253684597
9.249587724202334e-05,1.6366940657466633
9.260705017140078e-05,1.636629931158474
9.271822310077821e-05,1.6365399649753067
9.282939603015564e-05,1.6364801979436898
9.294056895953307e-05,1.6364264084589848
9.305174188891051e-05,1.6364283689162171
9.316291481828794e-05,1.6363599144911962
9.327408774766536e-05,1.6362238934165354
9.33852606770428e-05,1.6362131349603104
9.349643360642023e-05,1.6361524387132744
9.360760653579766e-05,1.6361043949167615
9.37187794651751e-05,1.6360744191822847
9.382995239455253e-05,1.6360410929001614
9.394112532392996e-05,1.6359133012146938
9.405229825330739e-05,1.635878918410503
9.416347118268483e-05,1.6359280101588218
9.427464411206226e-05,1.636013639260823
9.438581704143968e-05,1.6360467828926153
9.449698997081713e-05,1.6360881137662575
9.460816290019455e-05,1.6360967235114987
9.471933582957198e-05,1.6361419473942225
9.483050875894941e-05,1.6361035499718637
9.494168168832685e-05,1.6360858919254955
9.505285461770428e-05,1.6361138318952393
9.516402754708171e-05,1.6361220861925834
9.527520047645915e-05,1.636109641131942
9.538637340583658e-05,1.6361419643150037
9.5497546335214e-05,1.6361238033606404
9.560871926459143e-05,1.6359941344006956
9.571989219396887e-05,1.6359804387871568
9.58310651233463e-05,1.635844797794608
9.594223805272373e-05,1.6357703543249869
9.605341098210117e-05,1.6356544650262912
9.61645839114786e-05,1.6356126249328808
9.627575684085603e-05,1.6354637201452795
9.638692977023346e-05,1.6354656575899653
9.64981026996109e-05,1.6353486066892162
9.660927562898833e-05,1.635395985654833
9.672044855836575e-05,1.635288741370631
9.68316214877432e-05,1.6352470693855983
9.694279441712062e-05,1.6351968990351835
9.705396734649805e-05,1.6352422259139918
9.716514027587548e-05,1.6352330061488207
9.727631320525292e-05,1.6352446683900497
9.738748613463035e-05,1.6353021856620473
9.749865906400778e-05,1.6354058141216954
9.760983199338522e-05,1.635405514252698
9.772100492276265e-05,1.6354050262181579
9.783217785214007e-05,1.635387373577621
9.794335078151751e-05,1.6354226750738998
9.805452371089494e-05,1.635447863016224
9.816569664027237e-05,1.6355068460522966
9.82768695696498e-05,1.6355834821607576
9.838804249902724e-05,1.635593783503503
9.849921542840467e-05,1.6356327001573399
9.86103883577821e-05,1.6356411036152552
9.872156128715954e-05,1.6356723646862414
9.883273421653697e-05,1.6357282966147821
9.89439071459144e-05,1.6357814720053117
9.905508007529182e-05,1.635785575016125
9.916625300466926e-05,1.635714033261286
9.927742593404669e-05,1.635654058018955
9.938859886342412e-05,1.6357235958858949
9.949977179280156e-05,1.6356881707927822
9.961094472217899e-05,1.6356485293077803
9.972211765155642e-05,1.6355809144809315
9.983329058093384e-05,1.6355833708693122
9.994446351031129e-05,1.635539871878373
0.00010005563643968871,1.6355732556155478
0.00010016680936906614,1.6356050074416988
0.00010027798229844358,1.635657873120634
0.00010038915522782101,1.6357214834389073
0.00010050032815719844,1.6357956163148712
0.00010061150108657587,1.6358106715467633
0.00010072267401595331,1.6358788665202595
0.00010083384694533074,1.635942778624791
0.00010094501987470817,1.6359736027195029
0.0001010561928040856,1.6360845194736522
0.00010116736573346303,1.6361425992292242
0.00010127853866284046,1.6362608001319627
0.0001013897115922179,1.6362798143692956
0.00010150088452159533,1.6363948732294264
0.00010161205745097276,1.636360264578205
0.00010172323038035019,1.636400719497775
0.00010183440330972763,1.6364444450036553
0.00010194557623910506,1.6366235409468692
0.00010205674916848249,1.636619532299402
0.00010216792209785993,1.6366858288019526
0.00010227909502723736,1.6367170929315642
0.00010239026795661478,1.63677479572089
0.00010250144088599221,1.6367442607982752
0.00010261261381536965,1.6367717235066117
0.00010272378674474708,1.6367436800034196
0.00010283495967412451,1.6367387497720334
0.00010294613260350195,1.636781408202052
0.00010305730553287938,1.6368423507425238
0.0001031684784622568,1.6367961248183884
0.00010327965139163423,1.6368831047761037
0.00010339082432101168,1.6369129467257229
0.0001035019972503891,1.6369557602446387
0.00010361317017976653,1.6369914472156681
0.00010372434310914397,1.6369884874087295
0.0001038355160385214,1.6370230027492334
0.00010394668896789883,1.6371201060151623
0.00010405786189727626,1.6372114761616363
0.0001041690348266537,1.6372403140916132
0.00010428020775603113,1.6372466195199171
0.00010439138068540855,1.63731081957591
0.000104502553614786,1.6374201267507793
0.00010461372654416342,1.637501010177745
0.00010472489947354085,1.6375878587631596
0.0001048360724029183,1.6376829333674676
0.00010494724533229572,1.6376828647577577
0.00010505841826167315,1.6376754834664682
0.00010516959119105058,1.6377611217647887
0.00010528076412042802,1.6378235320073147
0.00010539193704980545,1.6378858477752025
0.00010550310997918287,1.6378440200000308
0.00010561428290856032,1.6377864230216042
0.00010572545583793774,1.6377312598162785
0.00010583662876731517,1.6376990147287211
0.0001059478016966926,1.6376574439969525
0.00010605897462607004,1.6376471337363612
0.00010617014755544747,1.6376973583564245
0.0001062813204848249,1.6376638899970979
0.00010639249341420234,1.637652199561708
0.00010650366634357977,1.63760100190167
0.0001066148392729572,1.6375338816953255
0.00010672601220233462,1.6375367595845274
0.00010683718513171206,1.6375399401598711
0.00010694835806108949,1.6375619273764028
0.00010705953099046692,1.6375849007807255
0.00010717070391984436,1.6376156847573824
0.00010728187684922179,1.6377141531013701
0.00010739304977859922,1.6377469769859083
0.00010750422270797665,1.6378252291917375
0.00010761539563735409,1.6378487937108956
0.00010772656856673152,1.6379080384284541
0.00010783774149610894,1.6378878856098569
0.00010794891442548639,1.6380015410055913
0.00010806008735486381,1.63802567173482
0.00010817126028424124,1.6380496927356
0.00010828243321361867,1.6380083332908681
0.00010839360614299611,1.6381022323135095
0.00010850477907237354,1.638124210762529
0.00010861595200175097,1.638178105048625
0.00010872712493112841,1.6381038768111493
0.00010883829786050584,1.6381199807384195
0.00010894947078988326,1.6381452422061684
0.0001090606437192607,1.638183992511292
0.00010917181664863813,1.638123983956418
0.00010928298957801556,1.638137799224539
0.00010939416250739299,1.6380985954530696
0.00010950533543677043,1.6381081691675083
0.00010961650836614786,1.6380769396020887
0.00010972768129552529,1.6381208589698564
0.00010983885422490273,1.6380983306195798
0.00010995002715428016,1.6381640476139814
0.00011006120008365758,1.6381510835296895
0.00011017237301303501,1.6382103695952388
0.00011028354594241245,1.638206522323045
0.00011039471887178988,1.6383433067193198
0.00011050589180116731,1.6384770826560218
0.00011061706473054475,1.6385399866342847
0.00011072823765992218,1.6386064961252844
0.00011083941058929961,1.638710206239834
0.00011095058351867704,1.6388211235560535
0.00011106175644805448,1.6388602287085174
0.0001111729293774319,1.6389468808828136
0.00011128410230680933,1.6390406119725904
0.00011139527523618677,1.6391547203404992
0.0001115064481655642,1.639238891604664
0.00011161762109494163,1.6393262933918693
0.00011172879402431906,1.6392841756956447
0.0001118399669536965,1.6393045514956448
0.00011195113988307393,1.6393138791458273
0.00011206231281245136,1.6393203263123464
0.0001121734857418288,1.6393697257010837
0.00011228465867120623,1.63935287976089
0.00011239583160058365,1.6392978845123287
0.0001125070045299611,1.6393421287948884
0.00011261817745933852,1.6393692388286334
0.00011272935038871595,1.6393185435515611
0.00011284052331809338,1.6392963066819843
0.00011295169624747082,1.6393271155039768
0.00011306286917684825,1.6392968691327814
0.00011317404210622568,1.63925172865677
0.00011328521503560312,1.6392699688124694
0.00011339638796498055,1.639271768354164
0.00011350756089435797,1.6392779948655771
0.0001136187338237354,1.6392562629514724
0.00011372990675311284,1.6392443935341852
0.00011384107968249027,1.6392415131396154
0.0001139522526118677,1.639264188490899
0.00011406342554124514,1.639238940859681
0.00011417459847062257,1.6392805190073756
0.0001142857714,1.6392491474644748
0.00011439694432937742,1.6393460226824708
0.00011450811725875487,1.639347640452588
0.0001146192901881323,1.6394335213282811
0.00011473046311750972,1.639425576933324
0.00011484163604688716,1.6394786594424668
0.00011495280897626459,1.639382868481135
0.00011506398190564202,1.6394088435961507
0.00011517515483501945,1.639421475741757
0.00011528632776439689,1.6393640709500725
0.00011539750069377432,1.6393727863069723
0.00011550867362315174,1.6394020068200765
0.00011561984655252919,1.6393126811066838
0.00011573101948190661,1.6392757824188318
0.00011584219241128404,1.639123236141371
0.00011595336534066148,1.639069941995149
0.00011606453827003891,1.6390004810389631
0.00011617571119941634,1.6390148827607334
0.00011628688412879377,1.6389793843492004
0.00011639805705817121,1.638988071525184
0.00011650922998754864,1.638872946365088
0.00011662040291692607,1.638855298487872
0.0001167315758463035,1.6387967719868728
0.00011684274877568093,1.6388477291546169
0.00011695392170505836,1.6388241842155213
0.00011706509463443579,1.6388748095770869
0.00011717626756381323,1.6389018600481753
0.00011728744049319066,1.6389142748198644
0.00011739861342256809,1.6389089745702143
0.00011750978635194553,1.6389230088435045
0.00011762095928132296,1.6388647696603382
0.00011773213221070039,1.6389271959584437
0.00011784330514007781,1.6389034573494676
0.00011795447806945526,1.6388779182305762
0.00011806565099883268,1.6388973004038185
0.00011817682392821011,1.6388725015406886
0.00011828799685758755,1.6388947345994487
0.00011839916978696498,1.6388472204106745
0.00011851034271634241,1.6387464278997654
0.00011862151564571984,1.6386954034053154
0.00011873268857509728,1.638701582502861
0.0001188438615044747,1.638584481001701
0.00011895503443385213,1.6386207549699636
0.00011906620736322958,1.638606784835656
0.000119177380292607,1.6385397685060206
0.00011928855322198443,1.6384902481341157
0.00011939972615136187,1.638496312561514
0.0001195108990807393,1.638527609027861
0.00011962207201011673,1.6385057542360322
0.00011973324493949416,1.6384673316062797
0.0001198444178688716,1.638445510788264
0.00011995559079824903,1.6384417054194103
0.00012006676372762645,1.6384191678477251
0.0001201779366570039,1.6384506724439818
0.00012028910958638132,1.6384644744011625
0.00012040028251575875,1.638577482531988
0.00012051145544513618,1.6386439049580668
0.00012062262837451362,1.6387174898749683
0.00012073380130389105,1.6387342301920071
0.00012084497423326848,1.6387605243823065
0.00012095614716264592,1.6387583775118193
0.00012106732009202335,1.6388364244805218
0.00012117849302140077,1.638840465637044
0.0001212896659507782,1.6389044055586701
0.00012140083888015564,1.6389431620405237
0.00012151201180953307,1.639039353310874
0.0001216231847389105,1.6390515353581836
0.00012173435766828794,1.6389865535602022
0.00012184553059766537,1.638939325814266
0.0001219567035270428,1.638863846654397
0.00012206787645642023,1.6387786803225335
0.00012217904938579765,1.6387335769094407
0.0001222902223151751,1.6387078871238243
0.00012240139524455254,1.638705208447227
0.00012251256817392996,1.638596208260967
0.0001226237411033074,1.6385220693978897
0.00012273491403268482,1.6383690353911575
0.00012284608696206225,1.6382443209742128
0.00012295725989143968,1.6382139585180713
0.00012306843282081713,1.6382417345502154
0.00012317960575019456,1.6381795983486205
0.000123290778679572,1.6382146564971733
0.00012340195160894942,1.6381796020379098
0.00012351312453832684,1.6381912621803072
0.00012362429746770427,1.6381912569807684
0.0001237354703970817,1.638163867168607
0.00012384664332645915,1.6381593403553367
0.00012395781625583658,1.6382082641858742
0.000124068989185214,1.6381900855912466
0.00012418016211459144,1.63819206447382
0.00012429133504396887,1.6382019593306374
0.0001244025079733463,1.6382028965957776
0.00012451368090272372,1.6383068190398802
0.00012462485383210118,1.6383691516624947
0.0001247360267614786,1.63839731408949
0.00012484719969085603,1.6383751025990225
0.00012495837262023346,1.6384267750706276
0.0001250695455496109,1.6384691872928063
0.00012518071847898832,1.6384999350011322
0.00012529189140836575,1.6385678626869595
0.0001254030643377432,1.6385802672454433
0.00012551423726712063,1.6385581688903519
0.00012562541019649806,1.6385602629876386
0.00012573658312587548,1.6384851270648497
0.0001258477560552529,1.6384141629249693
0.00012595892898463034,1.6384265195491283
0.00012607010191400777,1.6384326994673222
0.00012618127484338522,1.6385136784794658
0.00012629244777276265,1.638478327147093
0.00012640362070214008,1.6384050199703564
0.0001265147936315175,1.6384189737308197
0.00012662596656089494,1.6384280163006388
0.00012673713949027236,1.6384664615941138
0.0001268483124196498,1.6385193993449878
0.00012695948534902725,1.6385986514089599
0.00012707065827840467,1.6386334737006065
0.0001271818312077821,1.6386866338328896
0.00012729300413715953,1.6387150164330018
0.00012740417706653696,1.638768194126254
0.00012751534999591439,1.6388129883212794
0.00012762652292529181,1.6387500164064401
0.00012773769585466927,1.6388257957155228
0.0001278488687840467,1.6388446741948957
0.00012796004171342413,1.6388888482279762
0.00012807121464280155,1.638903110536015
0.00012818238757217898,1.6389380869963253
0.0001282935605015564,1.6388933837862893
0.00012840473343093384,1.638891031950396
0.0001285159063603113,1.6388099328233703
0.00012862707928968872,1.638781711863892
0.00012873825221906615,1.6387577591434583
0.00012884942514844358,1.6386886860354561
0.000128960598077821,1.6386237929045337
0.00012907177100719843,1.638650393129293
0.0001291829439365759,1.638617456587262
0.00012929411686595332,1.6386110553232034
0.00012940528979533074,1.6386100098735237
0.00012951646272470817,1.6386196754800142
0.0001296276356540856,1.6385837673642154
0.00012973880858346303,1.6386467393174917
0.00012984998151284045,1.6386712406035582
0.0001299611544422179,1.6386337012869205
0.00013007232737159534,1.6387126293226237
0.00013018350030097277,1.6387206601750695
0.0001302946732303502,1.6387303053066031
0.00013040584615972762,1.6388198502615705
0.00013051701908910505,1.638875315179972
0.00013062819201848248,1.6389567334962565
0.00013073936494785993,1.6389906039537556
0.00013085053787723736,1.639012949555249
0.0001309617108066148,1.639060498501051
0.00013107288373599222,1.639074155639581
0.00013118405666536964,1.6390982969103538
0.00013129522959474707,1.6391927370714314
0.0001314064025241245,1.6391595813592628
0.00013151757545350196,1.6391167321183602
0.00013162874838287938,1.6390691159838942
0.0001317399213122568,1.638983115966582
0.00013185109424163424,1.638914665870077
0.00013196226717101167,1.638855111608302
0.0001320734401003891,1.6388937842060904
0.00013218461302976652,1.6388986085022366
0.00013229578595914398,1.6388450936108911
0.0001324069588885214,1.6387842256722402
0.00013251813181789883,1.6387605170620085
0.00013262930474727626,1.6386909173602844
0.0001327404776766537,1.6386198724626033
0.00013285165060603112,1.638532096782554
0.00013296282353540855,1.638520889705465
0.000133073996464786,1.6384837041927773
0.00013318516939416343,1.6385547472450714
0.00013329634232354086,1.6385609962986525
0.00013340751525291829,1.638562079072745
0.00013351868818229571,1.6385003429766156
0.00013362986111167314,1.6385195523484308
0.00013374103404105057,1.6386255696572622
0.00013385220697042802,1.6386613146093294
0.00013396337989980545,1.6386908295556486
0.00013407455282918288,1.6387646539021439
0.0001341857257585603,1.6388003695389117
0.00013429689868793774,1.638826113503529
0.00013440807161731516,1.6389019815489718
0.0001345192445466926,1.6389317855945154
0.00013463041747607005,1.6390055099708123
0.00013474159040544748,1.638952588511752
0.0001348527633348249,1.6390560191178836
0.00013496393626420233,1.6390289151306263
0.00013507510919357976,1.6390688460695788
0.0001351862821229572,1.63905885972309
0.00013529745505233462,1.6390853918584267
0.00013540862798171207,1.6391045943256801
0.0001355198009110895,1.6391962219468672
0.00013563097384046693,1.639190026691989
0.00013574214676984435,1.639129760678557
0.00013585331969922178,1.6390638563071267
0.0001359644926285992,1.6390675913921526
0.00013607566555797667,1.6390809878012176
0.0001361868384873541,1.6390903724673984
0.00013629801141673152,1.6390246000512265
0.00013640918434610895,1.6390599108225148
0.00013652035727548638,1.6390092652570114
0.0001366315302048638,1.639048504905569
0.00013674270313424123,1.6390887622569599
0.0001368538760636187,1.6391008292686355
0.00013696504899299612,1.6391363469393931
0.00013707622192237354,1.6391830268203385
0.00013718739485175097,1.6392417388060025
0.0001372985677811284,1.6392128474625491
0.00013740974071050583,1.6391847332561333
0.00013752091363988326,1.6392151248143292
0.0001376320865692607,1.6392468434252019
0.00013774325949863814,1.639309141509207
0.00013785443242801557,1.6393988952594047
0.000137965605357393,1.6393723762205576
0.00013807677828677042,1.63936890426586
0.00013818795121614785,1.6393314205440481
0.00013829912414552528,1.6393473533306406
0.00013841029707490273,1.639315601082751
0.00013852147000428016,1.639336590553462
0.0001386326429336576,1.639315236957697
0.00013874381586303502,1.6393336705862727
0.00013885498879241245,1.6393734047088164
0.00013896616172178987,1.6393374772097191
0.0001390773346511673,1.6393260794806228
0.00013918850758054476,1.6392815545970787
0.00013929968050992219,1.6391957190592303
0.0001394108534392996,1.6391569253098708
0.00013952202636867704,1.639111801049208
0.00013963319929805447,1.6390716696802516
0.0001397443722274319,1.6391381539926304
0.00013985554515680933,1.639128189060583
0.00013996671808618678,1.6391090372447235
0.0001400778910155642,1.6392051722289012
0.00014018906394494164,1.6392505549255207
0.00014030023687431906,1.6393388541176601
0.0001404114098036965,1.6393927108345838
0.00014052258273307392,1.6394631009242784
0.00014063375566245135,1.6395511809116587
0.0001407449285918288,1.6395769332384629
0.00014085610152120623,1.639638365985552
0.00014096727445058366,1.6396883407649003
0.0001410784473799611,1.6397547074017909
0.00014118962030933851,1.6398031312982118
0.00014130079323871594,1.6398632793709265
0.00014141196616809337,1.6398790044716134
0.00014152313909747083,1.6399162153548843
0.00014163431202684825,1.639866903798066
0.00014174548495622568,1.6399260100067519
0.0001418566578856031,1.6399124074549247
0.00014196783081498054,1.6399663107622373
0.00014207900374435797,1.6399295489029904
0.0001421901766737354,1.639931800425342
0.00014230134960311285,1.6399331719506278
0.00014241252253249028,1.6399268398432907
0.0001425236954618677,1.6398319738985538
0.00014263486839124513,1.6398553990216265
0.00014274604132062256,1.6399190993655473
0.00014285721425,1.6399400970169404
0.00014296838717937742,1.639972222828048
0.00014307956010875487,1.639954062866393
0.0001431907330381323,1.6399846336585677
0.00014330190596750973,1.6400640636058887
0.00014341307889688716,1.640073221103904
0.00014352425182626458,1.640129971282726
0.000143635424755642,1.6401690299599487
0.00014374659768501947,1.6401631589761696
0.0001438577706143969,1.6402426680861366
0.00014396894354377432,1.6403318146432682
0.00014408011647315175,1.6403919958848785
0.00014419128940252918,1.6404294111798357
0.0001443024623319066,1.6404855743003572
0.00014441363526128403,1.640471790711096
0.0001445248081906615,1.6404964294354205
0.00014463598112003892,1.6404979670466389
0.00014474715404941635,1.6405808993824287
0.00014485832697879377,1.6405489551737558
0.0001449694999081712,1.6404727150478673
0.00014508067283754863,1.6404274572647732
0.00014519184576692606,1.6405051705979257
0.0001453030186963035,1.640445317361618
0.00014541419162568094,1.6404488605346517
0.00014552536455505837,1.6404091175715976
0.0001456365374844358,1.6403555450088774
0.00014574771041381322,1.640306954961499
0.00014585888334319065,1.6402515956710768
0.00014597005627256808,1.6403009063419722
0.00014608122920194554,1.6402749909493006
0.00014619240213132296,1.640242185020032
0.0001463035750607004,1.6402244964285768
0.00014641474799007782,1.6401835639662796
0.00014652592091945525,1.6401920898168096
0.00014663709384883268,1.6402454676526528
0.0001467482667782101,1.6402862344743374
0.00014685943970758756,1.6402756576182531
0.00014697061263696499,1.6403516937526144
0.00014708178556634241,1.6403378442009582
0.00014719295849571984,1.6404094427351954
0.00014730413142509727,1.6404271983276717
0.0001474153043544747,1.6403870124547486
0.00014752647728385213,1.640478996745699
0.00014763765021322958,1.6404526337393437
0.000147748823142607,1.64046374116763
0.00014785999607198444,1.6404556260042222
0.00014797116900136187,1.6404794406740868
0.0001480823419307393,1.6404336928201944
0.00014819351486011672,1.6404427769631722
0.00014830468778949415,1.6404040789525602
0.0001484158607188716,1.6403276828824653
0.00014852703364824903,1.6403442886851933
0.00014863820657762646,1.640388288048137
0.0001487493795070039,1.6403632731640128
0.00014886055243638132,1.640373746989335
0.00014897172536575874,1.6402500029671083
0.00014908289829513617,1.640156973595251
0.00014919407122451363,1.6401584904736735
0.00014930524415389106,1.640197961349294
0.00014941641708326848,1.6401332314795636
0.0001495275900126459,1.64016974585843
0.00014963876294202334,1.640675229936764
0.00014974993587140077,1.6490421512307512
0.0001498611088007782,1.6625967209839658
0.00014997228173015565,1.677850076287139
0.00015008345465953308,1.6927047767711159
0.0001501946275889105,1.7064049683774478
0.00015030580051828793,1.7183199052217395
0.00015041697344766536,1.7284651912436493
0.0001505281463770428,1.736881995865576
0.00015063931930642025,1.7436825594838516
0.00015075049223579767,1.7490406064032806
0.0001508616651651751,1.7529080208523053
0.00015097283809455253,1.7554847647098928
0.00015108401102392996,1.7567829856072126
0.00015119518395330738,1.7568417060298562
0.0001513063568826848,1.7555583844591243
0.00015141752981206227,1.752847992906508
0.0001515287027414397,1.7486198278283411
0.00015163987567081712,1.7427664899733823
0.00015175104860019455,1.735183685429913
0.00015186222152957198,1.7259052713435645
0.0001519733944589494,1.7148981394716327
0.00015208456738832684,1.7022906952487236
0.0001521957403177043,1.687852773440036
0.00015230691324708172,1.671757903075689
0.00015241808617645915,1.6541378829047024
0.00015252925910583657,1.6350339204330013
0.000152640432035214,1.6146537788130455
0.00015275160496459143,1.5930013008892758
0.00015286277789396886,1.5703700621083538
0.00015297395082334631,1.5467365133924456
0.00015308512375272374,1.522250103670324
0.00015319629668210117,1.4969931990558587
0.0001533074696114786,1.4711306344859931
0.00015341864254085603,1.4446896542808858
0.00015352981547023345,1.4176235734436784
0.00015364098839961088,1.3899459279540596
0.00015375216132898834,1.3616381148782655
0.00015386333425836576,1.3326732822997018
0.0001539745071877432,1.3030251204253271
0.00015408568011712062,1.272743178721832
0.00015419685304649805,1.2417800358602957
0.00015430802597587548,1.2101835046536906
0.0001544191989052529,1.1779360658697384
0.00015453037183463036,1.1450363558536814
0.0001546415447640078,1.1115584602043598
0.00015475271769338522,1.0775727961297148
0.00015486389062276264,1.0432557923628476
0.00015497506355214007,1.008659304942006
0.0001550862364815175,0.9738303203177029
0.00015519740941089493,0.9388625137011147
0.00015530858234027238,0.9039171835567411
0.0001554197552696498,0.8689734455495146
0.00015553092819902724,0.8341928595202087
0.00015564210112840467,0.7995391058966951
0.0001557532740577821,0.7650984982019345
0.00015586444698715952,0.7308986832888346
0.00015597561991653695,0.696922688924662
0.0001560867928459144,0.6632321225223943
0.00015619796577529183,0.629895089469785
0.00015630913870466926,0.5967427594538501
0.0001564203116340467,0.5639462037814663
0.00015653148456342412,0.5315303391065327
0.00015664265749280155,0.49943617235563953
0.00015675383042217897,0.4676947718473466
0.00015686500335155643,0.4364970419565559
0.00015697617628093386,0.4056862414309309
0.00015708734921031128,0.3755033439662728
0.0001571985221396887,0.3459400975989864
0.00015730969506906614,0.31705785683880144
0.00015742086799844357,0.2890069418242967
0.000157532040927821,0.26171004246623913
0.00015764321385719845,0.23535978877932423
0.00015775438678657588,0.20991856783539248
0.0001578655597159533,0.18543632450803663
0.00015797673264533074,0.16194772188738873
0.00015808790557470816,0.13963370155614205
0.0001581990785040856,0.11838872808744971
0.00015831025143346305,0.09839260208700272
0.00015842142436284047,0.07944686944500319
0.0001585325972922179,0.061787384338477185
0.00015864377022159533,0.04539493118560862
0.00015875494315097276,0.030205214920750453
0.00015886611608035019,0.016329181984513136
0.00015897728900972761,0.003942291337556107
0.00015908846193910507,-0.0071927963861851355
0.0001591996348684825,-0.01681456736353778
0.00015931080779785993,-0.02493249983290171
0.00015942198072723735,-0.0314105014332142
0.00015953315365661478,-0.03636169275724946
0.0001596443265859922,-0.039608132301788904
0.00015975549951536964,-0.0411830256821308
0.0001598666724447471,-0.04102206539818253
0.00015997784537412452,-0.039020237968235144
0.00016008901830350195,-0.03508859560090287
0.00016020019123287938,-0.029179955876604678
0.0001603113641622568,-0.021330269720046077
0.00016042253709163423,-0.011485393740753302
0.00016053371002101166,0.00039694115978315767
0.00016064488295038912,0.01442119120633385
0.00016075605587976654,0.03049389903139817
0.00016086722880914397,0.04817545819495782
0.0001609784017385214,0.059279324940972655
0.00016108957466789883,0.06502874397980705
0.00016120074759727626,0.06803598740812235
0.00016131192052665368,0.06997390289819272
0.00016142309345603114,0.07138027440052129
0.00016153426638540857,0.07283332368999934
0.000161645439314786,0.07444894827701579
0.00016175661224416342,0.07618635624851423
0.00016186778517354085,0.07794790438450139
0.00016197895810291828,0.0796231186602704
0.0001620901310322957,0.08111548926022732
0.00016220130396167316,0.08232411416028072
0.0001623124768910506,0.08309146706686549
0.00016242364982042802,0.08348229501778641
0.00016253482274980544,0.08335877402796826
0.00016264599567918287,0.08293800483958609
0.0001627571686085603,0.08209935982986583
0.00016286834153793773,0.08112238148613624
0.00016297951446731518,0.07994073330151613
0.0001630906873966926,0.07884391141955871
0.00016320186032607004,0.07771431507528791
0.00016331303325544747,0.07673313027958117
0.0001634242061848249,0.07602942526429506
0.00016353537911420232,0.07560429122200009
0.00016364655204357975,0.07542438458639422
0.0001637577249729572,0.07554488496533202
0.00016386889790233463,0.07587150812039356
0.00016398007083171206,0.0764701942485577
0.0001640912437610895,0.0770802690997805
0.00016420241669046692,0.0777369250759305
0.00016431358961984435,0.07845005047791961
0.00016442476254922177,0.07899378005453263
0.00016453593547859923,0.07942273997853469
0.00016464710840797666,0.07956924061024831
0.00016475828133735409,0.07952043555931947
0.00016486945426673151,0.0792618586722073
0.00016498062719610894,0.07882811575513837
0.00016509180012548637,0.07826941716257425
0.0001652029730548638,0.07756449618657768
0.00016531414598424125,0.07677793302312523
0.00016542531891361868,0.07609963488486739
0.0001655364918429961,0.07542348382207267
0.00016564766477237354,0.07490433837733473
0.00016575883770175096,0.07444325647320345
0.0001658700106311284,0.07419432677723922
0.00016598118356050585,0.07411622351985066
0.00016609235648988328,0.07423280614687013
0.0001662035294192607,0.07436464525936008
0.00016631470234863813,0.07466866193864995
0.00016642587527801556,0.07496326129734548
0.000166537048207393,0.07525933197436517
0.00016664822113677042,0.07556968820723489
0.00016675939406614787,0.07580272163566462
0.0001668705669955253,0.0758807854387218
0.00016698173992490273,0.0759674009409936
0.00016709291285428015,0.07588274075189747
0.00016720408578365758,0.07574766970773572
0.000167315258713035,0.07545071517657002
0.00016742643164241244,0.0751088868575152
0.0001675376045717899,0.07479855091940917
0.00016764877750116732,0.07436897356895639
0.00016775995043054475,0.07399658080645939
0.00016787112335992218,0.07362134109357386
0.0001679822962892996,0.07333039945440611
0.00016809346921867703,0.07299455419849224
0.00016820464214805446,0.07288010970909868
0.00016831581507743192,0.07272817143230054
0.00016842698800680934,0.0726607783590748
0.00016853816093618677,0.07263201719202976
0.0001686493338655642,0.07271247563794961
0.00016876050679494163,0.07275832875344777
0.00016887167972431906,0.07277322212373687
0.00016898285265369648,0.07280697557808152
0.00016909402558307394,0.07284471297452114
0.00016920519851245137,0.07276479041330867
0.0001693163714418288,0.07277755945759591
0.00016942754437120622,0.0726229582306019
0.00016953871730058365,0.07246320295447059
0.00016964989022996108,0.07226450431789619
0.0001697610631593385,0.07210384789568808
0.00016987223608871596,0.07192329758377715
0.0001699834090180934,0.07179056887310742
0.00017009458194747082,0.0716567042422783
0.00017020575487684825,0.07147980325131338
0.00017031692780622567,0.07139242527747704
0.0001704281007356031,0.07129244879157469
0.00017053927366498053,0.07124571079273212
0.00017065044659435799,0.07112338175874208
0.0001707616195237354,0.07117371426823228
0.00017087279245311284,0.0712080316585679
0.00017098396538249027,0.07126432237554159
0.0001710951383118677,0.07134779262405823
0.00017120631124124513,0.07143402080693553
0.00017131748417062255,0.07142067807950546
0.0001714286571,0.07140711998767062
0.00017153983002937744,0.07139062750487576
0.00017165100295875486,0.07137194068726722
0.0001717621758881323,0.07121955214320058
0.00017187334881750972,0.07115659244098686
0.00017198452174688715,0.07098378226347923
0.00017209569467626458,0.07096589364667391
0.00017220686760564203,0.07077318175947364
0.00017231804053501946,0.07062466017956966
0.0001724292134643969,0.07040337312817968
0.00017254038639377432,0.07025901969639245
0.00017265155932315174,0.0701898922605097
0.00017276273225252917,0.0701619392283731
0.00017287390518190663,0.07007636088468559
0.00017298507811128405,0.07015145984142174
0.00017309625104066148,0.0701800451397351
0.0001732074239700389,0.07027879483336792
0.00017331859689941634,0.07038999482679942
0.00017342976982879377,0.07046575609256679
0.0001735409427581712,0.07049529024892534
0.00017365211568754865,0.07045288597162284
0.00017376328861692608,0.07046538766900162
0.0001738744615463035,0.07038971072449572
0.00017398563447568093,0.07037967540486649
0.00017409680740505836,0.07033386816735297
0.0001742079803344358,0.07033938048543906
0.00017431915326381322,0.07022997613278809
0.00017443032619319067,0.07022399929412627
0.0001745414991225681,0.0701141492447256
0.00017465267205194553,0.0700209500237392
0.00017476384498132296,0.0698951204113448
0.00017487501791070038,0.06982799162832024
0.0001749861908400778,0.06973177015263811
0.00017509736376945524,0.06965277830692519
0.0001752085366988327,0.06956548704844434
0.00017531970962821012,0.06960470719865913
0.00017543088255758755,0.06955496251785097
0.00017554205548696498,0.06965098162648584
0.0001756532284163424,0.06970933481562559
0.00017576440134571983,0.06979056454519307
0.00017587557427509726,0.06981444150077722
0.00017598674720447472,0.06980528675159266
0.00017609792013385215,0.0698519292696695
0.00017620909306322957,0.06991754885756829
0.000176320265992607,0.06989594970488978
0.00017643143892198443,0.0699983777889912
0.00017654261185136186,0.07007618124471154
0.00017665378478073929,0.0701224794884164
0.00017676495771011674,0.07017717478028865
0.00017687613063949417,0.0701428849847954
0.0001769873035688716,0.0701590610293236
0.00017709847649824902,0.07017819910294304
0.00017720964942762645,0.07013928125136641
0.00017732082235700388,0.07004575109501032
0.0001774319952863813,0.0700806170287153
0.00017754316821575876,0.07002433887349771
0.0001776543411451362,0.07001160771526337
0.00017776551407451362,0.06994707574542193
0.00017787668700389105,0.06990028293926322
0.00017798785993326848,0.06978269300956431
0.0001780990328626459,0.06984262909831387
0.00017821020579202333,0.0696767196309831
0.0001783213787214008,0.06964893875417967
0.00017843255165077821,0.06952560816435865
0.00017854372458015564,0.06954847698702954
0.00017865489750953307,0.06940424177900247
0.0001787660704389105,0.06932349570642053
0.00017887724336828793,0.06923241625007322
0.00017898841629766535,0.0691365204856163
0.0001790995892270428,0.06901666482676867
0.00017921076215642024,0.06897760251609451
0.00017932193508579767,0.06895884522750656
0.0001794331080151751,0.0689841986965253
0.00017954428094455252,0.06891528964205801
0.00017965545387392995,0.06894633163777031
0.00017976662680330738,0.06890383440395614
0.00017987779973268483,0.06883782535008315
0.00017998897266206226,0.06878574364352123
0.0001801001455914397,0.06878229649796301
0.00018021131852081712,0.06881750883609934
0.00018032249145019454,0.06876416127542181
0.00018043366437957197,0.06881139224304546
0.00018054483730894943,0.0687257948665411
0.00018065601023832686,0.06874685407804774
0.00018076718316770428,0.06871081900558336
0.0001808783560970817,0.06871394241085374
0.00018098952902645914,0.0686049703766038
0.00018110070195583657,0.06849677766072287
0.000181211874885214,0.06832448680857951
0.00018132304781459145,0.0682092241771575
0.00018143422074396888,0.0680794268062799
0.0001815453936733463,0.06802795897032274
0.00018165656660272373,0.06794465771571151
0.00018176773953210116,0.06787725804497588
0.0001818789124614786,0.06777464725826521
0.00018199008539085602,0.06768682968243352
0.00018210125832023347,0.06757166661408827
0.0001822124312496109,0.06747577696565764
0.00018232360417898833,0.06733876309195834
0.00018243477710836576,0.06727038131604365
0.00018254595003774319,0.06720551028814462
0.0001826571229671206,0.06722357948653693
0.00018276829589649804,0.06712938541029652
0.0001828794688258755,0.0670276961538854
0.00018299064175525292,0.06695448013170581
0.00018310181468463035,0.06685073695973573
0.00018321298761400778,0.06677565754842925
0.0001833241605433852,0.06663363400026937
0.00018343533347276264,0.06656537909066768
0.00018354650640214006,0.06647422469633335
0.00018365767933151752,0.06642998988748508
0.00018376885226089495,0.06636186993970168
0.00018388002519027238,0.06631206838344472
0.0001839911981196498,0.06618170608195124
0.00018410237104902723,0.06620634627143034
0.00018421354397840466,0.0660468928126661
0.0001843247169077821,0.06598649919715045
0.00018443588983715954,0.06580788825141615
0.00018454706276653697,0.06568935859913087
0.0001846582356959144,0.0654992999836996
0.00018476940862529183,0.06542102014566205
0.00018488058155466925,0.06528333347964634
0.00018499175448404668,0.06520535862051101
0.0001851029274134241,0.06504804987988569
0.00018521410034280156,0.06490949873631824
0.000185325273272179,0.06472459648528531
0.00018543644620155642,0.06462596220155478
0.00018554761913093385,0.0644473728619613
0.00018565879206031128,0.06436372571717981
0.0001857699649896887,0.06427572665703257
0.00018588113791906613,0.06424340627713293
0.0001859923108484436,0.06414678974895703
0.00018610348377782102,0.06406163893327552
0.00018621465670719844,0.06398681353914284
0.00018632582963657587,0.06398469768830055
0.0001864370025659533,0.06397106814485944
0.00018654817549533073,0.06390696874870674
0.00018665934842470816,0.06393059490477447
0.0001867705213540856,0.06379079991686665
0.00018688169428346304,0.06367791803325945
0.00018699286721284047,0.06358316351290863
0.0001871040401422179,0.06351931283192873
0.00018721521307159532,0.06343890390399927
0.00018732638600097275,0.06333837996619687
0.0001874375589303502,0.06322709462891024
0.00018754873185972763,0.06310561193915318
0.00018765990478910506,0.06296777453120408
0.0001877710777184825,0.06285354534458966
0.00018788225064785992,0.06265870111965399
0.00018799342357723735,0.06251033877083745
0.00018810459650661477,0.06234976753157871
0.00018821576943599223,0.06218254179052468
0.00018832694236536966,0.06201982452854047
0.00018843811529474708,0.061955786134754394
0.0001885492882241245,0.061844779148984765
0.00018866046115350194,0.06178952679936172
0.00018877163408287937,0.06171179758151616
0.0001888828070122568,0.06165410778038937
0.00018899397994163425,0.0615892645774709
0.00018910515287101168,0.0615677190879459
0.0001892163258003891,0.06155944326099373
0.00018932749872976654,0.061477168760411496
0.00018943867165914396,0.061490315294578296
0.0001895498445885214,0.061468368000103975
0.00018966101751789882,0.06147754179956123
0.00018977219044727627,0.0614485057279476
0.0001898833633766537,0.061489825315576174
0.00018999453630603113,0.0614582011383794
0.00019010570923540856,0.06146319317000258
0.00019021688216478599,0.0613968257754785
0.00019032805509416341,0.06138576916397511
0.00019043922802354084,0.06133874127772248
0.0001905504009529183,0.061289982942848646
0.00019066157388229573,0.06116118635751965
0.00019077274681167315,0.061150736758802136
0.00019088391974105058,0.06102606161365564
0.000190995092670428,0.06100990736160037
0.00019110626559980544,0.06086979380879984
0.00019121743852918287,0.060850093427669776
0.00019132861145856032,0.0607549118796324
0.00019143978438793775,0.060670065935269885
0.00019155095731731518,0.06057672274690539
0.0001916621302466926,0.06051918567065619
0.00019177330317607003,0.060427447933316614
0.00019188447610544746,0.06041137650559075
0.0001919956490348249,0.06034125613603236
0.00019210682196420234,0.060295675845732984
0.00019221799489357977,0.06025635863754593
0.0001923291678229572,0.0602838824117627
0.00019244034075233463,0.06028149820156605
0.00019255151368171206,0.0603070162435347
0.00019266268661108948,0.06030992647375582
0.0001927738595404669,0.06027951989423637
0.00019288503246984437,0.06025101408116506
0.0001929962053992218,0.06028184952145297
0.00019310737832859922,0.06034149894019353
0.00019321855125797665,0.06034931747696502
0.00019332972418735408,0.060282134662757836
0.0001934408971167315,0.06031538180551094
0.00019355207004610893,0.0603578065249643
0.0001936632429754864,0.06039655763283982
0.00019377441590486382,0.06039418388087868
0.00019388558883424125,0.06034063437864972
0.00019399676176361867,0.06031444791456595
0.0001941079346929961,0.060223760176834236
0.00019421910762237353,0.060169218811632265
0.00019433028055175096,0.060050778237598995
0.0001944414534811284,0.06006215860681307
0.00019455262641050584,0.06002866819104251
0.00019466379933988327,0.059995598469424066
0.0001947749722692607,0.059963002022583034
0.00019488614519863812,0.05993093143113608
0.00019499731812801555,0.05989943927569988
0.000195108491057393,0.059868578136891115
0.00019521966398677043,0.05983840059532647
0.00019533083691614786,0.059808959231622605
0.0001954420098455253,0.05978030662639621
0.00019555318277490272,0.05975249536026396
0.00019566435570428015,0.05972557801384253
0.00019577552863365757,0.05969960716774861
0.00019588670156303503,0.059674635402598854
0.00019599787449241246,0.059650715299009956
0.00019610904742178989,0.05962789943759859
0.00019622022035116731,0.05960624039898142
0.00019633139328054474,0.05958579076377515
0.00019644256620992217,0.059566603112596435
0.0001965537391392996,0.059548730026061966
0.00019666491206867705,0.059532224084788414
0.00019677608499805448,0.05951713786939245
0.0001968872579274319,0.059503523960490766
0.00019699843085680934,0.05949143493870003
0.00019710960378618676,0.05948092338463692
0.0001972207767155642,0.059472041878918115
0.00019733194964494162,0.05946484300216029
0.00019744312257431908,0.05945937933498012
0.0001975542955036965,0.059455703457994294
0.00019766546843307393,0.05945386795181948
0.00019777664136245136,0.05945392539707235
0.0001978878142918288,0.059455928374369596
0.00019799898722120622,0.05945992946432789
0.00019811016015058364,0.0594659812475639
0.0001982213330799611,0.059474136304694315
0.00019833250600933853,0.059484447216335806
0.00019844367893871595,0.05949696656310505
0.00019855485186809338,0.059511746925618725
0.0001986660247974708,0.05952884088449351
0.00019877719772684824,0.059548301020346084
0.00019888837065622567,0.059570179913793125
0.00019899954358560312,0.059594530145451304
0.00019911071651498055,0.059621404295937305
0.00019922188944435798,0.059650854945867804
0.0001993330623737354,0.05968293467585947
0.00019944423530311283,0.05971769606652899
0.00019955540823249026,0.05975519169849304
0.0001996665811618677,0.05979547415236829
0.00019977775409124514,0.05983859600877143
0.00019988892702062257,0.05988460984831913
0.00020000009995,0.059933568251628065
