Time,Amplitude
0.0,5.039814953790984
1.111729293774319e-07,5.040498668841429
2.223458587548638e-07,5.0411481940976595
3.3351878813229573e-07,5.041764208860932
4.446917175097276e-07,5.042347392432499
5.558646468871596e-07,5.042898424113619
6.670375762645915e-07,5.043417983205544
7.782105056420233e-07,5.043906749009532
8.893834350194552e-07,5.0443654008268375
1.0005563643968871e-06,5.044794617958715
1.1117292937743191e-06,5.04519507970642
1.222902223151751e-06,5.0455674653712075
1.334075152529183e-06,5.045912454254334
1.4452480819066147e-06,5.046230725657053
1.5564210112840467e-06,5.0465229588806215
1.6675939406614785e-06,5.046789833226294
1.7787668700389105e-06,5.047032027995325
1.8899397994163425e-06,5.04725022248897
2.0011127287937743e-06,5.047445096008485
2.112285658171206e-06,5.047617327855126
2.2234585875486383e-06,5.047767597330146
2.33463151692607e-06,5.0478965837348015
2.445804446303502e-06,5.048004966370348
2.5569773756809336e-06,5.048093424538041
2.668150305058366e-06,5.048162637539134
2.7793232344357976e-06,5.048213284674883
2.8904961638132294e-06,5.048246045246545
3.0016690931906616e-06,5.048261598555373
3.1128420225680934e-06,5.048260623902624
3.224014951945525e-06,5.048243800589552
3.335187881322957e-06,5.048211807917412
3.446360810700389e-06,5.048165325187461
3.557533740077821e-06,5.048105031700953
3.6687066694552528e-06,5.048031606759142
3.779879598832685e-06,5.047945729663287
3.891052528210116e-06,5.047848079714639
4.0022254575875485e-06,5.047739336214455
4.113398386964981e-06,5.047620178463991
4.224571316342412e-06,5.047491285764502
4.335744245719844e-06,5.047353337417243
4.4469171750972765e-06,5.047207012723469
4.558090104474708e-06,5.047052990984435
4.66926303385214e-06,5.046891951501396
4.780435963229572e-06,5.046724573575609
4.891608892607004e-06,5.046551536508328
5.002781821984436e-06,5.046373519600809
5.113954751361867e-06,5.046191202154305
5.2251276807392995e-06,5.046005263470074
5.336300610116732e-06,5.04581638284937
5.447473539494163e-06,5.045625239593448
5.558646468871595e-06,5.045432513002843
5.6698193982490274e-06,5.045124323195398
5.780992327626459e-06,5.044698050345081
5.892165257003891e-06,5.04353140638081
6.003338186381323e-06,5.043879408582043
6.114511115758755e-06,5.044204474420349
6.225684045136187e-06,5.044182140894776
6.336856974513619e-06,5.043937697116757
6.44802990389105e-06,5.04351370436922
6.559202833268483e-06,5.0433614851683
6.670375762645914e-06,5.0427400060904075
6.781548692023346e-06,5.042017633400209
6.892721621400778e-06,5.042510052914511
7.00389455077821e-06,5.042334686075645
7.115067480155642e-06,5.042191166173566
7.226240409533074e-06,5.042239680578222
7.3374133389105055e-06,5.042538948109645
7.448586268287938e-06,5.042034372880004
7.55975919766537e-06,5.04275812189751
7.670932127042801e-06,5.042838684290524
7.782105056420233e-06,5.042972550248643
7.893277985797666e-06,5.043181306470543
8.004450915175097e-06,5.043315473933404
8.115623844552528e-06,5.044782080968177
8.226796773929961e-06,5.045496623543941
8.337969703307393e-06,5.045091219619036
8.449142632684824e-06,5.046420379470225
8.560315562062257e-06,5.047444780004357
8.671488491439689e-06,5.0478889106200855
8.78266142081712e-06,5.047583941711562
8.893834350194553e-06,5.047080903481181
9.005007279571984e-06,5.047469838488528
9.116180208949416e-06,5.046988953441873
9.227353138326849e-06,5.04779714268238
9.33852606770428e-06,5.048100709328297
9.449698997081712e-06,5.048255256697617
9.560871926459145e-06,5.047830551179
9.672044855836576e-06,5.047227126965887
9.783217785214007e-06,5.047024017256803
9.89439071459144e-06,5.046957744628458
1.0005563643968872e-05,5.046585671589253
1.0116736573346303e-05,5.046283864072505
1.0227909502723734e-05,5.046031773372936
1.0339082432101168e-05,5.045627523605166
1.0450255361478599e-05,5.045765348827788
1.056142829085603e-05,5.044618761943905
1.0672601220233463e-05,5.044303456679966
1.0783774149610895e-05,5.044856668282922
1.0894947078988326e-05,5.043779183934092
1.1006120008365759e-05,5.043426736779364
1.111729293774319e-05,5.0431764476639875
1.1228465867120622e-05,5.043027132488908
1.1339638796498055e-05,5.043063930885269
1.1450811725875486e-05,5.043601616277828
1.1561984655252918e-05,5.0433975121647245
1.167315758463035e-05,5.0435157191496875
1.1784330514007782e-05,5.043856220766735
1.1895503443385213e-05,5.0441538412670806
1.2006676372762646e-05,5.044006271831394
1.2117849302140078e-05,5.044423709162534
1.222902223151751e-05,5.0439221319634
1.2340195160894942e-05,5.044474206621211
1.2451368090272374e-05,5.044513512250165
1.2562541019649805e-05,5.044806492509458
1.2673713949027238e-05,5.044475071730126
1.278488687840467e-05,5.045336406936212
1.28960598077821e-05,5.045031451103233
1.3007232737159532e-05,5.044690072130258
1.3118405666536965e-05,5.044940926120052
1.3229578595914397e-05,5.04442108527647
1.3340751525291828e-05,5.044097587855011
1.3451924454669261e-05,5.044112511559581
1.3563097384046692e-05,5.043021538027322
1.3674270313424124e-05,5.042713057894808
1.3785443242801557e-05,5.0425142826590434
1.3896616172178988e-05,5.042104927966172
1.400778910155642e-05,5.041742659486151
1.4118962030933853e-05,5.040761734202027
1.4230134960311284e-05,5.041062404810907
1.4341307889688715e-05,5.040983022580249
1.4452480819066148e-05,5.040956510044764
1.456365374844358e-05,5.040772682627115
1.4674826677821011e-05,5.041484123894474
1.4785999607198444e-05,5.041052210740634
1.4897172536575875e-05,5.0404765219272765
1.5008345465953307e-05,5.040338176723966
1.511951839533074e-05,5.040188080122437
1.5230691324708171e-05,5.04050250341518
1.5341864254085603e-05,5.040511372204881
1.5453037183463034e-05,5.040047782885403
1.5564210112840465e-05,5.039410380840124
1.56753830422179e-05,5.03940971720107
1.578655597159533e-05,5.040537192834693
1.5897728900972763e-05,5.040223143943113
1.6008901830350194e-05,5.040927515200279
1.6120074759727626e-05,5.04096489593973
1.6231247689105057e-05,5.04149279727364
1.634242061848249e-05,5.041645707077466
1.6453593547859923e-05,5.040639787748013
1.6564766477237354e-05,5.040121516581245
1.6675939406614786e-05,5.038784417613997
1.6787112335992217e-05,5.040005323415098
1.689828526536965e-05,5.040101975435485
1.7009458194747083e-05,5.04055001345898
1.7120631124124515e-05,5.041147287824443
1.7231804053501946e-05,5.040798233556257
1.7342976982879377e-05,5.041216630160165
1.745414991225681e-05,5.041333799799053
1.756532284163424e-05,5.0416756382414505
1.767649577101167e-05,5.041513184669056
1.7787668700389106e-05,5.041893405129286
1.7898841629766537e-05,5.042530310615656
1.801001455914397e-05,5.043991484120027
1.81211874885214e-05,5.044653721070667
1.823236041789883e-05,5.045287536138928
1.8343533347276263e-05,5.045270916373133
1.8454706276653698e-05,5.0455862251112205
1.856587920603113e-05,5.045784011775817
1.867705213540856e-05,5.0462174321227025
1.8788225064785992e-05,5.046421174877551
1.8899397994163423e-05,5.046593227801233
1.9010570923540854e-05,5.047041083239402
1.912174385291829e-05,5.04787702321904
1.923291678229572e-05,5.047845479250416
1.9344089711673152e-05,5.047376964778417
1.9455262641050583e-05,5.046862900274031
1.9566435570428015e-05,5.046159778828917
1.9677608499805446e-05,5.045641993541866
1.978878142918288e-05,5.044677226280659
1.9899954358560312e-05,5.043803525447427
2.0011127287937744e-05,5.044801730245784
2.0122300217315175e-05,5.044801003109937
2.0233473146692606e-05,5.044096833918229
2.0344646076070038e-05,5.0444838993609
2.045581900544747e-05,5.044038038921924
2.0566991934824904e-05,5.043900502733539
2.0678164864202335e-05,5.04356477881572
2.0789337793579766e-05,5.04404626374647
2.0900510722957198e-05,5.044479331779307
2.101168365233463e-05,5.0454846334712915
2.112285658171206e-05,5.045419790580933
2.1234029511089495e-05,5.045698528483056
2.1345202440466927e-05,5.045148126029021
2.1456375369844358e-05,5.045086161298781
2.156754829922179e-05,5.044759309978353
2.167872122859922e-05,5.044304870276835
2.1789894157976652e-05,5.044633207850628
2.1901067087354087e-05,5.044130964509787
2.2012240016731518e-05,5.044276552527587
2.212341294610895e-05,5.0439178197334416
2.223458587548638e-05,5.043932749280327
2.2345758804863812e-05,5.043780214376235
2.2456931734241244e-05,5.04391863822725
2.256810466361868e-05,5.043055398434324
2.267927759299611e-05,5.0420874424762
2.279045052237354e-05,5.042105939112473
2.2901623451750973e-05,5.041909574240121
2.3012796381128404e-05,5.041269623025118
2.3123969310505835e-05,5.041196826338763
2.3235142239883267e-05,5.040333425388573
2.33463151692607e-05,5.0401545444610925
2.3457488098638133e-05,5.0398708985041
2.3568661028015564e-05,5.039865680685577
2.3679833957392995e-05,5.039902040562434
2.3791006886770427e-05,5.039346894890867
2.3902179816147858e-05,5.0400120133548265
2.4013352745525293e-05,5.039570953035825
2.4124525674902724e-05,5.039504856025352
2.4235698604280156e-05,5.0395498280487185
2.4346871533657587e-05,5.038249441789501
2.445804446303502e-05,5.038408322089425
2.456921739241245e-05,5.038328075423457
2.4680390321789884e-05,5.037652081157989
2.4791563251167316e-05,5.038849431692418
2.4902736180544747e-05,5.03791047557366
2.501390910992218e-05,5.037962901074185
2.512508203929961e-05,5.038047755611338
2.523625496867704e-05,5.038433290128464
2.5347427898054476e-05,5.03901205708996
2.5458600827431907e-05,5.039663596567004
2.556977375680934e-05,5.040149279296746
2.568094668618677e-05,5.040924216085523
2.57921196155642e-05,5.041271572491214
2.5903292544941633e-05,5.041008924657333
2.6014465474319064e-05,5.04088919468223
2.61256384036965e-05,5.04125696522618
2.623681133307393e-05,5.0409795173964325
2.634798426245136e-05,5.040680416669289
2.6459157191828793e-05,5.040535358288066
2.6570330121206224e-05,5.040960473571501
2.6681503050583656e-05,5.0416806293544205
2.679267597996109e-05,5.042326716346551
2.6903848909338522e-05,5.04212925599569
2.7015021838715953e-05,5.041519302519204
2.7126194768093385e-05,5.0411688810304485
2.7237367697470816e-05,5.040284815075929
2.7348540626848247e-05,5.040552443056785
2.7459713556225682e-05,5.039455067193889
2.7570886485603113e-05,5.038764919375095
2.7682059414980545e-05,5.038667988531146
2.7793232344357976e-05,5.038901036806497
2.7904405273735408e-05,5.0407353491533025
2.801557820311284e-05,5.041206409037971
2.8126751132490274e-05,5.041025499708289
2.8237924061867705e-05,5.041451896208981
2.8349096991245136e-05,5.041514276419249
2.8460269920622568e-05,5.042788490992732
2.857144285e-05,5.042818440486204
2.868261577937743e-05,5.042523656348482
2.8793788708754862e-05,5.042410636768206
2.8904961638132297e-05,5.042429147783688
2.9016134567509728e-05,5.041988928428087
2.912730749688716e-05,5.0423399906293325
2.923848042626459e-05,5.041901980884308
2.9349653355642022e-05,5.041206406025963
2.9460826285019453e-05,5.0406840816276945
2.9571999214396888e-05,5.041009886200954
2.968317214377432e-05,5.040920751158984
2.979434507315175e-05,5.040907436091005
2.9905518002529182e-05,5.0417461441876465
3.0016690931906614e-05,5.0401508394828864
3.0127863861284045e-05,5.039821630622855
3.023903679066148e-05,5.038710652719371
3.035020972003891e-05,5.037604881325699
3.0461382649416342e-05,5.037922262012685
3.057255557879378e-05,5.038858711088187
3.0683728508171205e-05,5.038997806786409
3.079490143754864e-05,5.039387310072089
3.090607436692607e-05,5.039498649976493
3.10172472963035e-05,5.040343418019748
3.112842022568093e-05,5.0409886664840435
3.1239593155058365e-05,5.040692919270207
3.13507660844358e-05,5.040707440199181
3.146193901381323e-05,5.041330391201427
3.157311194319066e-05,5.041849076339832
3.168428487256809e-05,5.041505650760725
3.1795457801945526e-05,5.040901311493534
3.1906630731322954e-05,5.041486638307711
3.201780366070039e-05,5.040836033235988
3.212897659007782e-05,5.04099908899711
3.224014951945525e-05,5.040293927308799
3.2351322448832686e-05,5.040139419679196
3.2462495378210114e-05,5.039596628134053
3.257366830758755e-05,5.039046709285002
3.268484123696498e-05,5.03884144382123
3.279601416634241e-05,5.0385378289080744
3.2907187095719846e-05,5.03848814388595
3.3018360025097274e-05,5.037961909591963
3.312953295447471e-05,5.036698753342513
3.324070588385214e-05,5.0358111806924155
3.335187881322957e-05,5.037354882231883
3.3463051742607006e-05,5.037516445383076
3.3574224671984434e-05,5.038181242027179
3.368539760136187e-05,5.0386317099386115
3.37965705307393e-05,5.0393472522157605
3.390774346011673e-05,5.040410158669496
3.4018916389494166e-05,5.040166748216054
3.4130089318871594e-05,5.040616909750314
3.424126224824903e-05,5.041965609331288
3.435243517762646e-05,5.041860209489372
3.446360810700389e-05,5.043188651849101
3.457478103638132e-05,5.043216014553259
3.4685953965758755e-05,5.044052977421921
3.479712689513619e-05,5.044739060699101
3.490829982451362e-05,5.0441392819068565
3.501947275389105e-05,5.045020130287081
3.513064568326848e-05,5.045107330625308
3.5241818612645915e-05,5.045210053041513
3.535299154202334e-05,5.045175689714935
3.546416447140078e-05,5.0453285935923935
3.557533740077821e-05,5.045440018524242
3.568651033015564e-05,5.046272448541903
3.5797683259533075e-05,5.046350190243143
3.59088561889105e-05,5.047281243583686
3.602002911828794e-05,5.046554315385362
3.613120204766537e-05,5.0463381773172085
3.62423749770428e-05,5.0461859418689246
3.6353547906420235e-05,5.046791650235587
3.646472083579766e-05,5.046843805324984
3.65758937651751e-05,5.046966471858884
3.6687066694552526e-05,5.046464877896314
3.679823962392996e-05,5.046895245778279
3.6909412553307395e-05,5.0456708933547585
3.702058548268482e-05,5.0454774381359595
3.713175841206226e-05,5.045191952524316
3.7242931341439686e-05,5.044934413767976
3.735410427081712e-05,5.044410313604559
3.746527720019455e-05,5.045090132345316
3.7576450129571984e-05,5.0449016529694415
3.768762305894942e-05,5.044974695704934
3.7798795988326846e-05,5.044915013932173
3.790996891770428e-05,5.04480617597099
3.802114184708171e-05,5.044936744695147
3.8132314776459144e-05,5.044408797921992
3.824348770583658e-05,5.0445424606648235
3.8354660635214006e-05,5.045243523206312
3.846583356459144e-05,5.044795274440869
3.857700649396887e-05,5.044441819967747
3.8688179423346304e-05,5.044380201034477
3.879935235272373e-05,5.044484267628501
3.891052528210117e-05,5.045239849678799
3.90216982114786e-05,5.045248445321585
3.913287114085603e-05,5.044680899748099
3.9244044070233464e-05,5.043893455572404
3.935521699961089e-05,5.044025902245692
3.946638992898833e-05,5.0436246244852025
3.957756285836576e-05,5.043471400958061
3.968873578774319e-05,5.042088887762998
3.9799908717120624e-05,5.0417285091739625
3.991108164649805e-05,5.041425481970958
4.002225457587549e-05,5.040909275169424
4.0133427505252915e-05,5.040920620527349
4.024460043463035e-05,5.0414363748190905
4.0355773364007785e-05,5.0407159596466915
4.046694629338521e-05,5.040774529599292
4.057811922276265e-05,5.040467942327082
4.0689292152140075e-05,5.040603454748371
4.080046508151751e-05,5.040377575894745
4.091163801089494e-05,5.039814942352134
4.102281094027237e-05,5.039546079855557
4.113398386964981e-05,5.038658534596175
4.1245156799027235e-05,5.040322845028262
4.135632972840467e-05,5.040717939317154
4.14675026577821e-05,5.041486165095307
4.157867558715953e-05,5.04269086650013
4.168984851653697e-05,5.042583965363698
4.1801021445914396e-05,5.041979909880884
4.191219437529183e-05,5.04199574160117
4.202336730466926e-05,5.0428612326765965
4.213454023404669e-05,5.043721410749464
4.224571316342412e-05,5.043037527925398
4.2356886092801556e-05,5.042193813609315
4.246805902217899e-05,5.042353219190271
4.257923195155642e-05,5.042117479781879
4.269040488093385e-05,5.041431743567662
4.280157781031128e-05,5.040798273508297
4.2912750739688716e-05,5.040853573260173
4.3023923669066144e-05,5.0411746985143315
4.313509659844358e-05,5.040976705107392
4.3246269527821014e-05,5.0408282409115905
4.335744245719844e-05,5.040175016040343
4.3468615386575876e-05,5.040369093225743
4.3579788315953304e-05,5.040183821135072
4.369096124533074e-05,5.039625010468393
4.3802134174708174e-05,5.040001216856935
4.39133071040856e-05,5.040398289712861
4.4024480033463036e-05,5.040542789133205
4.4135652962840464e-05,5.040164469880445
4.42468258922179e-05,5.0406449156556015
4.435799882159533e-05,5.042085571918947
4.446917175097276e-05,5.042142233837445
4.45803446803502e-05,5.0418840233191435
4.4691517609727625e-05,5.042013637847898
4.480269053910506e-05,5.04196132374539
4.491386346848249e-05,5.041646855645174
4.502503639785992e-05,5.041083704690952
4.513620932723736e-05,5.039477655083675
4.5247382256614785e-05,5.040037981910029
4.535855518599222e-05,5.039973092790695
4.546972811536965e-05,5.0395807206535315
4.558090104474708e-05,5.039520503583292
4.569207397412451e-05,5.039117709637198
4.5803246903501945e-05,5.037917853663606
4.591441983287938e-05,5.03781696420812
4.602559276225681e-05,5.037272888504531
4.613676569163424e-05,5.039005847298209
4.624793862101167e-05,5.038191053755396
4.6359111550389105e-05,5.038622442059129
4.647028447976653e-05,5.038132645107878
4.658145740914397e-05,5.038672131503276
4.66926303385214e-05,5.038601480399174
4.680380326789883e-05,5.038352161597893
4.6914976197276265e-05,5.037321505079654
4.7026149126653693e-05,5.03692915157917
4.713732205603113e-05,5.036680566769241
4.724849498540856e-05,5.036727608625316
4.735966791478599e-05,5.037786139648003
4.7470840844163426e-05,5.037801918227973
4.7582013773540854e-05,5.037394572793557
4.769318670291829e-05,5.037580081027127
4.7804359632295716e-05,5.037905419977986
4.791553256167315e-05,5.037625013025931
4.8026705491050586e-05,5.038085797408269
4.8137878420428014e-05,5.038467851064736
4.824905134980545e-05,5.038707108893394
4.8360224279182877e-05,5.038531371889437
4.847139720856031e-05,5.038687033875431
4.858257013793774e-05,5.039813427456462
4.8693743067315174e-05,5.040261735456687
4.880491599669261e-05,5.0409540789266565
4.891608892607004e-05,5.041305794806373
4.902726185544747e-05,5.04140817243662
4.91384347848249e-05,5.041054344645028
4.9249607714202334e-05,5.0405242918885484
4.936078064357977e-05,5.040524185604046
4.94719535729572e-05,5.039727340080323
4.958312650233463e-05,5.105061777000625
4.969429943171206e-05,5.168503129303739
4.9805472361089494e-05,5.225704020277464
4.991664529046692e-05,5.2758716631857645
5.002781821984436e-05,5.319674623409404
5.013899114922179e-05,5.35552311741112
5.025016407859922e-05,5.386567794460094
5.0361337007976655e-05,5.410921874170312
5.047250993735408e-05,5.428391646208477
5.058368286673152e-05,5.4401686551765795
5.069485579610895e-05,5.445124156641512
5.080602872548638e-05,5.445723249023396
5.0917201654863815e-05,5.44072753898157
5.102837458424124e-05,5.428574720253341
5.113954751361868e-05,5.411813564983258
5.1250720442996105e-05,5.390307947345292
5.136189337237354e-05,5.363464640569957
5.1473066301750975e-05,5.3319668874318324
5.15842392311284e-05,5.296298231727919
5.169541216050584e-05,5.25641650876134
5.1806585089883266e-05,5.211727625914748
5.19177580192607e-05,5.162839278141236
5.202893094863813e-05,5.109118525083431
5.214010387801556e-05,5.051569063716692
5.2251276807393e-05,4.98956008113367
5.2362449736770426e-05,4.92406840792942
5.247362266614786e-05,4.85498647279331
5.258479559552529e-05,4.782276822628107
5.269596852490272e-05,4.706414372219105
5.280714145428016e-05,4.627282883500653
5.2918314383657586e-05,4.546013472725168
5.302948731303502e-05,4.4616191127763
5.314066024241245e-05,4.374749031687197
5.3251833171789884e-05,4.2845204625610895
5.336300610116731e-05,4.1911692410186765
5.3474179030544746e-05,4.096801706919806
5.358535195992218e-05,4.001182796311451
5.369652488929961e-05,3.901790147478688
5.3807697818677044e-05,3.801290433461765
5.391887074805447e-05,3.699788015696965
5.4030043677431907e-05,3.5963438999843893
5.4141216606809334e-05,3.4911009256539693
5.425238953618677e-05,3.3852461396588773
5.4363562465564204e-05,3.2774638433118337
5.447473539494163e-05,3.1695155261298993
5.458590832431907e-05,3.0608466279944793
5.4697081253696495e-05,2.951591877879957
5.480825418307393e-05,2.8406928114993657
5.4919427112451364e-05,2.730134918475965
5.503060004182879e-05,2.619050148664512
5.514177297120623e-05,2.507584462121677
5.5252945900583655e-05,2.3966965146337134
5.536411882996109e-05,2.287002752574771
5.547529175933852e-05,2.1763612674058046
5.558646468871595e-05,2.0668264110793912
5.569763761809339e-05,1.9587347275022884
5.5808810547470815e-05,1.8499842598221223
5.591998347684825e-05,1.7427837739243972
5.603115640622568e-05,1.6361314907531785
5.614232933560311e-05,1.5309234252500923
5.625350226498055e-05,1.4272107697393117
5.6364675194357975e-05,1.325891257412987
5.647584812373541e-05,1.2254857147348044
5.658702105311284e-05,1.1264181566955664
5.669819398249027e-05,1.0290436611961071
5.68093669118677e-05,0.9348849505352069
5.6920539841245135e-05,0.8415209317635093
5.703171277062257e-05,0.7520637641944281
5.71428857e-05,0.6643076767450201
5.725405862937743e-05,0.5796607144752168
5.736523155875486e-05,0.49613980050767087
5.7476404488132296e-05,0.41708001451857496
5.7587577417509724e-05,0.3400984443462397
5.769875034688716e-05,0.26746164225168706
5.780992327626459e-05,0.196989595471985
5.792109620564202e-05,0.13080684420530028
5.8032269135019456e-05,0.06838268249748775
5.8143442064396884e-05,0.010048618678272898
5.825461499377432e-05,-0.044925726957241
5.836578792315175e-05,-0.09597607519759153
5.847696085252918e-05,-0.14215578134923232
5.8588133781906616e-05,-0.1846909350601026
5.8699306711284044e-05,-0.2210374864230935
5.881047964066148e-05,-0.2531172650213779
5.892165257003891e-05,-0.2804752207073298
5.903282549941634e-05,-0.3034712069924487
5.9143998428793776e-05,-0.3208496709217071
5.9255171358171204e-05,-0.33287655389713505
5.936634428754864e-05,-0.33949620051478263
5.947751721692607e-05,-0.3404561235882456
5.95886901463035e-05,-0.33563877288861754
5.9699863075680936e-05,-0.3252319849057563
5.9811036005058364e-05,-0.3092469356235474
5.99222089344358e-05,-0.2872454900780404
6.003338186381323e-05,-0.25841150069297125
6.014455479319066e-05,-0.22399822667274627
6.025572772256809e-05,-0.18216923947421937
6.0366900651945525e-05,-0.1336316311034336
6.047807358132296e-05,-0.0779878102141014
6.058924651070039e-05,-0.01604669458054084
6.070041944007782e-05,0.053881995025037335
6.081159236945525e-05,0.05824260271068748
6.0922765298832685e-05,0.05877331849407231
6.103393822821011e-05,0.05849510286112838
6.114511115758755e-05,0.058638560856256544
6.125628408696498e-05,0.05738274654279219
6.136745701634241e-05,0.0572645742120323
6.147862994571984e-05,0.056399119412614426
6.158980287509728e-05,0.05536805204009077
6.170097580447471e-05,0.05403326559787944
6.181214873385214e-05,0.053120665312381285
6.192332166322958e-05,0.05283878768130716
6.2034494592607e-05,0.05211201362425936
6.214566752198443e-05,0.051478871526354913
6.225684045136186e-05,0.0523195399222013
6.23680133807393e-05,0.052378596867593094
6.247918631011673e-05,0.05193214875779469
6.259035923949416e-05,0.052354892713602205
6.27015321688716e-05,0.0516357350103909
6.281270509824903e-05,0.05110774055442189
6.292387802762646e-05,0.050036808657442366
6.303505095700388e-05,0.04990126464082367
6.314622388638133e-05,0.0492431909509277
6.325739681575875e-05,0.049358149837715366
6.336856974513618e-05,0.049299294145696726
6.347974267451362e-05,0.050574564489075755
6.359091560389105e-05,0.05096742132998114
6.370208853326848e-05,0.050755446575490096
6.381326146264591e-05,0.05027340979880002
6.392443439202335e-05,0.05083255017643598
6.403560732140078e-05,0.051143830254758306
6.41467802507782e-05,0.05138933335333371
6.425795318015565e-05,0.05181056019734549
6.436912610953307e-05,0.05193199396491446
6.44802990389105e-05,0.05234799345422407
6.459147196828794e-05,0.05369425134624087
6.470264489766537e-05,0.05345464646703026
6.48138178270428e-05,0.053532774342661134
6.492499075642023e-05,0.05442109565135558
6.503616368579767e-05,0.055180680697985714
6.51473366151751e-05,0.055010239798416107
6.525850954455252e-05,0.055871520828471063
6.536968247392997e-05,0.05697807831165961
6.54808554033074e-05,0.05716166591205511
6.559202833268482e-05,0.05757701735178896
6.570320126206225e-05,0.05834189719637702
6.581437419143969e-05,0.058664114093463685
6.592554712081712e-05,0.058635901963315605
6.603672005019455e-05,0.05924675635371028
6.614789297957199e-05,0.05999683478412232
6.625906590894942e-05,0.06132100731325302
6.637023883832685e-05,0.06118715130551636
6.648141176770427e-05,0.061039302231111
6.659258469708171e-05,0.060425374418038344
6.670375762645914e-05,0.06097768492362714
6.681493055583657e-05,0.06079337037981609
6.692610348521401e-05,0.06035410627421003
6.703727641459144e-05,0.0603294184494132
6.714844934396887e-05,0.05956824368329648
6.72596222733463e-05,0.05967536812006206
6.737079520272374e-05,0.059405362365577266
6.748196813210117e-05,0.05933480281338104
6.75931410614786e-05,0.05920770867706433
6.770431399085604e-05,0.05823825653400571
6.781548692023346e-05,0.05843544993333123
6.792665984961089e-05,0.05814498504266101
6.803783277898833e-05,0.05745169328390068
6.814900570836576e-05,0.05715265542135325
6.826017863774319e-05,0.05731484236539503
6.837135156712062e-05,0.05727480274966286
6.848252449649806e-05,0.056292402813418345
6.859369742587549e-05,0.05559460069735868
6.870487035525291e-05,0.055055880450134834
6.881604328463036e-05,0.05489464087726307
6.892721621400778e-05,0.05432351827126029
6.903838914338521e-05,0.053773810343310025
6.914956207276264e-05,0.05269130199265321
6.926073500214008e-05,0.052800596768742485
6.937190793151751e-05,0.05219769672015393
6.948308086089494e-05,0.052091969542292046
6.959425379027238e-05,0.05186537002457514
6.97054267196498e-05,0.05223009183361185
6.981659964902723e-05,0.052402434931029224
6.992777257840466e-05,0.05146867978093535
7.00389455077821e-05,0.0505554429299609
7.015011843715953e-05,0.049681615008570885
7.026129136653696e-05,0.049373364955212926
7.03724642959144e-05,0.04912787219926658
7.048363722529183e-05,0.04673873943383939
7.059481015466926e-05,0.046574032833769645
7.070598308404669e-05,0.04570387633535335
7.081715601342413e-05,0.04510597794328967
7.092832894280155e-05,0.0439327344301673
7.103950187217898e-05,0.043261366528869055
7.115067480155642e-05,0.0416422722945533
7.126184773093385e-05,0.04062555571706578
7.137302066031128e-05,0.04016435901834752
7.148419358968871e-05,0.03940322723542693
7.159536651906615e-05,0.0384575719035981
7.170653944844358e-05,0.03783158657670873
7.1817712377821e-05,0.03818830363701719
7.192888530719845e-05,0.037400831865466486
7.204005823657588e-05,0.036327152237204875
7.21512311659533e-05,0.03520829856541056
7.226240409533074e-05,0.03378605078530556
7.237357702470817e-05,0.033045497922815276
7.24847499540856e-05,0.032489623521990696
7.259592288346303e-05,0.03222223697005756
7.270709581284047e-05,0.03125049553831551
7.28182687422179e-05,0.03063825770088867
7.292944167159533e-05,0.030366400413587916
7.304061460097277e-05,0.029570082473442647
7.31517875303502e-05,0.029155361773511773
7.326296045972762e-05,0.029188638059057123
7.337413338910505e-05,0.02892814993870563
7.348530631848249e-05,0.028051242544307273
7.359647924785992e-05,0.027661048938053212
7.370765217723735e-05,0.027534721161330163
7.381882510661479e-05,0.0274870182792284
7.392999803599222e-05,0.026888884451571747
7.404117096536965e-05,0.026806829814317364
7.415234389474707e-05,0.027212387622889647
7.426351682412452e-05,0.02686378796081764
7.437468975350194e-05,0.02640972881750327
7.448586268287937e-05,0.025840448702325765
7.459703561225681e-05,0.025997274154303064
7.470820854163424e-05,0.025452706756803976
7.481938147101167e-05,0.02549667502074146
7.49305544003891e-05,0.025315914271893003
7.504172732976654e-05,0.026041263763122827
7.515290025914397e-05,0.026122144561658726
7.52640731885214e-05,0.026044503610066
7.537524611789884e-05,0.026600206059393658
7.548641904727626e-05,0.026159817969529747
7.559759197665369e-05,0.0268536967901057
7.570876490603113e-05,0.027050283560908526
7.581993783540856e-05,0.026672740405994738
7.593111076478599e-05,0.02821124135955343
7.604228369416342e-05,0.02812282409046077
7.615345662354086e-05,0.02868144344759128
7.626462955291829e-05,0.028741176315988548
7.637580248229572e-05,0.028751890116232966
7.648697541167316e-05,0.027876333570827062
7.659814834105058e-05,0.028201015775289072
7.670932127042801e-05,0.02776579343108845
7.682049419980544e-05,0.028992147669379534
7.693166712918288e-05,0.029908276914795192
7.704284005856031e-05,0.030221717783234167
7.715401298793774e-05,0.03005711584283226
7.726518591731518e-05,0.030883424469368252
7.737635884669261e-05,0.0316265147915555
7.748753177607004e-05,0.03126566843156623
7.759870470544746e-05,0.032636345922914235
7.77098776348249e-05,0.03421524424460363
7.782105056420233e-05,0.03506092272982068
7.793222349357976e-05,0.035247705891288804
7.80433964229572e-05,0.03599035156053913
7.815456935233463e-05,0.036184157714605945
7.826574228171206e-05,0.0365760007036165
7.837691521108949e-05,0.037695120680464385
7.848808814046693e-05,0.03809913710498407
7.859926106984436e-05,0.038813798669464994
7.871043399922178e-05,0.03930036094593477
7.882160692859923e-05,0.039877711830274686
7.893277985797665e-05,0.040581978264378295
7.904395278735408e-05,0.041188983798611925
7.915512571673152e-05,0.04181060247839953
7.926629864610895e-05,0.041730462566028664
7.937747157548638e-05,0.042957418658855814
7.948864450486381e-05,0.04287190825906011
7.959981743424125e-05,0.04351844959886284
7.971099036361868e-05,0.04409314086022668
7.98221632929961e-05,0.044189599905647886
7.993333622237355e-05,0.043733846770526864
8.004450915175097e-05,0.04365224374577216
8.01556820811284e-05,0.04349227263952301
8.026685501050583e-05,0.04453313134435799
8.037802793988327e-05,0.04520770214774965
8.04892008692607e-05,0.04531357586184613
8.060037379863813e-05,0.04559454706440747
8.071154672801557e-05,0.04664819271939662
8.0822719657393e-05,0.04703268548257461
8.093389258677043e-05,0.047402641055510224
8.104506551614785e-05,0.04767682602236804
8.11562384455253e-05,0.04810004495366131
8.126741137490272e-05,0.048072397387363526
8.137858430428015e-05,0.048621751427810625
8.148975723365759e-05,0.048737549500204716
8.160093016303502e-05,0.04847958385236045
8.171210309241245e-05,0.04933992900868699
8.182327602178988e-05,0.04914793162526737
8.193444895116732e-05,0.049163966415545414
8.204562188054475e-05,0.049312980704881035
8.215679480992217e-05,0.049868809811233074
8.226796773929961e-05,0.04990598571187955
8.237914066867704e-05,0.04991892680090709
8.249031359805447e-05,0.04876546870617259
8.26014865274319e-05,0.048786319592182256
8.271265945680934e-05,0.0487585659741784
8.282383238618677e-05,0.04820629431321023
8.29350053155642e-05,0.04784706152023796
8.304617824494164e-05,0.047522967720504204
8.315735117431907e-05,0.046783377166475
8.32685241036965e-05,0.04688536927568782
8.337969703307394e-05,0.04648540527055167
8.349086996245136e-05,0.04633194121572319
8.360204289182879e-05,0.04480736939532069
8.371321582120622e-05,0.04496479394391417
8.382438875058366e-05,0.04411311366586952
8.393556167996109e-05,0.043888926367553475
8.404673460933852e-05,0.04294987136352193
8.415790753871596e-05,0.04310787194836388
8.426908046809339e-05,0.04270924944236387
8.438025339747081e-05,0.042494071303594304
8.449142632684824e-05,0.0417916417630356
8.460259925622568e-05,0.04102818139517791
8.471377218560311e-05,0.04001820675025253
8.482494511498054e-05,0.039965713743456685
8.493611804435798e-05,0.039713235299928554
8.504729097373541e-05,0.039084360024723645
8.515846390311284e-05,0.039321744779051836
8.526963683249027e-05,0.03925767573140285
8.53808097618677e-05,0.03838342941985466
8.549198269124513e-05,0.0376793953633811
8.560315562062256e-05,0.03754705151293266
8.571432855e-05,0.0375685476036894
8.582550147937743e-05,0.03677041745829632
8.593667440875486e-05,0.03641779864374036
8.604784733813229e-05,0.036154436001296836
8.615902026750973e-05,0.035911884193952345
8.627019319688716e-05,0.03497446818662081
8.638136612626459e-05,0.034291948423066515
8.649253905564203e-05,0.034578570470795024
8.660371198501945e-05,0.033118832981230015
8.671488491439688e-05,0.032960067773521826
8.682605784377432e-05,0.03208126179717411
8.693723077315175e-05,0.032059196520153134
8.704840370252918e-05,0.031329286979696315
8.715957663190661e-05,0.029920362909709883
8.727074956128405e-05,0.030033476302656358
8.738192249066148e-05,0.029316190546563627
8.74930954200389e-05,0.02900627351274411
8.760426834941635e-05,0.029668975992973443
8.771544127879378e-05,0.029569393508466324
8.78266142081712e-05,0.028686165704173993
8.793778713754863e-05,0.02982590086141951
8.804896006692607e-05,0.02883574960252424
8.81601329963035e-05,0.02721915304851998
8.827130592568093e-05,0.027899432863533455
8.838247885505837e-05,0.02758043544349646
8.84936517844358e-05,0.02767489477521827
8.860482471381323e-05,0.02776943874282619
8.871599764319065e-05,0.02824582923446255
8.88271705725681e-05,0.027810320590930318
8.893834350194552e-05,0.026991461088885834
8.904951643132295e-05,0.02682660143445418
8.91606893607004e-05,0.026788640211740447
8.927186229007782e-05,0.027332950184446272
8.938303521945525e-05,0.027326183255738132
8.949420814883268e-05,0.027591296823638308
8.960538107821012e-05,0.027521892157413033
8.971655400758755e-05,0.02808587441239952
8.982772693696497e-05,0.0281997915869135
8.993889986634242e-05,0.028135870545348246
9.005007279571984e-05,0.028307376075070865
9.016124572509727e-05,0.02923407396844732
9.027241865447471e-05,0.029221202338188475
9.038359158385214e-05,0.02914997769682681
9.049476451322957e-05,0.02926408390940703
9.0605937442607e-05,0.029395984318879582
9.071711037198444e-05,0.03001604346000355
9.082828330136187e-05,0.029524948540629828
9.09394562307393e-05,0.029351108096654126
9.105062916011674e-05,0.029802255451835104
9.116180208949416e-05,0.030971744527698807
9.127297501887159e-05,0.03120392006668163
9.138414794824902e-05,0.03171324398783327
9.149532087762646e-05,0.031770312801362874
9.160649380700389e-05,0.03164723484406024
9.171766673638132e-05,0.031908443712152415
9.182883966575876e-05,0.03239940971556745
9.194001259513619e-05,0.03291678877820449
9.205118552451362e-05,0.03327067636169679
9.216235845389104e-05,0.033567689018333735
9.227353138326848e-05,0.0332990769049313
9.238470431264591e-05,0.03346881052950003
9.249587724202334e-05,0.03387309696300049
9.260705017140078e-05,0.03352881795357585
9.271822310077821e-05,0.033785703172301736
9.282939603015564e-05,0.034525251799133905
9.294056895953307e-05,0.03459784250318054
9.305174188891051e-05,0.034626342824082196
9.316291481828794e-05,0.034534394890976226
9.327408774766536e-05,0.03429208165899614
9.33852606770428e-05,0.03385986820398816
9.349643360642023e-05,0.033640334414510115
9.360760653579766e-05,0.03475746111728439
9.37187794651751e-05,0.0354710189634599
9.382995239455253e-05,0.03615710797304941
9.394112532392996e-05,0.03620547953914308
9.405229825330739e-05,0.0371325119820168
9.416347118268483e-05,0.036847993977557524
9.427464411206226e-05,0.03634130429709543
9.438581704143968e-05,0.037230223320290315
9.449698997081713e-05,0.03748021318884911
9.460816290019455e-05,0.03762846394760423
9.471933582957198e-05,0.03838635121718301
9.483050875894941e-05,0.03902274605323491
9.494168168832685e-05,0.03887581353343098
9.505285461770428e-05,0.03909254761837316
9.516402754708171e-05,0.0394373507597005
9.527520047645915e-05,0.03993615900779454
9.538637340583658e-05,0.040099321804163104
9.5497546335214e-05,0.039914254621719485
9.560871926459143e-05,0.03991560279200329
9.571989219396887e-05,0.03945922288348315
9.58310651233463e-05,0.03962304360516767
9.594223805272373e-05,0.04066079260141375
9.605341098210117e-05,0.04040050668484944
9.61645839114786e-05,0.04044479842023657
9.627575684085603e-05,0.039968232056069634
9.638692977023346e-05,0.039968821458035035
9.64981026996109e-05,0.03971884077912437
9.660927562898833e-05,0.03965887400776836
9.672044855836575e-05,0.03937121182627284
9.68316214877432e-05,0.039265914629467435
9.694279441712062e-05,0.03838546224332274
9.705396734649805e-05,0.03854734883204291
9.716514027587548e-05,0.03805397434830938
9.727631320525292e-05,0.03790317687582645
9.738748613463035e-05,0.037409842911955475
9.749865906400778e-05,0.03718642618562256
9.760983199338522e-05,0.0371587528692847
9.772100492276265e-05,0.03665148045835859
9.783217785214007e-05,0.03700957972331125
9.794335078151751e-05,0.036728726784023516
9.805452371089494e-05,0.036247593825175034
9.816569664027237e-05,0.035845540520322405
9.82768695696498e-05,0.03570422096115447
9.838804249902724e-05,0.03557706987616845
9.849921542840467e-05,0.03472337273975014
9.86103883577821e-05,0.034652629269367956
9.872156128715954e-05,0.033983149932101865
9.883273421653697e-05,0.03359558154413495
9.89439071459144e-05,0.03420087698516336
9.905508007529182e-05,0.03409586697101572
9.916625300466926e-05,0.03345069865194517
9.927742593404669e-05,0.03310674148890975
9.938859886342412e-05,0.03409678407347579
9.949977179280156e-05,0.03372741455581084
9.961094472217899e-05,0.03428286217121308
9.972211765155642e-05,0.033502622781964045
9.983329058093384e-05,0.032633988054430844
9.994446351031129e-05,0.032128100338433344
0.00010005563643968871,0.03240130600757759
0.00010016680936906614,0.03222780863148164
0.00010027798229844358,0.031937662491614775
0.00010038915522782101,0.03166716944485377
0.00010050032815719844,0.03070758842589068
0.00010061150108657587,0.03123217419380383
0.00010072267401595331,0.03138310521093248
0.00010083384694533074,0.03127906762318435
0.00010094501987470817,0.030461651109715257
0.0001010561928040856,0.03004658454026423
0.00010116736573346303,0.030159390622789394
0.00010127853866284046,0.02966342552715588
0.0001013897115922179,0.029215517956087227
0.00010150088452159533,0.028313519598550337
0.00010161205745097276,0.027850428370597712
0.00010172323038035019,0.027646354928379323
0.00010183440330972763,0.0268149057488761
0.00010194557623910506,0.025960054888644522
0.00010205674916848249,0.0262615860053901
0.00010216792209785993,0.026374836659699637
0.00010227909502723736,0.02682680359803573
0.00010239026795661478,0.027345399387022917
0.00010250144088599221,0.02787623366935358
0.00010261261381536965,0.027528198187341018
0.00010272378674474708,0.027325611952827768
0.00010283495967412451,0.028221278549538202
0.00010294613260350195,0.028485761210554177
0.00010305730553287938,0.028827049171216566
0.0001031684784622568,0.027922061713178514
0.00010327965139163423,0.028315816720849922
0.00010339082432101168,0.027740102426381967
0.0001035019972503891,0.027827455541970723
0.00010361317017976653,0.028287134135990957
0.00010372434310914397,0.028760403831452574
0.0001038355160385214,0.029529737243400907
0.00010394668896789883,0.02927714956126295
0.00010405786189727626,0.028388754079203805
0.0001041690348266537,0.028956834136739704
0.00010428020775603113,0.028920071215413633
0.00010439138068540855,0.028733899002363995
0.000104502553614786,0.027859729164103234
0.00010461372654416342,0.028395974696267607
0.00010472489947354085,0.028726589915571726
0.0001048360724029183,0.028202551235767884
0.00010494724533229572,0.028584416235759046
0.00010505841826167315,0.02831591418151868
0.00010516959119105058,0.02805301914447602
0.00010528076412042802,0.027937152906267578
0.00010539193704980545,0.028121562599746287
0.00010550310997918287,0.029133988001927125
0.00010561428290856032,0.02872871939251957
0.00010572545583793774,0.028239053609351892
0.00010583662876731517,0.028230322776721526
0.0001059478016966926,0.027677083713505246
0.00010605897462607004,0.027910207760898493
0.00010617014755544747,0.027525048620008322
0.0001062813204848249,0.027615370822553244
0.00010639249341420234,0.026997372752436744
0.00010650366634357977,0.027399320469255906
0.0001066148392729572,0.0275234324749144
0.00010672601220233462,0.028680964431527387
0.00010683718513171206,0.0283009393201696
0.00010694835806108949,0.02883168574743753
0.00010705953099046692,0.0294966663517538
0.00010717070391984436,0.029378335898515646
0.00010728187684922179,0.02869955431877091
0.00010739304977859922,0.028976384277534403
0.00010750422270797665,0.028475656114098635
0.00010761539563735409,0.028460632809818608
0.00010772656856673152,0.028324932589798558
0.00010783774149610894,0.028515000653502466
0.00010794891442548639,0.028863157103329522
0.00010806008735486381,0.02915033235065947
0.00010817126028424124,0.029796278259599566
0.00010828243321361867,0.02977392654206846
0.00010839360614299611,0.030136050624501406
0.00010850477907237354,0.030422524804377293
0.00010861595200175097,0.03072204726965662
0.00010872712493112841,0.03137701482845532
0.00010883829786050584,0.03133587216257869
0.00010894947078988326,0.0314114215569184
0.0001090606437192607,0.031795012290947736
0.00010917181664863813,0.03235887762333629
0.00010928298957801556,0.032329359269197534
0.00010939416250739299,0.03190079786865894
0.00010950533543677043,0.03243987581958811
0.00010961650836614786,0.03286052534243585
0.00010972768129552529,0.03311625541666058
0.00010983885422490273,0.03295140228677189
0.00010995002715428016,0.033748848553670635
0.00011006120008365758,0.033292921047063606
0.00011017237301303501,0.03309304556145343
0.00011028354594241245,0.03335907430927192
0.00011039471887178988,0.03337235175756601
0.00011050589180116731,0.03369234040062455
0.00011061706473054475,0.03340990061475442
0.00011072823765992218,0.03325638082901608
0.00011083941058929961,0.03268800991511986
0.00011095058351867704,0.032901092437642845
0.00011106175644805448,0.03288191112060192
0.0001111729293774319,0.032907536345338245
0.00011128410230680933,0.03274116304827112
0.00011139527523618677,0.033013786478764254
0.0001115064481655642,0.0337543530801534
0.00011161762109494163,0.03444023515602694
0.00011172879402431906,0.034900518948875796
0.0001118399669536965,0.03443516399445074
0.00011195113988307393,0.03433678010221252
0.00011206231281245136,0.03454320853856286
0.0001121734857418288,0.03516875176184034
0.00011228465867120623,0.03534548234933787
0.00011239583160058365,0.035512170000538655
0.0001125070045299611,0.03594519401453562
0.00011261817745933852,0.03495951644884186
0.00011272935038871595,0.03579901112178055
0.00011284052331809338,0.03604935195087194
0.00011295169624747082,0.0367017084035906
0.00011306286917684825,0.03676133570050652
0.00011317404210622568,0.03685734042545932
0.00011328521503560312,0.03646691333967718
0.00011339638796498055,0.036765784434130214
0.00011350756089435797,0.035923727688291066
0.0001136187338237354,0.03578763709119862
0.00011372990675311284,0.03483322048143629
0.00011384107968249027,0.035330093314340304
0.0001139522526118677,0.03500583561817973
0.00011406342554124514,0.03440810019103769
0.00011417459847062257,0.03362643931076486
0.0001142857714,0.03290830814758932
0.00011439694432937742,0.03275110830589666
0.00011450811725875487,0.032184382931901206
0.0001146192901881323,0.03252447408515049
0.00011473046311750972,0.032359859900991855
0.00011484163604688716,0.03214878365299018
0.00011495280897626459,0.031634849459934625
0.00011506398190564202,0.03114640159189668
0.00011517515483501945,0.03101671710871798
0.00011528632776439689,0.03069433060080748
0.00011539750069377432,0.03010993768332218
0.00011550867362315174,0.029607832675800642
0.00011561984655252919,0.029629058573315176
0.00011573101948190661,0.030096510432895584
0.00011584219241128404,0.03029383048967648
0.00011595336534066148,0.02955980907093603
0.00011606453827003891,0.029194101709640815
0.00011617571119941634,0.029051361679297255
0.00011628688412879377,0.02938593769118409
0.00011639805705817121,0.029638204184056174
0.00011650922998754864,0.029201694842591525
0.00011662040291692607,0.02961842113641721
0.0001167315758463035,0.028718605182721384
0.00011684274877568093,0.028771159060714983
0.00011695392170505836,0.028772209856729767
0.00011706509463443579,0.029210646830800092
0.00011717626756381323,0.028871061150756362
0.00011728744049319066,0.02937091656829709
0.00011739861342256809,0.02928130770344539
0.00011750978635194553,0.02896326447838344
0.00011762095928132296,0.02892577228552105
0.00011773213221070039,0.028861663130105904
0.00011784330514007781,0.027965180537084716
0.00011795447806945526,0.027430145776835457
0.00011806565099883268,0.028179115072268487
0.00011817682392821011,0.028374141089109784
0.00011828799685758755,0.02777885559918192
0.00011839916978696498,0.027479492630855397
0.00011851034271634241,0.02826988262966098
0.00011862151564571984,0.02819864141293648
0.00011873268857509728,0.028105853897484715
0.0001188438615044747,0.0274680638997356
0.00011895503443385213,0.02822105258265465
0.00011906620736322958,0.027719644338289228
0.000119177380292607,0.028261044606017596
0.00011928855322198443,0.02859352303541323
0.00011939972615136187,0.028505910313062453
0.0001195108990807393,0.028849109570844793
0.00011962207201011673,0.02853756962642365
0.00011973324493949416,0.027662171249486577
0.0001198444178688716,0.028242159842197988
0.00011995559079824903,0.028324357765430692
0.00012006676372762645,0.02845313564826564
0.0001201779366570039,0.028868371505547843
0.00012028910958638132,0.028767315608823854
0.00012040028251575875,0.028173604011126063
0.00012051145544513618,0.028676294035543448
0.00012062262837451362,0.02933702231064113
0.00012073380130389105,0.028981405399186786
0.00012084497423326848,0.028143939170275512
0.00012095614716264592,0.02832388868433542
0.00012106732009202335,0.028784467114254107
0.00012117849302140077,0.02825973371600901
0.0001212896659507782,0.02854758113667124
0.00012140083888015564,0.028583261765821856
0.00012151201180953307,0.02829184524363003
0.0001216231847389105,0.028886475023077004
0.00012173435766828794,0.028557553406560115
0.00012184553059766537,0.029207766212941286
0.0001219567035270428,0.029615957144447674
0.00012206787645642023,0.03022138098984683
0.00012217904938579765,0.03065141531808599
0.0001222902223151751,0.031516967843469884
0.00012240139524455254,0.031748027848370206
0.00012251256817392996,0.032254176042630575
0.0001226237411033074,0.03221716296694875
0.00012273491403268482,0.03166974686521404
0.00012284608696206225,0.03132393765614931
0.00012295725989143968,0.03083301706250448
0.00012306843282081713,0.03131962559912992
0.00012317960575019456,0.0313717513753032
0.000123290778679572,0.03176468231287331
0.00012340195160894942,0.03121800534028933
0.00012351312453832684,0.031025398174384874
0.00012362429746770427,0.030325025472572632
0.0001237354703970817,0.03047870266488684
0.00012384664332645915,0.03102838572515183
0.00012395781625583658,0.03082161247067784
0.000124068989185214,0.030224544596417595
0.00012418016211459144,0.029745339742357484
0.00012429133504396887,0.02944393158087679
0.0001244025079733463,0.029372779787434505
0.00012451368090272372,0.029517516161330443
0.00012462485383210118,0.029549461990810655
0.0001247360267614786,0.029501659463103843
0.00012484719969085603,0.029398018047064205
0.00012495837262023346,0.029445028955211505
0.0001250695455496109,0.028393637661599514
0.00012518071847898832,0.02911989932729304
0.00012529189140836575,0.02920799877205694
0.0001254030643377432,0.029972617833990054
0.00012551423726712063,0.03081580769687317
0.00012562541019649806,0.03125040057257147
0.00012573658312587548,0.03190903859022128
0.0001258477560552529,0.031642973646851244
0.00012595892898463034,0.03132437373567943
0.00012607010191400777,0.03100867367386051
0.00012618127484338522,0.03104917300008771
0.00012629244777276265,0.031018797563502034
0.00012640362070214008,0.031237729218503835
0.0001265147936315175,0.03149533544197025
0.00012662596656089494,0.031415154669731736
0.00012673713949027236,0.03182572744983257
0.0001268483124196498,0.03190892758047531
0.00012695948534902725,0.03203160953997886
0.00012707065827840467,0.031159266300064103
0.0001271818312077821,0.03187049760899511
0.00012729300413715953,0.03204787499000458
0.00012740417706653696,0.03202822636396638
0.00012751534999591439,0.03230826471155914
0.00012762652292529181,0.032123413062959745
0.00012773769585466927,0.03262221045445476
0.0001278488687840467,0.03242527985344515
0.00012796004171342413,0.03260858035464857
0.00012807121464280155,0.03234622550846888
0.00012818238757217898,0.03208877084911989
0.0001282935605015564,0.03216107697710981
0.00012840473343093384,0.03217714645547356
0.0001285159063603113,0.0321432292707902
0.00012862707928968872,0.03259736403182172
0.00012873825221906615,0.03331565415556542
0.00012884942514844358,0.03346522766637672
0.000128960598077821,0.03305597110907503
0.00012907177100719843,0.03376325775887166
0.0001291829439365759,0.03378887657042433
0.00012929411686595332,0.033256960800108655
0.00012940528979533074,0.032717909888508014
0.00012951646272470817,0.03274794144445553
0.0001296276356540856,0.03306361906804807
0.00012973880858346303,0.03247612798740065
0.00012984998151284045,0.032043780366305896
0.0001299611544422179,0.03360261368789369
0.00013007232737159534,0.03409079974855916
0.00013018350030097277,0.0335212244687527
0.0001302946732303502,0.033582297109149194
0.00013040584615972762,0.03402558258357759
0.00013051701908910505,0.03448373015865276
0.00013062819201848248,0.03513217354836454
0.00013073936494785993,0.03535823109227892
0.00013085053787723736,0.03574287070086249
0.0001309617108066148,0.03701782183641396
0.00013107288373599222,0.03685643614070512
0.00013118405666536964,0.03696439445025802
0.00013129522959474707,0.03802629008747556
0.0001314064025241245,0.037865876599068184
0.00013151757545350196,0.03758123998882806
0.00013162874838287938,0.03842470715784154
0.0001317399213122568,0.038301851642693605
0.00013185109424163424,0.0379673991280599
0.00013196226717101167,0.038784771764438654
0.0001320734401003891,0.03860760959123003
0.00013218461302976652,0.0388944911929728
0.00013229578595914398,0.03856392584003986
0.0001324069588885214,0.039312218450674744
0.00013251813181789883,0.039786291324695945
0.00013262930474727626,0.04045317802041246
0.0001327404776766537,0.041327389682774864
0.00013285165060603112,0.040413242848816394
0.00013296282353540855,0.04122381412581242
0.000133073996464786,0.04144242150854246
0.00013318516939416343,0.04165786846792984
0.00013329634232354086,0.041702155841429125
0.00013340751525291829,0.04157766611899192
0.00013351868818229571,0.04098109916948846
0.00013362986111167314,0.04144815454868706
0.00013374103404105057,0.04154846556688334
0.00013385220697042802,0.04151172808519929
0.00013396337989980545,0.041470265863515564
0.00013407455282918288,0.04164635792500854
0.0001341857257585603,0.042044025546727384
0.00013429689868793774,0.04169675242445066
0.00013440807161731516,0.04137836253522542
0.0001345192445466926,0.041288403157342814
0.00013463041747607005,0.0411049671497877
0.00013474159040544748,0.041028391144162554
0.0001348527633348249,0.041314257285497084
0.00013496393626420233,0.04108502498901627
0.00013507510919357976,0.041115506021684456
0.0001351862821229572,0.040212907354640816
0.00013529745505233462,0.04078219172354269
0.00013540862798171207,0.040402611921804166
0.0001355198009110895,0.04082635412653028
0.00013563097384046693,0.04105048518977463
0.00013574214676984435,0.04119630643519828
0.00013585331969922178,0.04008345069353008
0.0001359644926285992,0.040613231294841304
0.00013607566555797667,0.03932402433759658
0.0001361868384873541,0.03980278170357127
0.00013629801141673152,0.039740809032581564
0.00013640918434610895,0.039319910219492486
0.00013652035727548638,0.039031539621038204
0.0001366315302048638,0.038789676302213236
0.00013674270313424123,0.037688431422800636
0.0001368538760636187,0.037374966827373776
0.00013696504899299612,0.036649842503213854
0.00013707622192237354,0.03694819839788327
0.00013718739485175097,0.03642885416357684
0.0001372985677811284,0.03653757999593309
0.00013740974071050583,0.03675502624833484
0.00013752091363988326,0.03639680804926471
0.0001376320865692607,0.03512560648846499
0.00013774325949863814,0.035005014590482206
0.00013785443242801557,0.033851544549655506
0.000137965605357393,0.03349727126108846
0.00013807677828677042,0.032965640520897496
0.00013818795121614785,0.03305037677234641
0.00013829912414552528,0.03400424112659917
0.00013841029707490273,0.03323093595862024
0.00013852147000428016,0.03309416178729522
0.0001386326429336576,0.03352110515336128
0.00013874381586303502,0.033234420153020666
0.00013885498879241245,0.033147376414744294
0.00013896616172178987,0.03343685935713526
0.0001390773346511673,0.03406588628765732
0.00013918850758054476,0.03378752368896303
0.00013929968050992219,0.033917773949244924
0.0001394108534392996,0.03427779281670883
0.00013952202636867704,0.033585605196531726
0.00013963319929805447,0.0337537890928157
0.0001397443722274319,0.0333867382838108
0.00013985554515680933,0.03346934516308574
0.00013996671808618678,0.032796327995480275
0.0001400778910155642,0.03389263837895226
0.00014018906394494164,0.033812638551307055
0.00014030023687431906,0.03418823318634623
0.0001404114098036965,0.034269339781979796
0.00014052258273307392,0.03486379370356584
0.00014063375566245135,0.035652919104183625
0.0001407449285918288,0.03564862254543317
0.00014085610152120623,0.03541977030818165
0.00014096727445058366,0.03677180403518197
0.0001410784473799611,0.03691613838557544
0.00014118962030933851,0.03693611778533224
0.00014130079323871594,0.03830755570391872
0.00014141196616809337,0.03978099375876878
0.00014152313909747083,0.04148262978997145
0.00014163431202684825,0.04167383479900309
0.00014174548495622568,0.041123829857715934
0.0001418566578856031,0.041152036117322016
0.00014196783081498054,0.04211555987694669
0.00014207900374435797,0.04260523736920191
0.0001421901766737354,0.04259215989229818
0.00014230134960311285,0.04305446302854091
0.00014241252253249028,0.04332462454936056
0.0001425236954618677,0.04260131962771537
0.00014263486839124513,0.04316595372905316
0.00014274604132062256,0.043226547604005405
0.00014285721425,0.04264695698675801
0.00014296838717937742,0.04315330995409186
0.00014307956010875487,0.0435427779317153
0.0001431907330381323,0.04332474206001976
0.00014330190596750973,0.044943009837024074
0.00014341307889688716,0.04460293191911761
0.00014352425182626458,0.04472418654320703
0.000143635424755642,0.045079546561311634
0.00014374659768501947,0.04508504822860228
0.0001438577706143969,0.04432286484751014
0.00014396894354377432,0.04467567427480831
0.00014408011647315175,0.0453078114862073
0.00014419128940252918,0.045918153670935685
0.0001443024623319066,0.04488190278049543
0.00014441363526128403,0.04439768071617913
0.0001445248081906615,0.04446029959257005
0.00014463598112003892,0.04499226828087976
0.00014474715404941635,0.0449870298481564
0.00014485832697879377,0.044809141250763934
0.0001449694999081712,0.0441012025136982
0.00014508067283754863,0.04431998373393369
0.00014519184576692606,0.04502560836862264
0.0001453030186963035,0.04432865404262205
0.00014541419162568094,0.0441675572529324
0.00014552536455505837,0.04419579873963896
0.0001456365374844358,0.044937889021700636
0.00014574771041381322,0.04432842567109167
0.00014585888334319065,0.04466519006465114
0.00014597005627256808,0.04389863787864705
0.00014608122920194554,0.04374409753665114
0.00014619240213132296,0.04285109152001329
0.0001463035750607004,0.04272734203965938
0.00014641474799007782,0.04296211221372254
0.00014652592091945525,0.04277590933016584
0.00014663709384883268,0.042186257272294726
0.0001467482667782101,0.04171300881125056
0.00014685943970758756,0.04100884692351318
0.00014697061263696499,0.0404773461512468
0.00014708178556634241,0.040540976298975635
0.00014719295849571984,0.04024652293897375
0.00014730413142509727,0.03984513101334121
0.0001474153043544747,0.038864284325257785
0.00014752647728385213,0.038907864465452996
0.00014763765021322958,0.03887432433714839
0.000147748823142607,0.03857871072075388
0.00014785999607198444,0.03832996115163746
0.00014797116900136187,0.03807333653782719
0.0001480823419307393,0.037936058151545715
0.00014819351486011672,0.03854365590158728
0.00014830468778949415,0.03850848864764884
0.0001484158607188716,0.03880085239691209
0.00014852703364824903,0.03902171454885352
0.00014863820657762646,0.03859989216236289
0.0001487493795070039,0.03881356337063043
0.00014886055243638132,0.03889028272713638
0.00014897172536575874,0.03933670860672498
0.00014908289829513617,0.040106273628321316
0.00014919407122451363,0.04099289405564552
0.00014930524415389106,0.04180206495267573
0.00014941641708326848,0.04182084351330688
0.0001495275900126459,0.04236102658765999
0.00014963876294202334,0.005116512862559427
0.00014974993587140077,-0.1680676942034618
0.0001498611088007782,-0.24616361354831906
0.00014997228173015565,-0.25310018881356566
0.00015008345465953308,-0.2612743438236821
0.0001501946275889105,-0.3003022556034455
0.00015030580051828793,-0.34329147013703715
0.00015041697344766536,-0.3609401046973918
0.0001505281463770428,-0.3637898316482462
0.00015063931930642025,-0.3663927788581867
0.00015075049223579767,-0.36927624720292757
0.0001508616651651751,-0.36561501136811064
0.00015097283809455253,-0.3526048824276885
0.00015108401102392996,-0.33380739687349215
0.00015119518395330738,-0.31088239260663625
0.0001513063568826848,-0.28509171304347874
0.00015141752981206227,-0.25222475396605704
0.0001515287027414397,-0.2155288919544369
0.00015163987567081712,-0.17363143691446495
0.00015175104860019455,-0.1280130923086003
0.00015186222152957198,-0.07770756621162848
0.0001519733944589494,-0.02229305976723994
0.00015208456738832684,0.03661971052784068
0.0001521957403177043,0.0984874231936763
0.00015230691324708172,0.16493736030424794
0.00015241808617645915,0.23491142337064413
0.00015252925910583657,0.3073420824864186
0.000152640432035214,0.38331232493304723
0.00015275160496459143,0.46182120382033043
0.00015286277789396886,0.543948049259576
0.00015297395082334631,0.6298779432931877
0.00015308512375272374,0.7178298712058421
0.00015319629668210117,0.8080503963625064
0.0001533074696114786,0.9017406492079748
0.00015341864254085603,0.9970660003457018
0.00015352981547023345,1.0936278906924561
0.00015364098839961088,1.1929602429688422
0.00015375216132898834,1.2943387915262614
0.00015386333425836576,1.3966976871274401
0.0001539745071877432,1.500912656756864
0.00015408568011712062,1.6068373451728788
0.00015419685304649805,1.713501004985625
0.00015430802597587548,1.8210250367718348
0.0001544191989052529,1.9293614790232403
0.00015453037183463036,2.038888606621268
0.0001546415447640078,2.149270425371752
0.00015475271769338522,2.2602601589418416
0.00015486389062276264,2.370891571870993
0.00015497506355214007,2.481986488676517
0.0001550862364815175,2.593912566705843
0.00015519740941089493,2.7044674697167306
0.00015530858234027238,2.816186228072902
0.0001554197552696498,2.9268428825129575
0.00015553092819902724,3.038177528200992
0.00015564210112840467,3.147867415756079
0.0001557532740577821,3.25699403019476
0.00015586444698715952,3.365036742731819
0.00015597561991653695,3.4728894880874077
0.0001560867928459144,3.5789692395758554
0.00015619796577529183,3.683841376044464
0.00015630913870466926,3.787627407241803
0.0001564203116340467,3.888532504856797
0.00015653148456342412,3.9884516881374363
0.00015664265749280155,4.086303214757108
0.00015675383042217897,4.181429356114224
0.00015686500335155643,4.274155479714037
0.00015697617628093386,4.365026350571115
0.00015708734921031128,4.452641826151372
0.0001571985221396887,4.538441974459296
0.00015730969506906614,4.621088622384715
0.00015742086799844357,4.701488790378044
0.000157532040927821,4.778166081042298
0.00015764321385719845,4.851886182093916
0.00015775438678657588,4.921969470899593
0.0001578655597159533,4.988984957780809
0.00015797673264533074,5.051641337829348
0.00015808790557470816,5.110556078631709
0.0001581990785040856,5.165432581426375
0.00015831025143346305,5.21613495167419
0.00015842142436284047,5.2627451356714
0.0001585325972922179,5.305810655949071
0.00015864377022159533,5.344508860019614
0.00015875494315097276,5.377225832441707
0.00015886611608035019,5.405780221066211
0.00015897728900972761,5.429191843017466
0.00015908846193910507,5.447303684423395
0.0001591996348684825,5.460987149765066
0.00015931080779785993,5.468777861951167
0.00015942198072723735,5.470034552082825
0.00015953315365661478,5.465738540516181
0.0001596443265859922,5.45645624527379
0.00015975549951536964,5.439955861220367
0.0001598666724447471,5.4173246553061105
0.00015997784537412452,5.388291813457704
0.00016008901830350195,5.354388719737953
0.00016020019123287938,5.312687423854554
0.0001603113641622568,5.265381742521327
0.00016042253709163423,5.209141907300269
0.00016053371002101166,5.1461075267614005
0.00016064488295038912,5.0760377219185475
0.00016075605587976654,4.99805424005944
0.00016086722880914397,4.954706627662056
0.0001609784017385214,5.062575872364423
0.00016108957466789883,5.0956949974425365
0.00016120074759727626,5.064839190218776
0.00016131192052665368,5.036064518627051
0.00016142309345603114,5.041387614440032
0.00016153426638540857,5.058246430221071
0.000161645439314786,5.059754791506145
0.00016175661224416342,5.051793231936806
0.00016186778517354085,5.0484806226727486
0.00016197895810291828,5.05238273774043
0.0001620901310322957,5.054349536934573
0.00016220130396167316,5.05303844816058
0.0001623124768910506,5.05106913276852
0.00016242364982042802,5.051760201413105
0.00016253482274980544,5.052716942793414
0.00016264599567918287,5.052942883235204
0.0001627571686085603,5.052761712742344
0.00016286834153793773,5.052905346402263
0.00016297951446731518,5.053580874023621
0.0001630906873966926,5.054001320399394
0.00016320186032607004,5.052534664106646
0.00016331303325544747,5.052658294120555
0.0001634242061848249,5.05208073419345
0.00016353537911420232,5.05243010987014
0.00016364655204357975,5.051931207922637
0.0001637577249729572,5.0516250883717415
0.00016386889790233463,5.051189282167257
0.00016398007083171206,5.051083218912192
0.0001640912437610895,5.05067199418884
0.00016420241669046692,5.050491060932471
0.00016431358961984435,5.050176565989679
0.00016442476254922177,5.050301956867843
0.00016453593547859923,5.048804111196209
0.00016464710840797666,5.047566604601219
0.00016475828133735409,5.047277207578448
0.00016486945426673151,5.0467543575586715
0.00016498062719610894,5.045970064705908
0.00016509180012548637,5.045134212397323
0.0001652029730548638,5.04479126780709
0.00016531414598424125,5.0439537621622
0.00016542531891361868,5.043884114527794
0.0001655364918429961,5.0437176935089685
0.00016564766477237354,5.044368665066836
0.00016575883770175096,5.043544476163811
0.0001658700106311284,5.043888480149855
0.00016598118356050585,5.044413024171539
0.00016609235648988328,5.044041844604385
0.0001662035294192607,5.0444871864008665
0.00016631470234863813,5.044517190487726
0.00016642587527801556,5.0456036499327315
0.000166537048207393,5.045268767711786
0.00016664822113677042,5.045107334615945
0.00016675939406614787,5.04522133605023
0.0001668705669955253,5.046165590506803
0.00016698173992490273,5.045396104704707
0.00016709291285428015,5.045418002039788
0.00016720408578365758,5.044888118744122
0.000167315258713035,5.045337767133212
0.00016742643164241244,5.045132764218612
0.0001675376045717899,5.044482130240388
0.00016764877750116732,5.0445494597439815
0.00016775995043054475,5.04453408566082
0.00016787112335992218,5.045042902278785
0.0001679822962892996,5.045214026048191
0.00016809346921867703,5.0453758096284345
0.00016820464214805446,5.045053640217513
0.00016831581507743192,5.045064343577536
0.00016842698800680934,5.045220116732931
0.00016853816093618677,5.04573647144346
0.0001686493338655642,5.045670894900817
0.00016876050679494163,5.046270106179276
0.00016887167972431906,5.045420949972056
0.00016898285265369648,5.045894796286693
0.00016909402558307394,5.046900388359884
0.00016920519851245137,5.04746816811404
0.0001693163714418288,5.049011617194511
0.00016942754437120622,5.050645483344791
0.00016953871730058365,5.051437733648423
0.00016964989022996108,5.051383111918106
0.0001697610631593385,5.05224984509064
0.00016987223608871596,5.052525027183798
0.0001699834090180934,5.0539711344680445
0.00017009458194747082,5.054127988702715
0.00017020575487684825,5.055005907894487
0.00017031692780622567,5.055303113508683
0.0001704281007356031,5.055448266972285
0.00017053927366498053,5.0563820657728265
0.00017065044659435799,5.057036535787158
0.0001707616195237354,5.056967618044628
0.00017087279245311284,5.057058211452682
0.00017098396538249027,5.0571498855064165
0.0001710951383118677,5.05831500526045
0.00017120631124124513,5.058712681075689
0.00017131748417062255,5.058778252078712
0.0001714286571,5.058703088592179
0.00017153983002937744,5.057712846681036
0.00017165100295875486,5.057858686826132
0.0001717621758881323,5.058454075320147
0.00017187334881750972,5.05991757249841
0.00017198452174688715,5.059671038777867
0.00017209569467626458,5.061185255383529
0.00017220686760564203,5.061521427600166
0.00017231804053501946,5.062583992420575
0.0001724292134643969,5.06260006165357
0.00017254038639377432,5.063294139245005
0.00017265155932315174,5.0644946286686165
0.00017276273225252917,5.0665622354039135
0.00017287390518190663,5.067501306953224
0.00017298507811128405,5.068324871283015
0.00017309625104066148,5.0690173036482555
0.0001732074239700389,5.069807246830353
0.00017331859689941634,5.0713276417756195
0.00017342976982879377,5.072933329650789
0.0001735409427581712,5.073744993123245
0.00017365211568754865,5.07309226376022
0.00017376328861692608,5.073564193866961
0.0001738744615463035,5.07333101382067
0.00017398563447568093,5.074363713731724
0.00017409680740505836,5.074068961339153
0.0001742079803344358,5.074120647136589
0.00017431915326381322,5.073544180344495
0.00017443032619319067,5.074335833159219
0.0001745414991225681,5.074243317563485
0.00017465267205194553,5.074453225366998
0.00017476384498132296,5.073770628228649
0.00017487501791070038,5.073452457376834
0.0001749861908400778,5.073852697506985
0.00017509736376945524,5.074039053545161
0.0001752085366988327,5.074239677838573
0.00017531970962821012,5.074361724412944
0.00017543088255758755,5.074399015316293
0.00017554205548696498,5.074431183321662
0.0001756532284163424,5.07365940108396
0.00017576440134571983,5.073822726130162
0.00017587557427509726,5.075025453460045
0.00017598674720447472,5.07553210626841
0.00017609792013385215,5.075570292939252
0.00017620909306322957,5.075636647791813
0.000176320265992607,5.076150563636281
0.00017643143892198443,5.076757119030575
0.00017654261185136186,5.077971042102435
0.00017665378478073929,5.077846706492837
0.00017676495771011674,5.078557079159918
0.00017687613063949417,5.0772013380760725
0.0001769873035688716,5.076990503306848
0.00017709847649824902,5.076956380931147
0.00017720964942762645,5.07680698711759
0.00017732082235700388,5.076893434733347
0.0001774319952863813,5.0763841959332066
0.00017754316821575876,5.0760910460475
0.0001776543411451362,5.07550682531689
0.00017776551407451362,5.075016806796283
0.00017787668700389105,5.074526357035716
0.00017798785993326848,5.073801231317869
0.0001780990328626459,5.07231030695768
0.00017821020579202333,5.073558664325423
0.0001783213787214008,5.073391655867955
0.00017843255165077821,5.073794273697687
0.00017854372458015564,5.0727313623305506
0.00017865489750953307,5.072526135694657
0.0001787660704389105,5.07194654457957
0.00017887724336828793,5.071700314519773
0.00017898841629766535,5.071714902706062
0.0001790995892270428,5.070655710093356
0.00017921076215642024,5.071490634012973
0.00017932193508579767,5.070856681429804
0.0001794331080151751,5.071077388941159
0.00017954428094455252,5.071131415178279
0.00017965545387392995,5.071216635098543
0.00017976662680330738,5.071084759353745
0.00017987779973268483,5.071219382302244
0.00017998897266206226,5.070181012658405
0.0001801001455914397,5.07097891872338
0.00018021131852081712,5.070197446468782
0.00018032249145019454,5.069880721820947
0.00018043366437957197,5.07019771528894
0.00018054483730894943,5.068432774732945
0.00018065601023832686,5.066746284369271
0.00018076718316770428,5.066856464949149
0.0001808783560970817,5.066877249374157
0.00018098952902645914,5.066593988860255
0.00018110070195583657,5.065321474526058
0.000181211874885214,5.06405841929593
0.00018132304781459145,5.063625250369698
0.00018143422074396888,5.062974403936602
0.0001815453936733463,5.063406038125903
0.00018165656660272373,5.062848821054297
0.00018176773953210116,5.062163580421737
0.0001818789124614786,5.061682512045634
0.00018199008539085602,5.061548660338689
0.00018210125832023347,5.0604359578534925
0.0001822124312496109,5.060341163948849
0.00018232360417898833,5.060708302227242
0.00018243477710836576,5.060877206884246
0.00018254595003774319,5.060835484381851
0.0001826571229671206,5.061286710351562
0.00018276829589649804,5.0615284229577195
0.0001828794688258755,5.062121353734119
0.00018299064175525292,5.0616375197160774
0.00018310181468463035,5.060930043461593
0.00018321298761400778,5.061452134613067
0.0001833241605433852,5.061032774058822
0.00018343533347276264,5.0611872225869226
0.00018354650640214006,5.060905219228104
0.00018365767933151752,5.060637495587276
0.00018376885226089495,5.060232696405259
0.00018388002519027238,5.059450879660451
0.0001839911981196498,5.059620169923885
0.00018410237104902723,5.059361675055315
0.00018421354397840466,5.059234312875892
0.0001843247169077821,5.059005298923855
0.00018443588983715954,5.057810543294705
0.00018454706276653697,5.057601848155322
0.0001846582356959144,5.0570407523765954
0.00018476940862529183,5.057332746680548
0.00018488058155466925,5.057412508488722
0.00018499175448404668,5.057248303046194
0.0001851029274134241,5.057664573466166
0.00018521410034280156,5.057513756773887
0.000185325273272179,5.057842823479959
0.00018543644620155642,5.058778672298088
0.00018554761913093385,5.058891528256093
0.00018565879206031128,5.059392899248026
0.0001857699649896887,5.060007134890812
0.00018588113791906613,5.060318347438385
0.0001859923108484436,5.0609563209808455
0.00018610348377782102,5.060991984358667
0.00018621465670719844,5.061063771442176
0.00018632582963657587,5.061723328941494
0.0001864370025659533,5.062183245981518
0.00018654817549533073,5.062903718155246
0.00018665934842470816,5.0625985092890815
0.0001867705213540856,5.062842715072475
0.00018688169428346304,5.0636294850428625
0.00018699286721284047,5.064183430981137
0.0001871040401422179,5.063562081662835
0.00018721521307159532,5.063928949715652
0.00018732638600097275,5.064346544067094
0.0001874375589303502,5.065326816777069
0.00018754873185972763,5.0647158429073915
0.00018765990478910506,5.064817847944977
0.0001877710777184825,5.064464170611748
0.00018788225064785992,5.064112340710353
0.00018799342357723735,5.063735078955429
0.00018810459650661477,5.064345107379806
0.00018821576943599223,5.064111418444193
0.00018832694236536966,5.0642832864452485
0.00018843811529474708,5.063609418710767
0.0001885492882241245,5.063065760178113
0.00018866046115350194,5.0628570406173745
0.00018877163408287937,5.062548859158051
0.0001888828070122568,5.06230109002272
0.00018899397994163425,5.063513317821736
0.00018910515287101168,5.064481410859989
0.0001892163258003891,5.065172583484725
0.00018932749872976654,5.066143688591649
0.00018943867165914396,5.0656890031839445
0.0001895498445885214,5.06521767638979
0.00018966101751789882,5.065455287238041
0.00018977219044727627,5.065713591522606
0.0001898833633766537,5.066010989836447
0.00018999453630603113,5.066945704077734
0.00019010570923540856,5.066347935283679
0.00019021688216478599,5.0661638714595165
0.00019032805509416341,5.06659040151571
0.00019043922802354084,5.065085849757424
0.0001905504009529183,5.064248345315978
0.00019066157388229573,5.063494042611834
0.00019077274681167315,5.062740786609406
0.00019088391974105058,5.061994251374616
0.000190995092670428,5.061067039494505
0.00019110626559980544,5.060027414251696
0.00019121743852918287,5.059919443696283
0.00019132861145856032,5.05987347836584
0.00019143978438793775,5.060216308165303
0.00019155095731731518,5.059400019157221
0.0001916621302466926,5.058416801755913
0.00019177330317607003,5.058663803634859
0.00019188447610544746,5.059054409071208
0.0001919956490348249,5.0587684267819615
0.00019210682196420234,5.0585124729787045
0.00019221799489357977,5.05827589865871
0.0001923291678229572,5.058772615590777
0.00019244034075233463,5.059272164758018
0.00019255151368171206,5.059070298762985
0.00019266268661108948,5.058910224558533
0.0001927738595404669,5.058784568705976
0.00019288503246984437,5.058861494879174
0.0001929962053992218,5.058479696717733
0.00019310737832859922,5.058131798148632
0.00019321855125797665,5.057639458836028
0.00019332972418735408,5.058242872819607
0.0001934408971167315,5.058284732215142
0.00019355207004610893,5.057592814360987
0.0001936632429754864,5.057473283170743
0.00019377441590486382,5.056596442371955
0.00019388558883424125,5.054270350104499
0.00019399676176361867,5.0536004168226
0.0001941079346929961,5.052723409328318
0.00019421910762237353,5.052792397185441
0.00019433028055175096,5.052638455620342
0.0001944414534811284,5.052281034851406
0.00019455262641050584,5.0521544673716345
0.00019466379933988327,5.052039562586697
0.0001947749722692607,5.051936194791652
0.00019488614519863812,5.05184423828084
0.00019499731812801555,5.051763567348603
0.000195108491057393,5.051694056289281
0.00019521966398677043,5.051635579397215
0.00019533083691614786,5.0515880109667455
0.0001954420098455253,5.051551225292213
0.00019555318277490272,5.05152509666796
0.00019566435570428015,5.051509499388325
0.00019577552863365757,5.051504307747649
0.00019588670156303503,5.051509396040275
0.00019599787449241246,5.051524638560541
0.00019610904742178989,5.051549909602789
0.00019622022035116731,5.05158508346136
0.00019633139328054474,5.051630034430595
0.00019644256620992217,5.051684636804834
0.0001965537391392996,5.051748764878417
0.00019666491206867705,5.051822292945687
0.00019677608499805448,5.051905095300983
0.0001968872579274319,5.051997046238646
0.00019699843085680934,5.052098020053017
0.00019710960378618676,5.052207891038437
0.0001972207767155642,5.052326533489246
0.00019733194964494162,5.052453821699786
0.00019744312257431908,5.052589629964397
0.0001975542955036965,5.05273383257742
0.00019766546843307393,5.052886303833195
0.00019777664136245136,5.053046918026064
0.0001978878142918288,5.053215549450367
0.00019799898722120622,5.053392072400444
0.00019811016015058364,5.053576361170638
0.0001982213330799611,5.053768290055287
0.00019833250600933853,5.053967733348734
0.00019844367893871595,5.054174565345319
0.00019855485186809338,5.054388660339382
0.0001986660247974708,5.0546098926252645
0.00019877719772684824,5.054838136497307
0.00019888837065622567,5.055073266249851
0.00019899954358560312,5.055315156177236
0.00019911071651498055,5.055563680573804
0.00019922188944435798,5.055818713733895
0.0001993330623737354,5.05608012995185
0.00019944423530311283,5.056347803522009
0.00019955540823249026,5.056621608738714
0.0001996665811618677,5.056901419896305
0.00019977775409124514,5.057187111289124
0.00019988892702062257,5.0574785572115095
0.00020000009995,5.057775631957804
