Time,Amplitude
0.0,5.047314081629849
1.111729293774319e-07,5.047393539238605
2.223458587548638e-07,5.047455304381695
3.3351878813229573e-07,5.04749994682085
4.446917175097276e-07,5.047528036317802
5.558646468871596e-07,5.047540142634281
6.670375762645915e-07,5.047536835532021
7.782105056420233e-07,5.0475186847727525
8.893834350194552e-07,5.047486260118207
1.0005563643968871e-06,5.047440131330117
1.1117292937743191e-06,5.0473808681702135
1.222902223151751e-06,5.047309040400228
1.334075152529183e-06,5.047225217781894
1.4452480819066147e-06,5.0471299700769405
1.5564210112840467e-06,5.047023867047101
1.6675939406614785e-06,5.046907478454107
1.7787668700389105e-06,5.046781374059688
1.8899397994163425e-06,5.046646123625579
2.0011127287937743e-06,5.04650229691351
2.112285658171206e-06,5.046350463685213
2.2234585875486383e-06,5.04619119370242
2.33463151692607e-06,5.046025056726862
2.445804446303502e-06,5.04585262252027
2.5569773756809336e-06,5.045674460844377
2.668150305058366e-06,5.045491141460915
2.7793232344357976e-06,5.045303234131614
2.8904961638132294e-06,5.045111308618208
3.0016690931906616e-06,5.044915934682426
3.1128420225680934e-06,5.044717682086002
3.224014951945525e-06,5.044517120590666
3.335187881322957e-06,5.044314819958151
3.446360810700389e-06,5.044111349950189
3.557533740077821e-06,5.043907280328509
3.6687066694552528e-06,5.043703180854846
3.779879598832685e-06,5.043499621290929
3.891052528210116e-06,5.043297171398491
4.0022254575875485e-06,5.043096400939264
4.113398386964981e-06,5.042897879674979
4.224571316342412e-06,5.042702177367368
4.335744245719844e-06,5.042509863778163
4.4469171750972765e-06,5.042321508669095
4.558090104474708e-06,5.042137681801895
4.66926303385214e-06,5.041958952938296
4.780435963229572e-06,5.04178589184003
4.891608892607004e-06,5.041619068268828
5.002781821984436e-06,5.041459051986422
5.113954751361867e-06,5.041306412754542
5.2251276807392995e-06,5.041161720334922
5.336300610116732e-06,5.041025544489293
5.447473539494163e-06,5.040898454979386
5.558646468871595e-06,5.040781021566214
5.6698193982490274e-06,5.041691691515549
5.780992327626459e-06,5.0425224769286086
5.892165257003891e-06,5.043143365851645
6.003338186381323e-06,5.042752109052044
6.114511115758755e-06,5.042659677503636
6.225684045136187e-06,5.043006608972121
6.336856974513619e-06,5.042975504154738
6.44802990389105e-06,5.0432525259158725
6.559202833268483e-06,5.0434975871947705
6.670375762645914e-06,5.042898103484814
6.781548692023346e-06,5.042484227954836
6.892721621400778e-06,5.04206238771847
7.00389455077821e-06,5.042192241944863
7.115067480155642e-06,5.042479341312781
7.226240409533074e-06,5.0426267307422865
7.3374133389105055e-06,5.042197888420702
7.448586268287938e-06,5.042395261307962
7.55975919766537e-06,5.042867821201098
7.670932127042801e-06,5.042394296050739
7.782105056420233e-06,5.043070497480892
7.893277985797666e-06,5.043644013931198
8.004450915175097e-06,5.043574961806291
8.115623844552528e-06,5.043653317457254
8.226796773929961e-06,5.04397132623879
8.337969703307393e-06,5.043406294866759
8.449142632684824e-06,5.043166518652783
8.560315562062257e-06,5.043045155074088
8.671488491439689e-06,5.043602343695568
8.78266142081712e-06,5.043912634861431
8.893834350194553e-06,5.044026384025175
9.005007279571984e-06,5.044810398889133
9.116180208949416e-06,5.044454956327086
9.227353138326849e-06,5.044949950056201
9.33852606770428e-06,5.045293116782736
9.449698997081712e-06,5.045873615935525
9.560871926459145e-06,5.045734531619391
9.672044855836576e-06,5.0467109860464845
9.783217785214007e-06,5.0460978254188795
9.89439071459144e-06,5.046742254765847
1.0005563643968872e-05,5.046689202015485
1.0116736573346303e-05,5.046555272205819
1.0227909502723734e-05,5.0476371976624765
1.0339082432101168e-05,5.047532457556068
1.0450255361478599e-05,5.0479879032758905
1.056142829085603e-05,5.048220510966033
1.0672601220233463e-05,5.049571767402251
1.0783774149610895e-05,5.049791562605899
1.0894947078988326e-05,5.0487866019530685
1.1006120008365759e-05,5.048559674093732
1.111729293774319e-05,5.0486817439489124
1.1228465867120622e-05,5.048138862075166
1.1339638796498055e-05,5.047341376194159
1.1450811725875486e-05,5.047587204113518
1.1561984655252918e-05,5.0475350207474925
1.167315758463035e-05,5.04786496190121
1.1784330514007782e-05,5.048120704557351
1.1895503443385213e-05,5.047796013150844
1.2006676372762646e-05,5.047680473870902
1.2117849302140078e-05,5.046896660980422
1.222902223151751e-05,5.047347388496571
1.2340195160894942e-05,5.0480890966765966
1.2451368090272374e-05,5.048569583545716
1.2562541019649805e-05,5.048844207869437
1.2673713949027238e-05,5.048424304928952
1.278488687840467e-05,5.047439606738149
1.28960598077821e-05,5.048528516914482
1.3007232737159532e-05,5.048195952760365
1.3118405666536965e-05,5.047760544887275
1.3229578595914397e-05,5.048434147191691
1.3340751525291828e-05,5.047696105759543
1.3451924454669261e-05,5.048565432964092
1.3563097384046692e-05,5.049117123326569
1.3674270313424124e-05,5.050072336327187
1.3785443242801557e-05,5.0501930110582185
1.3896616172178988e-05,5.050967899372166
1.400778910155642e-05,5.051354909646829
1.4118962030933853e-05,5.051292087975009
1.4230134960311284e-05,5.051634383747237
1.4341307889688715e-05,5.052299594954396
1.4452480819066148e-05,5.052932613361315
1.456365374844358e-05,5.0534266653138165
1.4674826677821011e-05,5.053179511290978
1.4785999607198444e-05,5.0531951896699665
1.4897172536575875e-05,5.052983216010387
1.5008345465953307e-05,5.053178947906246
1.511951839533074e-05,5.0528807258300645
1.5230691324708171e-05,5.052865471937787
1.5341864254085603e-05,5.053334247237894
1.5453037183463034e-05,5.05409694077731
1.5564210112840465e-05,5.0539591767474175
1.56753830422179e-05,5.05450350503895
1.578655597159533e-05,5.054782679486457
1.5897728900972763e-05,5.055264495966556
1.6008901830350194e-05,5.055326277843671
1.6120074759727626e-05,5.055271766243221
1.6231247689105057e-05,5.055320773306366
1.634242061848249e-05,5.055716255046802
1.6453593547859923e-05,5.055975461320749
1.6564766477237354e-05,5.056846139159558
1.6675939406614786e-05,5.0567668691325265
1.6787112335992217e-05,5.0570389769897455
1.689828526536965e-05,5.0566353302228135
1.7009458194747083e-05,5.0563445707667
1.7120631124124515e-05,5.056959454663276
1.7231804053501946e-05,5.057746703730789
1.7342976982879377e-05,5.057398510501367
1.745414991225681e-05,5.0562053063908
1.756532284163424e-05,5.05605667996559
1.767649577101167e-05,5.055290230104334
1.7787668700389106e-05,5.0544205067022006
1.7898841629766537e-05,5.054397929384226
1.801001455914397e-05,5.054596732950012
1.81211874885214e-05,5.054271179645682
1.823236041789883e-05,5.053742175882273
1.8343533347276263e-05,5.053389246436871
1.8454706276653698e-05,5.053109226497044
1.856587920603113e-05,5.052982970127807
1.867705213540856e-05,5.052392285884806
1.8788225064785992e-05,5.052173437166721
1.8899397994163423e-05,5.052466069271698
1.9010570923540854e-05,5.052268526202437
1.912174385291829e-05,5.052110583020912
1.923291678229572e-05,5.052353608753011
1.9344089711673152e-05,5.052564680593509
1.9455262641050583e-05,5.05188591050474
1.9566435570428015e-05,5.052126534602679
1.9677608499805446e-05,5.052375345486459
1.978878142918288e-05,5.0523274438382515
1.9899954358560312e-05,5.053215984155646
2.0011127287937744e-05,5.052475073524121
2.0122300217315175e-05,5.052434196332706
2.0233473146692606e-05,5.051089045765794
2.0344646076070038e-05,5.051277809819132
2.045581900544747e-05,5.0509222589770655
2.0566991934824904e-05,5.051483557858451
2.0678164864202335e-05,5.050445479334939
2.0789337793579766e-05,5.049510944601794
2.0900510722957198e-05,5.049021404538307
2.101168365233463e-05,5.049306639794711
2.112285658171206e-05,5.049356976611474
2.1234029511089495e-05,5.048908632429226
2.1345202440466927e-05,5.048517590584417
2.1456375369844358e-05,5.0481205207614
2.156754829922179e-05,5.0481084308028175
2.167872122859922e-05,5.046965798148674
2.1789894157976652e-05,5.045810604044419
2.1901067087354087e-05,5.044582136080495
2.2012240016731518e-05,5.044059887251394
2.212341294610895e-05,5.0442037603777585
2.223458587548638e-05,5.044204796886566
2.2345758804863812e-05,5.044253943024236
2.2456931734241244e-05,5.044740402242709
2.256810466361868e-05,5.044351082565238
2.267927759299611e-05,5.043942516342298
2.279045052237354e-05,5.044175857179644
2.2901623451750973e-05,5.043875644298049
2.3012796381128404e-05,5.043179503068077
2.3123969310505835e-05,5.044009054893859
2.3235142239883267e-05,5.043684766573731
2.33463151692607e-05,5.044552350085631
2.3457488098638133e-05,5.043816901810407
2.3568661028015564e-05,5.043612301972156
2.3679833957392995e-05,5.043673067413868
2.3791006886770427e-05,5.043767992446104
2.3902179816147858e-05,5.0441492153444845
2.4013352745525293e-05,5.044632671380655
2.4124525674902724e-05,5.044063742671981
2.4235698604280156e-05,5.043521568633423
2.4346871533657587e-05,5.043955752845866
2.445804446303502e-05,5.044506110652116
2.456921739241245e-05,5.045092964764584
2.4680390321789884e-05,5.04554825322538
2.4791563251167316e-05,5.045428353791192
2.4902736180544747e-05,5.0452228090919675
2.501390910992218e-05,5.045854535877559
2.512508203929961e-05,5.045650387756525
2.523625496867704e-05,5.045788274870846
2.5347427898054476e-05,5.045353088010273
2.5458600827431907e-05,5.044879306413022
2.556977375680934e-05,5.044725831975465
2.568094668618677e-05,5.044349159972342
2.57921196155642e-05,5.043559826948897
2.5903292544941633e-05,5.043443019138881
2.6014465474319064e-05,5.042793564678892
2.61256384036965e-05,5.0429622276228985
2.623681133307393e-05,5.042732258073913
2.634798426245136e-05,5.042559341266073
2.6459157191828793e-05,5.043195004937419
2.6570330121206224e-05,5.042181433847574
2.6681503050583656e-05,5.041971796595111
2.679267597996109e-05,5.041804071633262
2.6903848909338522e-05,5.040993324311222
2.7015021838715953e-05,5.040591343696123
2.7126194768093385e-05,5.039866439348778
2.7237367697470816e-05,5.039684115350187
2.7348540626848247e-05,5.039893788750955
2.7459713556225682e-05,5.039088626461011
2.7570886485603113e-05,5.037844034641225
2.7682059414980545e-05,5.037395815480792
2.7793232344357976e-05,5.036503112126837
2.7904405273735408e-05,5.036498620485391
2.801557820311284e-05,5.0356217479610015
2.8126751132490274e-05,5.035770492740204
2.8237924061867705e-05,5.035474493219432
2.8349096991245136e-05,5.035214710766624
2.8460269920622568e-05,5.0354624760148905
2.857144285e-05,5.03584143196518
2.868261577937743e-05,5.036031913230304
2.8793788708754862e-05,5.0363274939472555
2.8904961638132297e-05,5.036730105687468
2.9016134567509728e-05,5.037817132059703
2.912730749688716e-05,5.038134074138738
2.923848042626459e-05,5.037685462863311
2.9349653355642022e-05,5.0380231104028415
2.9460826285019453e-05,5.037953560157345
2.9571999214396888e-05,5.0371918275120615
2.968317214377432e-05,5.036461832573725
2.979434507315175e-05,5.037283801297956
2.9905518002529182e-05,5.038090233279358
3.0016690931906614e-05,5.037967069135589
3.0127863861284045e-05,5.037975100317169
3.023903679066148e-05,5.038336709317393
3.035020972003891e-05,5.038292661876347
3.0461382649416342e-05,5.03839050132974
3.057255557879378e-05,5.037991404610819
3.0683728508171205e-05,5.038195735193203
3.079490143754864e-05,5.037267052461166
3.090607436692607e-05,5.037554001733437
3.10172472963035e-05,5.038017305212172
3.112842022568093e-05,5.036721808162885
3.1239593155058365e-05,5.037598431093056
3.13507660844358e-05,5.037190358397
3.146193901381323e-05,5.0370822764691505
3.157311194319066e-05,5.037033210084675
3.168428487256809e-05,5.037566875450384
3.1795457801945526e-05,5.037249000945663
3.1906630731322954e-05,5.03785925651208
3.201780366070039e-05,5.038049777629592
3.212897659007782e-05,5.038085610439261
3.224014951945525e-05,5.037911617427937
3.2351322448832686e-05,5.037172051698528
3.2462495378210114e-05,5.038360193811955
3.257366830758755e-05,5.039307996819519
3.268484123696498e-05,5.038929595806465
3.279601416634241e-05,5.039969742823621
3.2907187095719846e-05,5.040406541778424
3.3018360025097274e-05,5.041684204102347
3.312953295447471e-05,5.041841708205288
3.324070588385214e-05,5.0418664609331385
3.335187881322957e-05,5.041429859108908
3.3463051742607006e-05,5.0412431116228955
3.3574224671984434e-05,5.040936595821965
3.368539760136187e-05,5.040860221613656
3.37965705307393e-05,5.04116260309593
3.390774346011673e-05,5.041559520406255
3.4018916389494166e-05,5.041245797653944
3.4130089318871594e-05,5.041562205238268
3.424126224824903e-05,5.041331500386515
3.435243517762646e-05,5.040399085607001
3.446360810700389e-05,5.040812650574541
3.457478103638132e-05,5.040866841459821
3.4685953965758755e-05,5.04100543675285
3.479712689513619e-05,5.0409192706089785
3.490829982451362e-05,5.040110171865301
3.501947275389105e-05,5.040543522188617
3.513064568326848e-05,5.040760439710007
3.5241818612645915e-05,5.041509064783215
3.535299154202334e-05,5.041702880795653
3.546416447140078e-05,5.0425930296786845
3.557533740077821e-05,5.043078163063235
3.568651033015564e-05,5.043235725615243
3.5797683259533075e-05,5.043393315737474
3.59088561889105e-05,5.0428204017138665
3.602002911828794e-05,5.042216511242393
3.613120204766537e-05,5.041862655694943
3.62423749770428e-05,5.042023590271069
3.6353547906420235e-05,5.0407261934566785
3.646472083579766e-05,5.040039838092168
3.65758937651751e-05,5.040034518327617
3.6687066694552526e-05,5.0402098797768415
3.679823962392996e-05,5.04008114056562
3.6909412553307395e-05,5.040401862161651
3.702058548268482e-05,5.040489421328299
3.713175841206226e-05,5.041193646780835
3.7242931341439686e-05,5.0408592910351375
3.735410427081712e-05,5.04077544376988
3.746527720019455e-05,5.040631846923463
3.7576450129571984e-05,5.041224455505178
3.768762305894942e-05,5.040352957994808
3.7798795988326846e-05,5.041336721264373
3.790996891770428e-05,5.041169907250429
3.802114184708171e-05,5.041414682420915
3.8132314776459144e-05,5.041026094921159
3.824348770583658e-05,5.041455634495038
3.8354660635214006e-05,5.0424542193488175
3.846583356459144e-05,5.042516222498592
3.857700649396887e-05,5.042299249089607
3.8688179423346304e-05,5.043140404266145
3.879935235272373e-05,5.043771435856518
3.891052528210117e-05,5.044296819168327
3.90216982114786e-05,5.045298739893454
3.913287114085603e-05,5.044986723798728
3.9244044070233464e-05,5.0458066275009985
3.935521699961089e-05,5.0461697328851605
3.946638992898833e-05,5.047353743283606
3.957756285836576e-05,5.047283472277526
3.968873578774319e-05,5.046817635527863
3.9799908717120624e-05,5.046622981903446
3.991108164649805e-05,5.047160951569409
4.002225457587549e-05,5.046804808018368
4.0133427505252915e-05,5.046368587262297
4.024460043463035e-05,5.045817738519447
4.0355773364007785e-05,5.045568137203127
4.046694629338521e-05,5.0453806205374025
4.057811922276265e-05,5.045480521632902
4.0689292152140075e-05,5.044838497736136
4.080046508151751e-05,5.045539565446042
4.091163801089494e-05,5.046055240849999
4.102281094027237e-05,5.0453239317887695
4.113398386964981e-05,5.044795024344509
4.1245156799027235e-05,5.04525006243337
4.135632972840467e-05,5.045679631050671
4.14675026577821e-05,5.045585199638904
4.157867558715953e-05,5.045109899015213
4.168984851653697e-05,5.0454286325520386
4.1801021445914396e-05,5.045582960670704
4.191219437529183e-05,5.045534286074744
4.202336730466926e-05,5.0457550774365325
4.213454023404669e-05,5.045739961425303
4.224571316342412e-05,5.0454313079380135
4.2356886092801556e-05,5.046508737805536
4.246805902217899e-05,5.045541915912324
4.257923195155642e-05,5.045646341685412
4.269040488093385e-05,5.046691035533228
4.280157781031128e-05,5.04691205956253
4.2912750739688716e-05,5.047463910175301
4.3023923669066144e-05,5.0475444494366135
4.313509659844358e-05,5.047557446278773
4.3246269527821014e-05,5.047280858356064
4.335744245719844e-05,5.047900257722086
4.3468615386575876e-05,5.048352588940413
4.3579788315953304e-05,5.049494701894738
4.369096124533074e-05,5.049059625215874
4.3802134174708174e-05,5.0483750844450945
4.39133071040856e-05,5.048424473834184
4.4024480033463036e-05,5.0471424348587615
4.4135652962840464e-05,5.047230632306685
4.42468258922179e-05,5.046424222839165
4.435799882159533e-05,5.0460203969348365
4.446917175097276e-05,5.04570014480367
4.45803446803502e-05,5.0465311946089875
4.4691517609727625e-05,5.047048738723957
4.480269053910506e-05,5.047948741996756
4.491386346848249e-05,5.0478666436527275
4.502503639785992e-05,5.048454111708023
4.513620932723736e-05,5.0478176357754725
4.5247382256614785e-05,5.0475683593388885
4.535855518599222e-05,5.0474899258425
4.546972811536965e-05,5.048079316157369
4.558090104474708e-05,5.0487986472732995
4.569207397412451e-05,5.048916096294882
4.5803246903501945e-05,5.04822628724203
4.591441983287938e-05,5.048885192364879
4.602559276225681e-05,5.048756772446534
4.613676569163424e-05,5.049738540528933
4.624793862101167e-05,5.049191860424867
4.6359111550389105e-05,5.049092253894796
4.647028447976653e-05,5.048124227735918
4.658145740914397e-05,5.0480671608653
4.66926303385214e-05,5.047573467888698
4.680380326789883e-05,5.047522527563475
4.6914976197276265e-05,5.046702890593207
4.7026149126653693e-05,5.046882552839095
4.713732205603113e-05,5.045988011371481
4.724849498540856e-05,5.046457517374296
4.735966791478599e-05,5.046510436227785
4.7470840844163426e-05,5.0471147222575174
4.7582013773540854e-05,5.047842015375993
4.769318670291829e-05,5.047216517382819
4.7804359632295716e-05,5.04709513084679
4.791553256167315e-05,5.047756723363346
4.8026705491050586e-05,5.047895504084477
4.8137878420428014e-05,5.0471314127628695
4.824905134980545e-05,5.047180024877637
4.8360224279182877e-05,5.0467577229911225
4.847139720856031e-05,5.04763433421323
4.858257013793774e-05,5.046716432307051
4.8693743067315174e-05,5.1184342631454145
4.880491599669261e-05,5.18260790241442
4.891608892607004e-05,5.239706578245272
4.902726185544747e-05,5.289120882170123
4.91384347848249e-05,5.3312009379159075
4.9249607714202334e-05,5.367310827515022
4.936078064357977e-05,5.3969008553983135
4.94719535729572e-05,5.420519640157032
4.958312650233463e-05,5.43673409180503
4.969429943171206e-05,5.4479546116046125
4.9805472361089494e-05,5.452673614563416
4.991664529046692e-05,5.451777108407484
5.002781821984436e-05,5.445093656526334
5.013899114922179e-05,5.432530776157403
5.025016407859922e-05,5.41439517516944
5.0361337007976655e-05,5.39192533025806
5.047250993735408e-05,5.364320320036239
5.058368286673152e-05,5.331330453388598
5.069485579610895e-05,5.294261816729792
5.080602872548638e-05,5.251972998075651
5.0917201654863815e-05,5.205793348898477
5.102837458424124e-05,5.156001295420569
5.113954751361868e-05,5.102346009812816
5.1250720442996105e-05,5.044032103503518
5.136189337237354e-05,4.982625618880335
5.1473066301750975e-05,4.917612828128621
5.15842392311284e-05,4.848626505532273
5.169541216050584e-05,4.776390289767736
5.1806585089883266e-05,4.700636458596585
5.19177580192607e-05,4.622543718517446
5.202893094863813e-05,4.54121990145753
5.214010387801556e-05,4.456774483994879
5.2251276807393e-05,4.370836462451772
5.2362449736770426e-05,4.281398614125559
5.247362266614786e-05,4.189632962417856
5.258479559552529e-05,4.095246017823025
5.269596852490272e-05,3.9986118585436143
5.280714145428016e-05,3.9007240055929038
5.2918314383657586e-05,3.7999470912267457
5.302948731303502e-05,3.6983801307080473
5.314066024241245e-05,3.5947736314381453
5.3251833171789884e-05,3.4910670630646026
5.336300610116731e-05,3.3854331569749174
5.3474179030544746e-05,3.27895571377765
5.358535195992218e-05,3.1708030540263885
5.369652488929961e-05,3.062701177305646
5.3807697818677044e-05,2.953626260171473
5.391887074805447e-05,2.8435571289058803
5.4030043677431907e-05,2.7325443606804893
5.4141216606809334e-05,2.6214468286963797
5.425238953618677e-05,2.5098759564222566
5.4363562465564204e-05,2.400181152462407
5.447473539494163e-05,2.2900263672136614
5.458590832431907e-05,2.1798317256165776
5.4697081253696495e-05,2.069944764801039
5.480825418307393e-05,1.960996726419135
5.4919427112451364e-05,1.8531031037006072
5.503060004182879e-05,1.7462691621146516
5.514177297120623e-05,1.6397225358791867
5.5252945900583655e-05,1.5353127706735556
5.536411882996109e-05,1.4309375795236854
5.547529175933852e-05,1.3291670698067442
5.558646468871595e-05,1.2285913489240232
5.569763761809339e-05,1.130063037753885
5.5808810547470815e-05,1.0324050778089144
5.591998347684825e-05,0.9376190454513038
5.603115640622568e-05,0.8445626017413338
5.614232933560311e-05,0.7548281042891491
5.625350226498055e-05,0.6670044003368089
5.6364675194357975e-05,0.5822608268942607
5.647584812373541e-05,0.4998880051390483
5.658702105311284e-05,0.420350095004073
5.669819398249027e-05,0.3437824541951175
5.68093669118677e-05,0.2699149833326175
5.6920539841245135e-05,0.1999337353824726
5.703171277062257e-05,0.13508000755112634
5.71428857e-05,0.07245814782149813
5.725405862937743e-05,0.01468817075412578
5.736523155875486e-05,-0.03991168775320118
5.7476404488132296e-05,-0.09035564744495438
5.7587577417509724e-05,-0.1360552939259383
5.769875034688716e-05,-0.1771639291773775
5.780992327626459e-05,-0.21408565556067535
5.792109620564202e-05,-0.2467847921614592
5.8032269135019456e-05,-0.27511830817119004
5.8143442064396884e-05,-0.29753614754273455
5.825461499377432e-05,-0.31571608391049455
5.836578792315175e-05,-0.3274396543318286
5.847696085252918e-05,-0.33437479322654456
5.8588133781906616e-05,-0.3361901083926573
5.8699306711284044e-05,-0.3325770037255056
5.881047964066148e-05,-0.3227105539901683
5.892165257003891e-05,-0.3062496187004396
5.903282549941634e-05,-0.28326142213024447
5.9143998428793776e-05,-0.2546974379276218
5.9255171358171204e-05,-0.2197968667976165
5.936634428754864e-05,-0.17680326865820453
5.947751721692607e-05,-0.1285151980002833
5.95886901463035e-05,-0.07388011652779997
5.9699863075680936e-05,-0.012331807775227275
5.9811036005058364e-05,0.05873656491643987
5.99222089344358e-05,0.05622733944918668
6.003338186381323e-05,0.05413420146641
6.014455479319066e-05,0.05336197384919439
6.025572772256809e-05,0.051821351026040643
6.0366900651945525e-05,0.05132902806811769
6.047807358132296e-05,0.05055014938814922
6.058924651070039e-05,0.049796913764899885
6.070041944007782e-05,0.04846460314278878
6.081159236945525e-05,0.04813832001440495
6.0922765298832685e-05,0.04678373051034935
6.103393822821011e-05,0.04654950045330695
6.114511115758755e-05,0.04510429132589823
6.125628408696498e-05,0.044088567238082396
6.136745701634241e-05,0.04443633928134678
6.147862994571984e-05,0.044161449449125145
6.158980287509728e-05,0.04484281966222516
6.170097580447471e-05,0.04418991182535081
6.181214873385214e-05,0.04528889102241492
6.192332166322958e-05,0.045724048450009276
6.2034494592607e-05,0.047012343876467064
6.214566752198443e-05,0.0478830075466777
6.225684045136186e-05,0.0482093941030423
6.23680133807393e-05,0.04858813946145141
6.247918631011673e-05,0.049608552198402156
6.259035923949416e-05,0.05033016952115231
6.27015321688716e-05,0.05054049932747717
6.281270509824903e-05,0.05082436210526044
6.292387802762646e-05,0.05193166863203528
6.303505095700388e-05,0.05156945173557546
6.314622388638133e-05,0.05184878599290719
6.325739681575875e-05,0.05176262010251696
6.336856974513618e-05,0.05241153102465607
6.347974267451362e-05,0.05268941429898906
6.359091560389105e-05,0.053177259923404045
6.370208853326848e-05,0.05355451314250755
6.381326146264591e-05,0.05345870679409829
6.392443439202335e-05,0.054665902769429196
6.403560732140078e-05,0.05553948834248788
6.41467802507782e-05,0.05693181128448929
6.425795318015565e-05,0.05838315573767652
6.436912610953307e-05,0.05972486209042345
6.44802990389105e-05,0.0612929104338477
6.459147196828794e-05,0.06174020197300124
6.470264489766537e-05,0.062489291325316845
6.48138178270428e-05,0.06336185948267443
6.492499075642023e-05,0.06422847051319576
6.503616368579767e-05,0.06512485113405951
6.51473366151751e-05,0.06651354968582505
6.525850954455252e-05,0.0680590705239243
6.536968247392997e-05,0.07012590774338189
6.54808554033074e-05,0.07136967877654778
6.559202833268482e-05,0.07180623642049662
6.570320126206225e-05,0.07279322126139229
6.581437419143969e-05,0.07402875046791313
6.592554712081712e-05,0.07540231819876218
6.603672005019455e-05,0.07622574826922474
6.614789297957199e-05,0.07617942582908872
6.625906590894942e-05,0.0760551650140043
6.637023883832685e-05,0.077243334082559
6.648141176770427e-05,0.07823876847731967
6.659258469708171e-05,0.07980686797065649
6.670375762645914e-05,0.07941487286301528
6.681493055583657e-05,0.08075498645343936
6.692610348521401e-05,0.08069257668369248
6.703727641459144e-05,0.08187024515279498
6.714844934396887e-05,0.0820929232373468
6.72596222733463e-05,0.08325491405186138
6.737079520272374e-05,0.08281697386393011
6.748196813210117e-05,0.08336844401164042
6.75931410614786e-05,0.08321648943238799
6.770431399085604e-05,0.0837197875426139
6.781548692023346e-05,0.08361725844105833
6.792665984961089e-05,0.08435776909746052
6.803783277898833e-05,0.0845491237308446
6.814900570836576e-05,0.08522359521539234
6.826017863774319e-05,0.08492303333874918
6.837135156712062e-05,0.08494568207276297
6.848252449649806e-05,0.08426656172840163
6.859369742587549e-05,0.08343161071494909
6.870487035525291e-05,0.08265775155946951
6.881604328463036e-05,0.08155537131596445
6.892721621400778e-05,0.08004340887127305
6.903838914338521e-05,0.0794279339059936
6.914956207276264e-05,0.07855443585295188
6.926073500214008e-05,0.07798800282229741
6.937190793151751e-05,0.07709693073725643
6.948308086089494e-05,0.07675305220590414
6.959425379027238e-05,0.07571218392387993
6.97054267196498e-05,0.07425680079447045
6.981659964902723e-05,0.07327876352968789
6.992777257840466e-05,0.07134959591951871
7.00389455077821e-05,0.07066126151817126
7.015011843715953e-05,0.06972382907047031
7.026129136653696e-05,0.067947417540967
7.03724642959144e-05,0.06677186692027888
7.048363722529183e-05,0.06582116860494443
7.059481015466926e-05,0.06389774128393033
7.070598308404669e-05,0.06259735136731914
7.081715601342413e-05,0.062324353334731956
7.092832894280155e-05,0.06156900415952749
7.103950187217898e-05,0.060050218377528795
7.115067480155642e-05,0.05916494235390116
7.126184773093385e-05,0.058089010575186194
7.137302066031128e-05,0.05568993996862265
7.148419358968871e-05,0.05461045483780887
7.159536651906615e-05,0.053519506678794584
7.170653944844358e-05,0.05159016136133352
7.1817712377821e-05,0.050592484549828606
7.192888530719845e-05,0.049099881957235074
7.204005823657588e-05,0.04790410512023041
7.21512311659533e-05,0.047067718906566455
7.226240409533074e-05,0.045795158112372766
7.237357702470817e-05,0.04409607727500298
7.24847499540856e-05,0.04387860647316584
7.259592288346303e-05,0.042964399825328466
7.270709581284047e-05,0.04262502473649324
7.28182687422179e-05,0.04172333632919112
7.292944167159533e-05,0.04169414381047288
7.304061460097277e-05,0.04056938545265326
7.31517875303502e-05,0.03919493652755071
7.326296045972762e-05,0.0378802215488765
7.337413338910505e-05,0.03656598437951909
7.348530631848249e-05,0.03578015971913521
7.359647924785992e-05,0.03479904365222886
7.370765217723735e-05,0.034146233431409885
7.381882510661479e-05,0.03308574618969667
7.392999803599222e-05,0.03278999702196581
7.404117096536965e-05,0.03176281045214247
7.415234389474707e-05,0.031064398487782707
7.426351682412452e-05,0.03074480845185211
7.437468975350194e-05,0.03108388747607392
7.448586268287937e-05,0.03135944303892557
7.459703561225681e-05,0.031813595458775705
7.470820854163424e-05,0.03236827320965947
7.481938147101167e-05,0.032687604302749834
7.49305544003891e-05,0.03243698408827038
7.504172732976654e-05,0.03332732578817073
7.515290025914397e-05,0.033926405868055586
7.52640731885214e-05,0.03532609781301631
7.537524611789884e-05,0.03642606754276475
7.548641904727626e-05,0.03692667492207594
7.559759197665369e-05,0.037112366588855056
7.570876490603113e-05,0.03709678785697861
7.581993783540856e-05,0.037669568040901054
7.593111076478599e-05,0.03817038538012953
7.604228369416342e-05,0.038802107943341116
7.615345662354086e-05,0.03946009277669718
7.626462955291829e-05,0.0399043419473248
7.637580248229572e-05,0.040391389368439896
7.648697541167316e-05,0.04054659954466911
7.659814834105058e-05,0.040459189758852376
7.670932127042801e-05,0.041917498753550345
7.682049419980544e-05,0.04273644047448645
7.693166712918288e-05,0.04298503541746508
7.704284005856031e-05,0.04325153481818782
7.715401298793774e-05,0.04394065475922944
7.726518591731518e-05,0.04432117544549777
7.737635884669261e-05,0.04595483454789233
7.748753177607004e-05,0.04694270920056255
7.759870470544746e-05,0.04723289257996097
7.77098776348249e-05,0.04728182956112866
7.782105056420233e-05,0.04783560064434183
7.793222349357976e-05,0.048883065022527726
7.80433964229572e-05,0.04900378798035245
7.815456935233463e-05,0.04980419791996049
7.826574228171206e-05,0.0504198469995737
7.837691521108949e-05,0.0507386588960527
7.848808814046693e-05,0.05100958904046233
7.859926106984436e-05,0.05176085395079632
7.871043399922178e-05,0.0518440610323874
7.882160692859923e-05,0.051828581555610057
7.893277985797665e-05,0.052010395478780294
7.904395278735408e-05,0.05185640707379303
7.915512571673152e-05,0.05112609041879889
7.926629864610895e-05,0.05171475151723279
7.937747157548638e-05,0.05252027991805447
7.948864450486381e-05,0.05242389362054182
7.959981743424125e-05,0.05156665278227562
7.971099036361868e-05,0.05203353877305411
7.98221632929961e-05,0.05200277976446485
7.993333622237355e-05,0.051922661185458956
8.004450915175097e-05,0.05246556380442106
8.01556820811284e-05,0.05366188608792005
8.026685501050583e-05,0.05398995586908818
8.037802793988327e-05,0.05415334787023504
8.04892008692607e-05,0.05390096517940215
8.060037379863813e-05,0.05413106368299841
8.071154672801557e-05,0.053310148439284624
8.0822719657393e-05,0.053788621593464876
8.093389258677043e-05,0.054327138133315384
8.104506551614785e-05,0.05469485773129692
8.11562384455253e-05,0.05530551422875964
8.126741137490272e-05,0.055450664051010665
8.137858430428015e-05,0.055222324177267516
8.148975723365759e-05,0.05536998061539579
8.160093016303502e-05,0.054908152484671416
8.171210309241245e-05,0.054114417565715854
8.182327602178988e-05,0.0530692785548933
8.193444895116732e-05,0.053126326273991685
8.204562188054475e-05,0.051980689536210704
8.215679480992217e-05,0.05181095814407555
8.226796773929961e-05,0.051647710240090836
8.237914066867704e-05,0.0515362854227316
8.249031359805447e-05,0.05147998044902335
8.26014865274319e-05,0.05141851969089778
8.271265945680934e-05,0.05045833642641761
8.282383238618677e-05,0.04971690190187184
8.29350053155642e-05,0.049784770297643555
8.304617824494164e-05,0.05016600670859363
8.315735117431907e-05,0.04970956939324113
8.32685241036965e-05,0.04905661928790227
8.337969703307394e-05,0.04863220875042211
8.349086996245136e-05,0.04776287908030435
8.360204289182879e-05,0.048088879573662285
8.371321582120622e-05,0.0473673928012298
8.382438875058366e-05,0.04694919559290686
8.393556167996109e-05,0.04637960797709576
8.404673460933852e-05,0.04587445345626701
8.415790753871596e-05,0.04554959588264136
8.426908046809339e-05,0.044820362135668375
8.438025339747081e-05,0.04398504659150159
8.449142632684824e-05,0.04418326970231643
8.460259925622568e-05,0.043397221102843615
8.471377218560311e-05,0.04361934644615447
8.482494511498054e-05,0.042574610765660326
8.493611804435798e-05,0.04254446531581615
8.504729097373541e-05,0.04242161316037808
8.515846390311284e-05,0.042517548972595874
8.526963683249027e-05,0.04234003359806619
8.53808097618677e-05,0.042216184462223486
8.549198269124513e-05,0.041952215231574094
8.560315562062256e-05,0.041793515130388564
8.571432855e-05,0.04183709601537987
8.582550147937743e-05,0.04190475677189034
8.593667440875486e-05,0.04132053111814877
8.604784733813229e-05,0.04139489508882246
8.615902026750973e-05,0.04246181224868163
8.627019319688716e-05,0.04316146524948435
8.638136612626459e-05,0.043202089095156826
8.649253905564203e-05,0.04265463031557444
8.660371198501945e-05,0.042483740507202085
8.671488491439688e-05,0.04175741446545015
8.682605784377432e-05,0.04226847999077319
8.693723077315175e-05,0.04214766196125108
8.704840370252918e-05,0.04260665742735945
8.715957663190661e-05,0.043150132031365515
8.727074956128405e-05,0.04341363783922126
8.738192249066148e-05,0.04337539129448949
8.74930954200389e-05,0.043778291595281245
8.760426834941635e-05,0.043841220787291545
8.771544127879378e-05,0.04485291354602297
8.78266142081712e-05,0.04540666998780236
8.793778713754863e-05,0.045156194407749595
8.804896006692607e-05,0.045061775077019625
8.81601329963035e-05,0.04650352359238533
8.827130592568093e-05,0.046659232158658234
8.838247885505837e-05,0.04707919998652176
8.84936517844358e-05,0.046760800522856465
8.860482471381323e-05,0.04638340275231752
8.871599764319065e-05,0.04629542314155621
8.88271705725681e-05,0.04648661557338885
8.893834350194552e-05,0.04630866812571451
8.904951643132295e-05,0.04627321776692401
8.91606893607004e-05,0.04596287983275431
8.927186229007782e-05,0.04642685561498009
8.938303521945525e-05,0.04687310780052691
8.949420814883268e-05,0.04641541759193253
8.960538107821012e-05,0.04754149066944082
8.971655400758755e-05,0.047449575201788885
8.982772693696497e-05,0.04680134338790058
8.993889986634242e-05,0.046813533967966274
9.005007279571984e-05,0.04709529373563926
9.016124572509727e-05,0.04680558454019357
9.027241865447471e-05,0.04750569633105414
9.038359158385214e-05,0.04889308273887015
9.049476451322957e-05,0.049492202288572006
9.0605937442607e-05,0.04966314025569439
9.071711037198444e-05,0.049619953727362394
9.082828330136187e-05,0.05087547936966637
9.09394562307393e-05,0.05113532922217124
9.105062916011674e-05,0.05125961401958718
9.116180208949416e-05,0.052344485339850776
9.127297501887159e-05,0.051978099596432036
9.138414794824902e-05,0.05112213243311279
9.149532087762646e-05,0.05096165816881851
9.160649380700389e-05,0.05131648711411399
9.171766673638132e-05,0.0522582791161073
9.182883966575876e-05,0.052925974656760445
9.194001259513619e-05,0.05286904595031749
9.205118552451362e-05,0.05242152626932801
9.216235845389104e-05,0.052335857685220845
9.227353138326848e-05,0.05256523994815771
9.238470431264591e-05,0.052388943221602695
9.249587724202334e-05,0.0525420254011704
9.260705017140078e-05,0.05303286446848667
9.271822310077821e-05,0.05275120676376177
9.282939603015564e-05,0.05313097106135731
9.294056895953307e-05,0.05355094134872507
9.305174188891051e-05,0.05488313964339519
9.316291481828794e-05,0.05475869050100023
9.327408774766536e-05,0.05471558820013962
9.33852606770428e-05,0.0544039430250122
9.349643360642023e-05,0.053942872267959845
9.360760653579766e-05,0.05385043000733739
9.37187794651751e-05,0.05367752282198106
9.382995239455253e-05,0.05303790926207782
9.394112532392996e-05,0.05302804553549388
9.405229825330739e-05,0.0527326755550815
9.416347118268483e-05,0.05213964101890568
9.427464411206226e-05,0.05142274177643261
9.438581704143968e-05,0.051886768329249926
9.449698997081713e-05,0.050893704673545904
9.460816290019455e-05,0.05066909713722571
9.471933582957198e-05,0.05096562123152817
9.483050875894941e-05,0.05096336594967582
9.494168168832685e-05,0.049952628802333886
9.505285461770428e-05,0.049214104457303856
9.516402754708171e-05,0.04901171570027316
9.527520047645915e-05,0.04898586613593346
9.538637340583658e-05,0.04841580645934721
9.5497546335214e-05,0.04867332697018973
9.560871926459143e-05,0.04878839517668411
9.571989219396887e-05,0.048973586290731994
9.58310651233463e-05,0.049807751573840195
9.594223805272373e-05,0.049733403167597535
9.605341098210117e-05,0.04974603172732098
9.61645839114786e-05,0.049510648711221204
9.627575684085603e-05,0.04944847646345059
9.638692977023346e-05,0.04910799934260472
9.64981026996109e-05,0.04935612171328884
9.660927562898833e-05,0.049371632214305246
9.672044855836575e-05,0.04986950668333113
9.68316214877432e-05,0.04961210269192639
9.694279441712062e-05,0.04994662350950093
9.705396734649805e-05,0.049737437905301725
9.716514027587548e-05,0.049499248475185845
9.727631320525292e-05,0.049706189663107504
9.738748613463035e-05,0.04906892877671633
9.749865906400778e-05,0.04839439993051747
9.760983199338522e-05,0.04833511044082502
9.772100492276265e-05,0.04746722817962967
9.783217785214007e-05,0.0474067792481635
9.794335078151751e-05,0.04777312121443624
9.805452371089494e-05,0.047998446799356116
9.816569664027237e-05,0.04771103216525594
9.82768695696498e-05,0.048206707965930115
9.838804249902724e-05,0.047723637826394584
9.849921542840467e-05,0.046726715740471506
9.86103883577821e-05,0.045792933725559724
9.872156128715954e-05,0.04600014607783598
9.883273421653697e-05,0.0453914334738226
9.89439071459144e-05,0.044913111339619824
9.905508007529182e-05,0.04413004469204446
9.916625300466926e-05,0.043935780719541226
9.927742593404669e-05,0.043961418492874584
9.938859886342412e-05,0.04358293910871058
9.949977179280156e-05,0.04258422623265017
9.961094472217899e-05,0.04153601812227468
9.972211765155642e-05,0.041335015267097916
9.983329058093384e-05,0.040647498208695475
9.994446351031129e-05,0.04018107623281218
0.00010005563643968871,0.0402741635955608
0.00010016680936906614,0.04050745528168488
0.00010027798229844358,0.03970287476879791
0.00010038915522782101,0.0404955488580744
0.00010050032815719844,0.040632454643659124
0.00010061150108657587,0.04063660706117658
0.00010072267401595331,0.040577303214963244
0.00010083384694533074,0.039720296879345876
0.00010094501987470817,0.03914830588818151
0.0001010561928040856,0.03896929683769785
0.00010116736573346303,0.03790627445401612
0.00010127853866284046,0.03797881639051317
0.0001013897115922179,0.03815070019843147
0.00010150088452159533,0.0380446514198452
0.00010161205745097276,0.037122494366033196
0.00010172323038035019,0.037522214540442876
0.00010183440330972763,0.03641754022707901
0.00010194557623910506,0.035847383808245085
0.00010205674916848249,0.03555833763512274
0.00010216792209785993,0.03488963655887348
0.00010227909502723736,0.03457345839687729
0.00010239026795661478,0.034659820729703444
0.00010250144088599221,0.03499905430315647
0.00010261261381536965,0.03523405413553367
0.00010272378674474708,0.035253226994002955
0.00010283495967412451,0.0357580087140027
0.00010294613260350195,0.03618535348020114
0.00010305730553287938,0.03627121289780341
0.0001031684784622568,0.037173860362742374
0.00010327965139163423,0.03769934357718933
0.00010339082432101168,0.03783967016860943
0.0001035019972503891,0.03753759139504272
0.00010361317017976653,0.037550041281673156
0.00010372434310914397,0.03739109305958221
0.0001038355160385214,0.03704384492137937
0.00010394668896789883,0.037336165531715204
0.00010405786189727626,0.03742456293193175
0.0001041690348266537,0.03706711944385969
0.00010428020775603113,0.036424277075286844
0.00010439138068540855,0.03602850307494812
0.000104502553614786,0.036084625095501276
0.00010461372654416342,0.03574972290309747
0.00010472489947354085,0.03559195364690389
0.0001048360724029183,0.036068366492159894
0.00010494724533229572,0.036234752876028536
0.00010505841826167315,0.03663292484793585
0.00010516959119105058,0.0376621772162022
0.00010528076412042802,0.03811920707119979
0.00010539193704980545,0.03901615707227349
0.00010550310997918287,0.03962815339180444
0.00010561428290856032,0.039544422370117925
0.00010572545583793774,0.03974785915233016
0.00010583662876731517,0.0398589259935526
0.0001059478016966926,0.03926620088140475
0.00010605897462607004,0.039607266600896876
0.00010617014755544747,0.04045828108149461
0.0001062813204848249,0.04134821646585419
0.00010639249341420234,0.04186914693948452
0.00010650366634357977,0.04207314515986346
0.0001066148392729572,0.04157488078513976
0.00010672601220233462,0.041309749294311096
0.00010683718513171206,0.04146851647245376
0.00010694835806108949,0.04093717034142849
0.00010705953099046692,0.0414800487130407
0.00010717070391984436,0.04126447668827585
0.00010728187684922179,0.04216698198350514
0.00010739304977859922,0.04182996479058292
0.00010750422270797665,0.041871084653453766
0.00010761539563735409,0.0407739091776159
0.00010772656856673152,0.04111914141902202
0.00010783774149610894,0.04032301300407805
0.00010794891442548639,0.04038941411495959
0.00010806008735486381,0.04000753457327163
0.00010817126028424124,0.03950265363091707
0.00010828243321361867,0.039004862030640124
0.00010839360614299611,0.039314481679967365
0.00010850477907237354,0.03903626609922788
0.00010861595200175097,0.03942490938648299
0.00010872712493112841,0.03962676827415642
0.00010883829786050584,0.0397025094033722
0.00010894947078988326,0.04089366076805513
0.0001090606437192607,0.040254510276015454
0.00010917181664863813,0.03994471130102888
0.00010928298957801556,0.03973658500939743
0.00010939416250739299,0.039162201931688886
0.00010950533543677043,0.0384473508581442
0.00010961650836614786,0.038367945250417305
0.00010972768129552529,0.03886314113153751
0.00010983885422490273,0.03986332797099409
0.00010995002715428016,0.03919800402476202
0.00011006120008365758,0.03980105807200856
0.00011017237301303501,0.03999760062019716
0.00011028354594241245,0.040062946680476504
0.00011039471887178988,0.040464453639867254
0.00011050589180116731,0.03998921839352279
0.00011061706473054475,0.03938101063343757
0.00011072823765992218,0.039921766143470025
0.00011083941058929961,0.04026662465332734
0.00011095058351867704,0.04042042001016286
0.00011106175644805448,0.04034076542099424
0.0001111729293774319,0.04128418531590934
0.00011128410230680933,0.04043948494457438
0.00011139527523618677,0.04008679593206452
0.0001115064481655642,0.039644851158137234
0.00011161762109494163,0.03903344018593924
0.00011172879402431906,0.03864321667951373
0.0001118399669536965,0.038197130766796906
0.00011195113988307393,0.037868372597157314
0.00011206231281245136,0.03769922522254902
0.0001121734857418288,0.03728697904498267
0.00011228465867120623,0.037365567313193855
0.00011239583160058365,0.03779169466893762
0.0001125070045299611,0.03795320918622739
0.00011261817745933852,0.037988532265269166
0.00011272935038871595,0.038647930809192835
0.00011284052331809338,0.03895928202917064
0.00011295169624747082,0.03859698917659749
0.00011306286917684825,0.038925062849411975
0.00011317404210622568,0.039399922007133124
0.00011328521503560312,0.03995021080633373
0.00011339638796498055,0.041053505621854634
0.00011350756089435797,0.04184365378091897
0.0001136187338237354,0.04210910496692842
0.00011372990675311284,0.04250447621558401
0.00011384107968249027,0.043866849436316996
0.0001139522526118677,0.044259194251050585
0.00011406342554124514,0.044125761114324105
0.00011417459847062257,0.043756530875840895
0.0001142857714,0.04388702488779983
0.00011439694432937742,0.044326665296416164
0.00011450811725875487,0.043670363595621556
0.0001146192901881323,0.04391816144985451
0.00011473046311750972,0.04417244376457595
0.00011484163604688716,0.044976374175673864
0.00011495280897626459,0.04457035808698486
0.00011506398190564202,0.04489589393335873
0.00011517515483501945,0.04531730946819191
0.00011528632776439689,0.044752537449146854
0.00011539750069377432,0.04500599597798892
0.00011550867362315174,0.044825343489726784
0.00011561984655252919,0.044807548683300814
0.00011573101948190661,0.04470112449357647
0.00011584219241128404,0.04465577703007541
0.00011595336534066148,0.045513104524635535
0.00011606453827003891,0.045106475798223744
0.00011617571119941634,0.045158872524672954
0.00011628688412879377,0.045884035993537055
0.00011639805705817121,0.04565671335171567
0.00011650922998754864,0.04556103007500904
0.00011662040291692607,0.04569972371236452
0.0001167315758463035,0.044974444600245696
0.00011684274877568093,0.04500153720177711
0.00011695392170505836,0.045326653406648175
0.00011706509463443579,0.04588209542886148
0.00011717626756381323,0.04652208824693631
0.00011728744049319066,0.046139313185409876
0.00011739861342256809,0.04630460156697166
0.00011750978635194553,0.04608403700830052
0.00011762095928132296,0.04576305690936604
0.00011773213221070039,0.04526487039733743
0.00011784330514007781,0.04593702232119318
0.00011795447806945526,0.04564338693017377
0.00011806565099883268,0.045439776384739984
0.00011817682392821011,0.04524132561348491
0.00011828799685758755,0.044587294351870206
0.00011839916978696498,0.044517062011271875
0.00011851034271634241,0.04404298121070045
0.00011862151564571984,0.043844143600941195
0.00011873268857509728,0.043252990502001244
0.0001188438615044747,0.0441583332153814
0.00011895503443385213,0.043383289545201834
0.00011906620736322958,0.04321309958301412
0.000119177380292607,0.04326202725774868
0.00011928855322198443,0.043637369503774254
0.00011939972615136187,0.043984272969545136
0.0001195108990807393,0.04340964022102023
0.00011962207201011673,0.04337928368413448
0.00011973324493949416,0.04326011271243918
0.0001198444178688716,0.043030804686211115
0.00011995559079824903,0.0424650546047987
0.00012006676372762645,0.04166483526952856
0.0001201779366570039,0.04057613430951512
0.00012028910958638132,0.040994621987984675
0.00012040028251575875,0.04038202150951168
0.00012051145544513618,0.03961387003226115
0.00012062262837451362,0.04018190953010107
0.00012073380130389105,0.04033785411507089
0.00012084497423326848,0.039777030451880045
0.00012095614716264592,0.039256204426784534
0.00012106732009202335,0.03880140259037173
0.00012117849302140077,0.038793546111879684
0.0001212896659507782,0.03818560677892177
0.00012140083888015564,0.037725052201175044
0.00012151201180953307,0.03776382682592868
0.0001216231847389105,0.03791151543893976
0.00012173435766828794,0.038106824888431846
0.00012184553059766537,0.03837664653723811
0.0001219567035270428,0.03861338371362593
0.00012206787645642023,0.038201929929913406
0.00012217904938579765,0.037780809384625705
0.0001222902223151751,0.03777007861781276
0.00012240139524455254,0.03788956795923081
0.00012251256817392996,0.03801971630021463
0.0001226237411033074,0.037918625654118666
0.00012273491403268482,0.03864159648546437
0.00012284608696206225,0.03917108306125145
0.00012295725989143968,0.03889150890301193
0.00012306843282081713,0.03916121947517595
0.00012317960575019456,0.039419436221140684
0.000123290778679572,0.03938280322182734
0.00012340195160894942,0.04027580404916672
0.00012351312453832684,0.04002193342776847
0.00012362429746770427,0.04040354873729601
0.0001237354703970817,0.040465988304284294
0.00012384664332645915,0.041036081238294095
0.00012395781625583658,0.040363060334463886
0.000124068989185214,0.040997386598835006
0.00012418016211459144,0.040812241367139776
0.00012429133504396887,0.04164486661064663
0.0001244025079733463,0.041903939283838086
0.00012451368090272372,0.04131708727984951
0.00012462485383210118,0.04112102238455426
0.0001247360267614786,0.041071520394158435
0.00012484719969085603,0.040641787197795654
0.00012495837262023346,0.0406932117731416
0.0001250695455496109,0.039572836453710764
0.00012518071847898832,0.03904016119112134
0.00012529189140836575,0.039418721876250125
0.0001254030643377432,0.03887165364417999
0.00012551423726712063,0.0382489270471003
0.00012562541019649806,0.03798368223353665
0.00012573658312587548,0.038845123889858134
0.0001258477560552529,0.03878551859109028
0.00012595892898463034,0.03861803519634852
0.00012607010191400777,0.03769978247680447
0.00012618127484338522,0.03784922302996215
0.00012629244777276265,0.03842040500004921
0.00012640362070214008,0.038548367553499635
0.0001265147936315175,0.03822435322612502
0.00012662596656089494,0.03886098708496673
0.00012673713949027236,0.03911032259080104
0.0001268483124196498,0.039456031025504636
0.00012695948534902725,0.03987352160632022
0.00012707065827840467,0.041027201464504864
0.0001271818312077821,0.041345985699679656
0.00012729300413715953,0.04209904927111941
0.00012740417706653696,0.04199384603406441
0.00012751534999591439,0.04160619020840199
0.00012762652292529181,0.04108312099079204
0.00012773769585466927,0.04143909882420363
0.0001278488687840467,0.041243337590185836
0.00012796004171342413,0.04189287192812319
0.00012807121464280155,0.04144775983653951
0.00012818238757217898,0.04167681177226656
0.0001282935605015564,0.04181831241951978
0.00012840473343093384,0.041320956470380095
0.0001285159063603113,0.04123188494229245
0.00012862707928968872,0.04142483690178651
0.00012873825221906615,0.04061674584083769
0.00012884942514844358,0.04012603614595018
0.000128960598077821,0.03952875036558562
0.00012907177100719843,0.03897824152137254
0.0001291829439365759,0.038617286903895424
0.00012929411686595332,0.03868968268248128
0.00012940528979533074,0.03865141533025525
0.00012951646272470817,0.038783107133944957
0.0001296276356540856,0.03851415437249525
0.00012973880858346303,0.03821501383689883
0.00012984998151284045,0.038007974153612005
0.0001299611544422179,0.038049305614919926
0.00013007232737159534,0.03767550434364804
0.00013018350030097277,0.03780728559629805
0.0001302946732303502,0.03808501803083156
0.00013040584615972762,0.037145019809736196
0.00013051701908910505,0.03672746653165183
0.00013062819201848248,0.036287869054876985
0.00013073936494785993,0.03698454176744518
0.00013085053787723736,0.03643091312228545
0.0001309617108066148,0.03636807176806727
0.00013107288373599222,0.035227202489168594
0.00013118405666536964,0.03519212328592821
0.00013129522959474707,0.03582218945467375
0.0001314064025241245,0.03610776340018544
0.00013151757545350196,0.03544099724261058
0.00013162874838287938,0.03506134169312276
0.0001317399213122568,0.03520161345733118
0.00013185109424163424,0.0350500922253069
0.00013196226717101167,0.03488040292186477
0.0001320734401003891,0.035625922645843064
0.00013218461302976652,0.035908600129715744
0.00013229578595914398,0.0364641968284391
0.0001324069588885214,0.03637667406849851
0.00013251813181789883,0.0363989277983955
0.00013262930474727626,0.03661501374358614
0.0001327404776766537,0.037012152357335584
0.00013285165060603112,0.03608036508480481
0.00013296282353540855,0.035325421358640766
0.000133073996464786,0.03492954135417783
0.00013318516939416343,0.034159176152674275
0.00013329634232354086,0.0340627711920312
0.00013340751525291829,0.03435163024336922
0.00013351868818229571,0.034794859539423934
0.00013362986111167314,0.034624347751440715
0.00013374103404105057,0.03495977025473284
0.00013385220697042802,0.034736845201490105
0.00013396337989980545,0.03492987961941747
0.00013407455282918288,0.03434558132874266
0.0001341857257585603,0.034936507487003
0.00013429689868793774,0.03542613623570594
0.00013440807161731516,0.0358518423172022
0.0001345192445466926,0.036333737067659806
0.00013463041747607005,0.035967858576818015
0.00013474159040544748,0.035830885949970505
0.0001348527633348249,0.03578555662566423
0.00013496393626420233,0.03584497236330677
0.00013507510919357976,0.03587453190090563
0.0001351862821229572,0.03607247884822402
0.00013529745505233462,0.03626144379129943
0.00013540862798171207,0.03673334489370418
0.0001355198009110895,0.035584869961686236
0.00013563097384046693,0.03517395789622413
0.00013574214676984435,0.03563115481689806
0.00013585331969922178,0.035303758298860594
0.0001359644926285992,0.035654209752351576
0.00013607566555797667,0.03648732330889939
0.0001361868384873541,0.03685436103252112
0.00013629801141673152,0.03708825544201126
0.00013640918434610895,0.037628920014547096
0.00013652035727548638,0.03744446702757562
0.0001366315302048638,0.03706511155375723
0.00013674270313424123,0.03797168649813605
0.0001368538760636187,0.03830427824336725
0.00013696504899299612,0.039079248341506674
0.00013707622192237354,0.03904937941735831
0.00013718739485175097,0.03961099294331959
0.0001372985677811284,0.04068981447021511
0.00013740974071050583,0.041733549488890714
0.00013752091363988326,0.04144324003971838
0.0001376320865692607,0.04129703543300572
0.00013774325949863814,0.04158245848032987
0.00013785443242801557,0.041790936600904716
0.000137965605357393,0.04214728222629631
0.00013807677828677042,0.043187901785166946
0.00013818795121614785,0.043724903834185966
0.00013829912414552528,0.044116210982881515
0.00013841029707490273,0.04409101223592388
0.00013852147000428016,0.044008877641965004
0.0001386326429336576,0.044665157377524384
0.00013874381586303502,0.04521783651882559
0.00013885498879241245,0.04607370815294225
0.00013896616172178987,0.046157979409864325
0.0001390773346511673,0.045942689614415125
0.00013918850758054476,0.04600894528616212
0.00013929968050992219,0.04612801436033947
0.0001394108534392996,0.046680002072757375
0.00013952202636867704,0.04710837085455361
0.00013963319929805447,0.04732344508217747
0.0001397443722274319,0.047542679758966006
0.00013985554515680933,0.047197532411622806
0.00013996671808618678,0.0479065262967762
0.0001400778910155642,0.047833441471195406
0.00014018906394494164,0.0487214110617981
0.00014030023687431906,0.04953678073060905
0.0001404114098036965,0.05084303272387815
0.00014052258273307392,0.05138316287465428
0.00014063375566245135,0.05202081774914883
0.0001407449285918288,0.05158316560742199
0.00014085610152120623,0.05172836810688665
0.00014096727445058366,0.05205532996318389
0.0001410784473799611,0.05214780332982579
0.00014118962030933851,0.05189439117542248
0.00014130079323871594,0.0515752108689191
0.00014141196616809337,0.0509859647738239
0.00014152313909747083,0.05110514897921318
0.00014163431202684825,0.050503605161685956
0.00014174548495622568,0.050584011824394835
0.0001418566578856031,0.050311907255113864
0.00014196783081498054,0.05033908482789916
0.00014207900374435797,0.050457167390791334
0.0001421901766737354,0.05058679156348634
0.00014230134960311285,0.051398999327701415
0.00014241252253249028,0.051482979120904784
0.0001425236954618677,0.05135631169473166
0.00014263486839124513,0.05179040552586327
0.00014274604132062256,0.05152092371564806
0.00014285721425,0.052106746376593904
0.00014296838717937742,0.05246647351199465
0.00014307956010875487,0.05236610477610678
0.0001431907330381323,0.0528702009498959
0.00014330190596750973,0.05159199663820136
0.00014341307889688716,0.05133981992997175
0.00014352425182626458,0.050927333304639576
0.000143635424755642,0.05127080831713062
0.00014374659768501947,0.050894310338718746
0.0001438577706143969,0.051064626967842704
0.00014396894354377432,0.05044060311387656
0.00014408011647315175,0.05086995673403427
0.00014419128940252918,0.05126957243346811
0.0001443024623319066,0.0513440784277266
0.00014441363526128403,0.051478593047342015
0.0001445248081906615,0.05194815236618598
0.00014463598112003892,0.05150180642206695
0.00014474715404941635,0.0517215717659174
0.00014485832697879377,0.050696071015441053
0.0001449694999081712,0.05079570397197913
0.00014508067283754863,0.05080307240830327
0.00014519184576692606,0.050531940167585145
0.0001453030186963035,0.050260589398638436
0.00014541419162568094,0.0498162723857661
0.00014552536455505837,0.04888222688966179
0.0001456365374844358,0.04876066673940512
0.00014574771041381322,0.04805182396022763
0.00014585888334319065,0.047839210031818964
0.00014597005627256808,0.04736155791577771
0.00014608122920194554,0.047524600166729505
0.00014619240213132296,0.04755892814002957
0.0001463035750607004,0.04724163537463122
0.00014641474799007782,0.0470893573045016
0.00014652592091945525,0.046520728877085304
0.00014663709384883268,0.04655716560893877
0.0001467482667782101,0.0470168936789179
0.00014685943970758756,0.04765322308226012
0.00014697061263696499,0.047006018855154895
0.00014708178556634241,0.04656417457768795
0.00014719295849571984,0.04573187882973025
0.00014730413142509727,0.04541040375834914
0.0001474153043544747,0.04474000372032946
0.00014752647728385213,0.04506540124928761
0.00014763765021322958,0.04493598253409713
0.000147748823142607,0.04534740055751425
0.00014785999607198444,0.04660424822175317
0.00014797116900136187,0.04617998183769025
0.0001480823419307393,0.046270577864741064
0.00014819351486011672,0.045966936352388583
0.00014830468778949415,0.045940684760626974
0.0001484158607188716,0.045549268464068496
0.00014852703364824903,0.045750574767938035
0.00014863820657762646,0.04487251986193539
0.0001487493795070039,0.044808757852781385
0.00014886055243638132,0.045080452251942994
0.00014897172536575874,0.046027421130233094
0.00014908289829513617,0.04539202023805253
0.00014919407122451363,0.04513540870902882
0.00014930524415389106,0.04421554674916471
0.00014941641708326848,0.039554674036697254
0.0001495275900126459,0.023382314900295312
0.00014963876294202334,-0.013754397080935258
0.00014974993587140077,-0.1335534135992962
0.0001498611088007782,-0.23063228499852934
0.00014997228173015565,-0.2582048645868461
0.00015008345465953308,-0.2694826088833453
0.0001501946275889105,-0.29878600063982913
0.00015030580051828793,-0.3357719581196204
0.00015041697344766536,-0.3582724491116353
0.0001505281463770428,-0.36489777504387094
0.00015063931930642025,-0.3671911899955945
0.00015075049223579767,-0.36972171249803865
0.0001508616651651751,-0.3666322868371173
0.00015097283809455253,-0.35576046783830195
0.00015108401102392996,-0.3374066417363805
0.00015119518395330738,-0.314974021116972
0.0001513063568826848,-0.2884783104915148
0.00015141752981206227,-0.25704155981668475
0.0001515287027414397,-0.22081499073265712
0.00015163987567081712,-0.18051702024061259
0.00015175104860019455,-0.13524388644492216
0.00015186222152957198,-0.08605202592630379
0.0001519733944589494,-0.03218125917504559
0.00015208456738832684,0.02590416392899979
0.0001521957403177043,0.08714589275146863
0.00015230691324708172,0.15231031808245354
0.00015241808617645915,0.22160012470188203
0.00015252925910583657,0.2932040258561313
0.000152640432035214,0.36937912477809476
0.00015275160496459143,0.44687288305701267
0.00015286277789396886,0.529254849487174
0.00015297395082334631,0.6134196522249976
0.00015308512375272374,0.6999142780180089
0.00015319629668210117,0.7881839881511001
0.0001533074696114786,0.8801313109195008
0.00015341864254085603,0.9747745481390733
0.00015352981547023345,1.070545675408189
0.00015364098839961088,1.1692889540156657
0.00015375216132898834,1.2690878901314313
0.00015386333425836576,1.3696652641581506
0.0001539745071877432,1.473787423732914
0.00015408568011712062,1.5783735420480869
0.00015419685304649805,1.6847182455970902
0.00015430802597587548,1.7927428243637908
0.0001544191989052529,1.9005874325850822
0.00015453037183463036,2.0104264772031275
0.0001546415447640078,2.1200449465690725
0.00015475271769338522,2.2299959220516143
0.00015486389062276264,2.3402497975306638
0.00015497506355214007,2.452109631741145
0.0001550862364815175,2.5634367648942815
0.00015519740941089493,2.674116515802273
0.00015530858234027238,2.7845494435554645
0.0001554197552696498,2.895514590298598
0.00015553092819902724,3.006118037535102
0.00015564210112840467,3.1163329709903955
0.0001557532740577821,3.224763300742081
0.00015586444698715952,3.333447255452919
0.00015597561991653695,3.43973918204394
0.0001560867928459144,3.546605107633323
0.00015619796577529183,3.6509506926072652
0.00015630913870466926,3.7545549617458067
0.0001564203116340467,3.856256639095343
0.00015653148456342412,3.957273337514334
0.00015664265749280155,4.055676396974464
0.00015675383042217897,4.152689050572014
0.00015686500335155643,4.246231161581317
0.00015697617628093386,4.337553905242204
0.00015708734921031128,4.426454294202307
0.0001571985221396887,4.5147846459683905
0.00015730969506906614,4.598067203467088
0.00015742086799844357,4.679077453185544
0.000157532040927821,4.75621103816448
0.00015764321385719845,4.830984675471107
0.00015775438678657588,4.902648736118017
0.0001578655597159533,4.969811599362185
0.00015797673264533074,5.033644431199814
0.00015808790557470816,5.094241052015605
0.0001581990785040856,5.150341285932252
0.00015831025143346305,5.202663064622135
0.00015842142436284047,5.250550731582468
0.0001585325972922179,5.293693888173577
0.00015864377022159533,5.333014998789427
0.00015875494315097276,5.366979880848002
0.00015886611608035019,5.3965558597335885
0.00015897728900972761,5.42023336364718
0.00015908846193910507,5.439138961983077
0.0001591996348684825,5.453587399949955
0.00015931080779785993,5.461929733558223
0.00015942198072723735,5.463754101410492
0.00015953315365661478,5.461018646303753
0.0001596443265859922,5.453145380151539
0.00015975549951536964,5.438231574566016
0.0001598666724447471,5.417103704792763
0.00015997784537412452,5.39025236964882
0.00016008901830350195,5.356458171391802
0.00016020019123287938,5.315879704902156
0.0001603113641622568,5.2687091548182545
0.00016042253709163423,5.215000901734705
0.00016053371002101166,5.154263960963963
0.00016064488295038912,5.090815545774917
0.00016075605587976654,5.033187809993529
0.00016086722880914397,4.995491454118731
0.0001609784017385214,5.050073160550498
0.00016108957466789883,5.099385958859916
0.00016120074759727626,5.0889269967707484
0.00016131192052665368,5.06480255165406
0.00016142309345603114,5.062102193423835
0.00016153426638540857,5.074634058437937
0.000161645439314786,5.079648050894928
0.00016175661224416342,5.075790323724618
0.00016186778517354085,5.072026283743153
0.00016197895810291828,5.074254807124382
0.0001620901310322957,5.077029406564689
0.00016220130396167316,5.0774498846650715
0.0001623124768910506,5.07651149281424
0.00016242364982042802,5.07550189906652
0.00016253482274980544,5.076321690955392
0.00016264599567918287,5.075496423467499
0.0001627571686085603,5.075250818254513
0.00016286834153793773,5.074706843937431
0.00016297951446731518,5.072970704973104
0.0001630906873966926,5.07287185602962
0.00016320186032607004,5.071969210276025
0.00016331303325544747,5.070764918002416
0.0001634242061848249,5.0695340318183115
0.00016353537911420232,5.06770122910177
0.00016364655204357975,5.065456514803002
0.0001637577249729572,5.064646905190645
0.00016386889790233463,5.063105923926555
0.00016398007083171206,5.062399570618623
0.0001640912437610895,5.060709967246767
0.00016420241669046692,5.059447419180747
0.00016431358961984435,5.058798191877904
0.00016442476254922177,5.058658141545479
0.00016453593547859923,5.057389937919442
0.00016464710840797666,5.055738277143534
0.00016475828133735409,5.05559468189513
0.00016486945426673151,5.053587846282664
0.00016498062719610894,5.052154936758433
0.00016509180012548637,5.051512138342353
0.0001652029730548638,5.050015897117272
0.00016531414598424125,5.049433775586301
0.00016542531891361868,5.048526240418827
0.0001655364918429961,5.047334445763116
0.00016564766477237354,5.045492645129938
0.00016575883770175096,5.044716603934426
0.0001658700106311284,5.043446561301193
0.00016598118356050585,5.042766921350644
0.00016609235648988328,5.041206261988767
0.0001662035294192607,5.039987802041756
0.00016631470234863813,5.038756120580964
0.00016642587527801556,5.038453934845343
0.000166537048207393,5.038122652376055
0.00016664822113677042,5.036946228140114
0.00016675939406614787,5.03595773352405
0.0001668705669955253,5.035091787882429
0.00016698173992490273,5.0348496798705975
0.00016709291285428015,5.034316288114026
0.00016720408578365758,5.034233876217587
0.000167315258713035,5.033465556028998
0.00016742643164241244,5.032871466949151
0.0001675376045717899,5.032364902607629
0.00016764877750116732,5.03221906504262
0.00016775995043054475,5.0319400101841945
0.00016787112335992218,5.031369010352672
0.0001679822962892996,5.03056529472955
0.00016809346921867703,5.030373322102482
0.00016820464214805446,5.0310877326428685
0.00016831581507743192,5.031087882091915
0.00016842698800680934,5.0308829796678225
0.00016853816093618677,5.03152295956758
0.0001686493338655642,5.0312094924389115
0.00016876050679494163,5.031979415375247
0.00016887167972431906,5.031545479198555
0.00016898285265369648,5.031358793467129
0.00016909402558307394,5.031378418244116
0.00016920519851245137,5.03241114697206
0.0001693163714418288,5.031798277243799
0.00016942754437120622,5.032721793387414
0.00016953871730058365,5.034398612297991
0.00016964989022996108,5.035366914191224
0.0001697610631593385,5.03650212359184
0.00016987223608871596,5.036960385142812
0.0001699834090180934,5.037843596433503
0.00017009458194747082,5.038541040246814
0.00017020575487684825,5.039458066300748
0.00017031692780622567,5.040942066595395
0.0001704281007356031,5.041611368432224
0.00017053927366498053,5.042806797695312
0.00017065044659435799,5.044905189581387
0.0001707616195237354,5.0463515582601906
0.00017087279245311284,5.047527974099257
0.00017098396538249027,5.048555030431658
0.0001710951383118677,5.050732277754599
0.00017120631124124513,5.051820802123418
0.00017131748417062255,5.052374520891598
0.0001714286571,5.052788120621056
0.00017153983002937744,5.05480408957476
0.00017165100295875486,5.055558121624234
0.0001717621758881323,5.056581783915645
0.00017187334881750972,5.058164522817379
0.00017198452174688715,5.059946304075749
0.00017209569467626458,5.061240293719275
0.00017220686760564203,5.062817951121775
0.00017231804053501946,5.0636386527509485
0.0001724292134643969,5.064304219651554
0.00017254038639377432,5.064954740054551
0.00017265155932315174,5.065789770495708
0.00017276273225252917,5.066967277300752
0.00017287390518190663,5.069108382666033
0.00017298507811128405,5.069630672483085
0.00017309625104066148,5.0707718483345285
0.0001732074239700389,5.070672821580826
0.00017331859689941634,5.0715339747274735
0.00017342976982879377,5.0722066895269045
0.0001735409427581712,5.072946680420895
0.00017365211568754865,5.072977453454471
0.00017376328861692608,5.072738110404634
0.0001738744615463035,5.073824002300286
0.00017398563447568093,5.0740987660458945
0.00017409680740505836,5.0739588855143305
0.0001742079803344358,5.074944679887597
0.00017431915326381322,5.07476456593924
0.00017443032619319067,5.074868360862691
0.0001745414991225681,5.075103405718869
0.00017465267205194553,5.075516243359049
0.00017476384498132296,5.076364333656269
0.00017487501791070038,5.076627168892635
0.0001749861908400778,5.076601512629044
0.00017509736376945524,5.0767654651117855
0.0001752085366988327,5.077266776844081
0.00017531970962821012,5.077072433108076
0.00017543088255758755,5.076863971401869
0.00017554205548696498,5.077127061569085
0.0001756532284163424,5.076986258849246
0.00017576440134571983,5.077243049896817
0.00017587557427509726,5.077784606665757
0.00017598674720447472,5.0767035468316974
0.00017609792013385215,5.0768608911968345
0.00017620909306322957,5.0773329101983515
0.000176320265992607,5.077810453322417
0.00017643143892198443,5.077583851437197
0.00017654261185136186,5.0769929629258765
0.00017665378478073929,5.075808508592201
0.00017676495771011674,5.074034164571175
0.00017687613063949417,5.073649382733609
0.0001769873035688716,5.072873528085869
0.00017709847649824902,5.072164358434053
0.00017720964942762645,5.07148482851251
0.00017732082235700388,5.0710927446790235
0.0001774319952863813,5.069811916881595
0.00017754316821575876,5.068909117589696
0.0001776543411451362,5.067510898665869
0.00017776551407451362,5.066271191436816
0.00017787668700389105,5.06572582849073
0.00017798785993326848,5.064653347958925
0.0001780990328626459,5.063801095786983
0.00017821020579202333,5.062047882070123
0.0001783213787214008,5.060648023965771
0.00017843255165077821,5.059469920976722
0.00017854372458015564,5.058116877309718
0.00017865489750953307,5.057869844375551
0.0001787660704389105,5.056926944320085
0.00017887724336828793,5.056293417382693
0.00017898841629766535,5.054785352338075
0.0001790995892270428,5.054330397253694
0.00017921076215642024,5.053161558891756
0.00017932193508579767,5.05207103853511
0.0001794331080151751,5.051036797047342
0.00017954428094455252,5.0508998697356144
0.00017965545387392995,5.049581750816039
0.00017976662680330738,5.048861466015633
0.00017987779973268483,5.047846926258773
0.00017998897266206226,5.04689326607806
0.0001801001455914397,5.046758916748897
0.00018021131852081712,5.047304323300827
0.00018032249145019454,5.047330793250462
0.00018043366437957197,5.046127986947068
0.00018054483730894943,5.046043101335133
0.00018065601023832686,5.045421418643565
0.00018076718316770428,5.043981148515131
0.0001808783560970817,5.043224724329365
0.00018098952902645914,5.043264650643769
0.00018110070195583657,5.043034032978734
0.000181211874885214,5.042981027320777
0.00018132304781459145,5.042181459723482
0.00018143422074396888,5.042494422884844
0.0001815453936733463,5.041799570060254
0.00018165656660272373,5.0424821838956895
0.00018176773953210116,5.042714960724687
0.0001818789124614786,5.04234956102438
0.00018199008539085602,5.041635567944654
0.00018210125832023347,5.041732141583198
0.0001822124312496109,5.041389568819154
0.00018232360417898833,5.041263389896763
0.00018243477710836576,5.040573800522794
0.00018254595003774319,5.040662935583993
0.0001826571229671206,5.041163483271495
0.00018276829589649804,5.040334943808923
0.0001828794688258755,5.040795447418182
0.00018299064175525292,5.04119041289542
0.00018310181468463035,5.04143389813809
0.00018321298761400778,5.041444521137614
0.0001833241605433852,5.040995731341192
0.00018343533347276264,5.040982265077528
0.00018354650640214006,5.040507771922445
0.00018365767933151752,5.040656793027107
0.00018376885226089495,5.040512402214736
0.00018388002519027238,5.0418583735490135
0.0001839911981196498,5.0421920866949055
0.00018410237104902723,5.041940954146057
0.00018421354397840466,5.043749014897095
0.0001843247169077821,5.044245241243586
0.00018443588983715954,5.045675888777879
0.00018454706276653697,5.0463986893167
0.0001846582356959144,5.047855995462924
0.00018476940862529183,5.047589196880576
0.00018488058155466925,5.048926232584617
0.00018499175448404668,5.050093034458027
0.0001851029274134241,5.05115616103655
0.00018521410034280156,5.051651772008683
0.000185325273272179,5.053066980364342
0.00018543644620155642,5.05323402994695
0.00018554761913093385,5.054727166653336
0.00018565879206031128,5.055810741389547
0.0001857699649896887,5.057288956305446
0.00018588113791906613,5.058071700914905
0.0001859923108484436,5.0590696340455565
0.00018610348377782102,5.060567159116817
0.00018621465670719844,5.061836170126842
0.00018632582963657587,5.062754269857586
0.0001864370025659533,5.0634370559737025
0.00018654817549533073,5.064973865674588
0.00018665934842470816,5.06640554397845
0.0001867705213540856,5.067552944756795
0.00018688169428346304,5.068715927111609
0.00018699286721284047,5.069448074246816
0.0001871040401422179,5.069464018247283
0.00018721521307159532,5.070493931425673
0.00018732638600097275,5.07094889601636
0.0001874375589303502,5.071426863025153
0.00018754873185972763,5.071666853693489
0.00018765990478910506,5.072800759403185
0.0001877710777184825,5.0728289872732715
0.00018788225064785992,5.073738278512794
0.00018799342357723735,5.074764828377507
0.00018810459650661477,5.075153059065978
0.00018821576943599223,5.074873848340786
0.00018832694236536966,5.075909006682972
0.00018843811529474708,5.076151025656
0.0001885492882241245,5.076267972579161
0.00018866046115350194,5.076513276127518
0.00018877163408287937,5.077029081183358
0.0001888828070122568,5.077844257761338
0.00018899397994163425,5.0782238382911915
0.00018910515287101168,5.078443730060096
0.0001892163258003891,5.077889170575046
0.00018932749872976654,5.0776816868544365
0.00018943867165914396,5.078314616887685
0.0001895498445885214,5.078020275061984
0.00018966101751789882,5.078533148652566
0.00018977219044727627,5.078751290286443
0.0001898833633766537,5.078292184427902
0.00018999453630603113,5.078570412780707
0.00019010570923540856,5.0788139412171835
0.00019021688216478599,5.079216142085033
0.00019032805509416341,5.079352429186027
0.00019043922802354084,5.079469841352407
0.0001905504009529183,5.079206367607136
0.00019066157388229573,5.078947599200263
0.00019077274681167315,5.078206244398047
0.00019088391974105058,5.078939853450832
0.000190995092670428,5.077571715070246
0.00019110626559980544,5.078143276348182
0.00019121743852918287,5.077438717993034
0.00019132861145856032,5.077791823553335
0.00019143978438793775,5.075967961870927
0.00019155095731731518,5.075700285002008
0.0001916621302466926,5.075188248376337
0.00019177330317607003,5.07460400156654
0.00019188447610544746,5.073728472777599
0.0001919956490348249,5.073277194769108
0.00019210682196420234,5.073068741114346
0.00019221799489357977,5.071581123863649
0.0001923291678229572,5.0707289024435145
0.00019244034075233463,5.069756538695245
0.00019255151368171206,5.069740338749842
0.00019266268661108948,5.068660787919671
0.0001927738595404669,5.067871910253995
0.00019288503246984437,5.066359837077153
0.0001929962053992218,5.065975135413807
0.00019310737832859922,5.065300699977623
0.00019321855125797665,5.065075061273942
0.00019332972418735408,5.063208484722826
0.0001934408971167315,5.06272199232061
0.00019355207004610893,5.061611195926163
0.0001936632429754864,5.0614590051623045
0.00019377441590486382,5.061038485208104
0.00019388558883424125,5.060775451007748
0.00019399676176361867,5.061035059368047
0.0001941079346929961,5.0611272954050515
0.00019421910762237353,5.06045923608845
0.00019433028055175096,5.059929623050753
0.0001944414534811284,5.059821046829456
0.00019455262641050584,5.059519713704931
0.00019466379933988327,5.059230906941768
0.0001947749722692607,5.058954716351429
0.00019488614519863812,5.058691231744645
0.00019499731812801555,5.058440542932154
0.000195108491057393,5.058202739724691
0.00019521966398677043,5.057977911932991
0.00019533083691614786,5.057766149367788
0.0001954420098455253,5.05756754183982
0.00019555318277490272,5.057382179159821
0.00019566435570428015,5.057210151138526
0.00019577552863365757,5.057051547586671
0.00019588670156303503,5.05690645831499
0.00019599787449241246,5.05677497313422
0.00019610904742178989,5.056657181855096
0.00019622022035116731,5.056553174288353
0.00019633139328054474,5.056463040244726
0.00019644256620992217,5.0563868695349505
0.0001965537391392996,5.056324751969762
0.00019666491206867705,5.056276777359896
0.00019677608499805448,5.056243035516088
0.0001968872579274319,5.056223616249073
0.00019699843085680934,5.056218609369586
0.00019710960378618676,5.056228104688364
0.0001972207767155642,5.05625219201614
0.00019733194964494162,5.05629096116365
0.00019744312257431908,5.05634450194163
0.0001975542955036965,5.0564129041608155
0.00019766546843307393,5.056496257631941
0.00019777664136245136,5.056594652165742
0.0001978878142918288,5.056708177572955
0.00019799898722120622,5.056836923664314
0.00019811016015058364,5.056980980250555
0.0001982213330799611,5.0571404371424125
0.00019833250600933853,5.057315384150622
0.00019844367893871595,5.05750591108592
0.00019855485186809338,5.057712107759041
0.0001986660247974708,5.0579340639807215
0.00019877719772684824,5.058171869561694
0.00019888837065622567,5.058425614312697
0.00019899954358560312,5.058695388044464
0.00019911071651498055,5.058981280567731
0.00019922188944435798,5.059283381693232
0.0001993330623737354,5.059601781231705
0.00019944423530311283,5.0599365689938836
0.00019955540823249026,5.060287834790502
0.0001996665811618677,5.0606556684322985
0.00019977775409124514,5.061040159730006
0.00019988892702062257,5.0614413984943605
0.00020000009995,5.0618594745360985
