Time,Amplitude
0.0,5.0284323959728985
1.111729293774319e-07,5.029261660307691
2.223458587548638e-07,5.030060336765272
3.3351878813229573e-07,5.030828916479454
4.446917175097276e-07,5.031567890584051
5.558646468871596e-07,5.032277750212876
6.670375762645915e-07,5.032958986499744
7.782105056420233e-07,5.033612090578467
8.893834350194552e-07,5.03423755358286
1.0005563643968871e-06,5.034835866646735
1.1117292937743191e-06,5.035407520903907
1.222902223151751e-06,5.035953007488189
1.334075152529183e-06,5.0364728175333955
1.4452480819066147e-06,5.036967442173339
1.5564210112840467e-06,5.037437372541833
1.6675939406614785e-06,5.037883099772692
1.7787668700389105e-06,5.038305114999729
1.8899397994163425e-06,5.038703909356758
2.0011127287937743e-06,5.039079973977593
2.112285658171206e-06,5.039433799996046
2.2234585875486383e-06,5.039765878545932
2.33463151692607e-06,5.040076700761064
2.445804446303502e-06,5.0403667577752564
2.5569773756809336e-06,5.040636540722322
2.668150305058366e-06,5.040886540736075
2.7793232344357976e-06,5.041117248950329
2.8904961638132294e-06,5.041329156498896
3.0016690931906616e-06,5.041522754515591
3.1128420225680934e-06,5.041698534134229
3.224014951945525e-06,5.041856986488621
3.335187881322957e-06,5.041998602712582
3.446360810700389e-06,5.042123873939924
3.557533740077821e-06,5.042233291304464
3.6687066694552528e-06,5.042327345940012
3.779879598832685e-06,5.042406528980384
3.891052528210116e-06,5.042471331559392
4.0022254575875485e-06,5.042522244810851
4.113398386964981e-06,5.042559759868574
4.224571316342412e-06,5.042584367866374
4.335744245719844e-06,5.042596559938065
4.4469171750972765e-06,5.042596827217462
4.558090104474708e-06,5.042585660838377
4.66926303385214e-06,5.042563551934624
4.780435963229572e-06,5.042530991640016
4.891608892607004e-06,5.042488471088367
5.002781821984436e-06,5.042436481413492
5.113954751361867e-06,5.042375513749202
5.2251276807392995e-06,5.042306059229313
5.336300610116732e-06,5.042228608987638
5.447473539494163e-06,5.042143654157989
5.558646468871595e-06,5.042051685873461
5.6698193982490274e-06,5.042869264036048
5.780992327626459e-06,5.042257247301167
5.892165257003891e-06,5.042227971750667
6.003338186381323e-06,5.04177698776562
6.114511115758755e-06,5.0410740581579025
6.225684045136187e-06,5.041157851401441
6.336856974513619e-06,5.040866025798922
6.44802990389105e-06,5.039658015318212
6.559202833268483e-06,5.038701545715707
6.670375762645914e-06,5.038872334947068
6.781548692023346e-06,5.0384720973937
6.892721621400778e-06,5.038360808010162
7.00389455077821e-06,5.0384940376633764
7.115067480155642e-06,5.0393012116698825
7.226240409533074e-06,5.040095299439939
7.3374133389105055e-06,5.039964842521558
7.448586268287938e-06,5.039786711713351
7.55975919766537e-06,5.039254031539572
7.670932127042801e-06,5.040730456350665
7.782105056420233e-06,5.0409605890277875
7.893277985797666e-06,5.04074374669521
8.004450915175097e-06,5.040476937391283
8.115623844552528e-06,5.040924040529934
8.226796773929961e-06,5.04043257400421
8.337969703307393e-06,5.0407594175123265
8.449142632684824e-06,5.040230864987108
8.560315562062257e-06,5.040924437478822
8.671488491439689e-06,5.040575034847582
8.78266142081712e-06,5.04044798629003
8.893834350194553e-06,5.0407199854962705
9.005007279571984e-06,5.040503505628827
9.116180208949416e-06,5.04065684699933
9.227353138326849e-06,5.040780250995853
9.33852606770428e-06,5.041054574948794
9.449698997081712e-06,5.040381060663989
9.560871926459145e-06,5.039505067376321
9.672044855836576e-06,5.039936830975547
9.783217785214007e-06,5.039220395081475
9.89439071459144e-06,5.039928465815158
1.0005563643968872e-05,5.039709750622332
1.0116736573346303e-05,5.038807582216241
1.0227909502723734e-05,5.038906168400653
1.0339082432101168e-05,5.038391876591727
1.0450255361478599e-05,5.039221293735714
1.056142829085603e-05,5.039677038744527
1.0672601220233463e-05,5.040191154002862
1.0783774149610895e-05,5.041002649324607
1.0894947078988326e-05,5.041156264035736
1.1006120008365759e-05,5.041862660228458
1.111729293774319e-05,5.0422622329935045
1.1228465867120622e-05,5.043230600590932
1.1339638796498055e-05,5.044014319625929
1.1450811725875486e-05,5.044183750179808
1.1561984655252918e-05,5.043967420110603
1.167315758463035e-05,5.044165144448051
1.1784330514007782e-05,5.044334462228808
1.1895503443385213e-05,5.044969608017164
1.2006676372762646e-05,5.0461394359934655
1.2117849302140078e-05,5.046308274415744
1.222902223151751e-05,5.046473207140183
1.2340195160894942e-05,5.046689523352634
1.2451368090272374e-05,5.047248777858117
1.2562541019649805e-05,5.047706507442061
1.2673713949027238e-05,5.047511674102871
1.278488687840467e-05,5.04762711112299
1.28960598077821e-05,5.048704828965806
1.3007232737159532e-05,5.048270080641229
1.3118405666536965e-05,5.047870202611604
1.3229578595914397e-05,5.0481555901119535
1.3340751525291828e-05,5.049101311233769
1.3451924454669261e-05,5.04949260538479
1.3563097384046692e-05,5.049761365460991
1.3674270313424124e-05,5.050880622127067
1.3785443242801557e-05,5.051101819092465
1.3896616172178988e-05,5.050387963897512
1.400778910155642e-05,5.050970818841619
1.4118962030933853e-05,5.051238934150904
1.4230134960311284e-05,5.0521305232501215
1.4341307889688715e-05,5.05255786435737
1.4452480819066148e-05,5.052817359724158
1.456365374844358e-05,5.0530183496253045
1.4674826677821011e-05,5.05309248217324
1.4785999607198444e-05,5.05411402595018
1.4897172536575875e-05,5.054149601677025
1.5008345465953307e-05,5.054116629753337
1.511951839533074e-05,5.05454814070354
1.5230691324708171e-05,5.054652171070759
1.5341864254085603e-05,5.056088570338711
1.5453037183463034e-05,5.055308181392913
1.5564210112840465e-05,5.054641001054424
1.56753830422179e-05,5.05459375448964
1.578655597159533e-05,5.054536586521535
1.5897728900972763e-05,5.054310906093072
1.6008901830350194e-05,5.054175620767273
1.6120074759727626e-05,5.053629374582378
1.6231247689105057e-05,5.053296253212524
1.634242061848249e-05,5.053481797367586
1.6453593547859923e-05,5.054238441228546
1.6564766477237354e-05,5.053839962514137
1.6675939406614786e-05,5.0543606082052674
1.6787112335992217e-05,5.054680853896428
1.689828526536965e-05,5.054492959178254
1.7009458194747083e-05,5.054534931728177
1.7120631124124515e-05,5.053972986885404
1.7231804053501946e-05,5.054229485409932
1.7342976982879377e-05,5.0545819054170895
1.745414991225681e-05,5.053858755314371
1.756532284163424e-05,5.054061213681034
1.767649577101167e-05,5.054423433196549
1.7787668700389106e-05,5.0545072484788705
1.7898841629766537e-05,5.053712572951419
1.801001455914397e-05,5.052941999118764
1.81211874885214e-05,5.053497698416282
1.823236041789883e-05,5.053488881396918
1.8343533347276263e-05,5.052679205924676
1.8454706276653698e-05,5.051920853563057
1.856587920603113e-05,5.050944768976514
1.867705213540856e-05,5.0516419242758115
1.8788225064785992e-05,5.052117424898674
1.8899397994163423e-05,5.050750020811917
1.9010570923540854e-05,5.050407262211405
1.912174385291829e-05,5.050088087082133
1.923291678229572e-05,5.049404493308514
1.9344089711673152e-05,5.0488764240288635
1.9455262641050583e-05,5.048676388345491
1.9566435570428015e-05,5.048373396985752
1.9677608499805446e-05,5.047676753188537
1.978878142918288e-05,5.047168342459875
1.9899954358560312e-05,5.0479131419092305
2.0011127287937744e-05,5.047427118293831
2.0122300217315175e-05,5.046835335154817
2.0233473146692606e-05,5.046758115327743
2.0344646076070038e-05,5.046926742019529
2.045581900544747e-05,5.047223285330102
2.0566991934824904e-05,5.046603889877822
2.0678164864202335e-05,5.045802933923621
2.0789337793579766e-05,5.0465231655945555
2.0900510722957198e-05,5.04610596909908
2.101168365233463e-05,5.0462039257905165
2.112285658171206e-05,5.044215681331795
2.1234029511089495e-05,5.0441025368128525
2.1345202440466927e-05,5.044171648037547
2.1456375369844358e-05,5.043770878855466
2.156754829922179e-05,5.044515517333458
2.167872122859922e-05,5.043988592649045
2.1789894157976652e-05,5.043534152814313
2.1901067087354087e-05,5.042122686942121
2.2012240016731518e-05,5.042004681358925
2.212341294610895e-05,5.04197166076701
2.223458587548638e-05,5.041542234509304
2.2345758804863812e-05,5.04085737977785
2.2456931734241244e-05,5.039982617687791
2.256810466361868e-05,5.039229855154527
2.267927759299611e-05,5.039384194728752
2.279045052237354e-05,5.0393515913965174
2.2901623451750973e-05,5.038698532204369
2.3012796381128404e-05,5.039492703393803
2.3123969310505835e-05,5.038735585717151
2.3235142239883267e-05,5.0372793036657
2.33463151692607e-05,5.037312856529966
2.3457488098638133e-05,5.037107449022477
2.3568661028015564e-05,5.037227437430923
2.3679833957392995e-05,5.037021206269858
2.3791006886770427e-05,5.036956742243988
2.3902179816147858e-05,5.036941333327395
2.4013352745525293e-05,5.036821955353044
2.4124525674902724e-05,5.037193564676818
2.4235698604280156e-05,5.0371178123400995
2.4346871533657587e-05,5.037435655691918
2.445804446303502e-05,5.037196407846809
2.456921739241245e-05,5.0370372730830075
2.4680390321789884e-05,5.0372015572708095
2.4791563251167316e-05,5.037122887270016
2.4902736180544747e-05,5.037178875145264
2.501390910992218e-05,5.036955801034938
2.512508203929961e-05,5.037979098626277
2.523625496867704e-05,5.038000314728477
2.5347427898054476e-05,5.0384916066326415
2.5458600827431907e-05,5.037901978238107
2.556977375680934e-05,5.038451747952359
2.568094668618677e-05,5.0379551548869985
2.57921196155642e-05,5.0383687369843
2.5903292544941633e-05,5.0382840233206405
2.6014465474319064e-05,5.038385366053102
2.61256384036965e-05,5.038929858940998
2.623681133307393e-05,5.038538292606956
2.634798426245136e-05,5.037952641513915
2.6459157191828793e-05,5.038493900870277
2.6570330121206224e-05,5.037845251182108
2.6681503050583656e-05,5.039365144936089
2.679267597996109e-05,5.039009303348014
2.6903848909338522e-05,5.039422590880083
2.7015021838715953e-05,5.040003241657994
2.7126194768093385e-05,5.040878302501116
2.7237367697470816e-05,5.040892667604807
2.7348540626848247e-05,5.041595264105288
2.7459713556225682e-05,5.0423392752208365
2.7570886485603113e-05,5.04217904951868
2.7682059414980545e-05,5.042474957375344
2.7793232344357976e-05,5.042968503592654
2.7904405273735408e-05,5.04244630087572
2.801557820311284e-05,5.0422447084352475
2.8126751132490274e-05,5.041783014369804
2.8237924061867705e-05,5.042240438103191
2.8349096991245136e-05,5.041543421644893
2.8460269920622568e-05,5.040874950244255
2.857144285e-05,5.040191215421438
2.868261577937743e-05,5.040079875574422
2.8793788708754862e-05,5.040437620821967
2.8904961638132297e-05,5.040587753238385
2.9016134567509728e-05,5.040716697265919
2.912730749688716e-05,5.040594795980637
2.923848042626459e-05,5.041144827685958
2.9349653355642022e-05,5.040694033228225
2.9460826285019453e-05,5.040127311691176
2.9571999214396888e-05,5.040228711810468
2.968317214377432e-05,5.0404606895687945
2.979434507315175e-05,5.0411699325231885
2.9905518002529182e-05,5.040510428692816
3.0016690931906614e-05,5.040559366134395
3.0127863861284045e-05,5.040573675779199
3.023903679066148e-05,5.040681290434619
3.035020972003891e-05,5.040965439546555
3.0461382649416342e-05,5.040487256832714
3.057255557879378e-05,5.040707528946526
3.0683728508171205e-05,5.040628837603951
3.079490143754864e-05,5.040419425066055
3.090607436692607e-05,5.0410687088457165
3.10172472963035e-05,5.040796601067817
3.112842022568093e-05,5.039427255234662
3.1239593155058365e-05,5.040303259167133
3.13507660844358e-05,5.040824036002486
3.146193901381323e-05,5.039870477379244
3.157311194319066e-05,5.0394263797116015
3.168428487256809e-05,5.039148870497114
3.1795457801945526e-05,5.038426127467933
3.1906630731322954e-05,5.038493642021691
3.201780366070039e-05,5.0372523697234115
3.212897659007782e-05,5.037167690447123
3.224014951945525e-05,5.037504728331277
3.2351322448832686e-05,5.037956569234799
3.2462495378210114e-05,5.037082517553486
3.257366830758755e-05,5.037178139390693
3.268484123696498e-05,5.037786469042118
3.279601416634241e-05,5.03765114101948
3.2907187095719846e-05,5.037057694115025
3.3018360025097274e-05,5.037067725060611
3.312953295447471e-05,5.037006173083227
3.324070588385214e-05,5.036909704374143
3.335187881322957e-05,5.037074123593032
3.3463051742607006e-05,5.03736975775085
3.3574224671984434e-05,5.037638944429978
3.368539760136187e-05,5.038054622442692
3.37965705307393e-05,5.038960792857165
3.390774346011673e-05,5.038163571599091
3.4018916389494166e-05,5.038160069600501
3.4130089318871594e-05,5.038204099196839
3.424126224824903e-05,5.03759823797833
3.435243517762646e-05,5.038318547493045
3.446360810700389e-05,5.0392366598063525
3.457478103638132e-05,5.039297429864601
3.4685953965758755e-05,5.0405039181704945
3.479712689513619e-05,5.039190562406707
3.490829982451362e-05,5.038405408904765
3.501947275389105e-05,5.038346912691159
3.513064568326848e-05,5.0379491855173155
3.5241818612645915e-05,5.0376052583996875
3.535299154202334e-05,5.0368889416329825
3.546416447140078e-05,5.03681871593089
3.557533740077821e-05,5.037031480373261
3.568651033015564e-05,5.037852691063587
3.5797683259533075e-05,5.038434844478299
3.59088561889105e-05,5.03873184784759
3.602002911828794e-05,5.039689987278257
3.613120204766537e-05,5.039595743861253
3.62423749770428e-05,5.040511267192104
3.6353547906420235e-05,5.040215614307752
3.646472083579766e-05,5.040633367950838
3.65758937651751e-05,5.040662759970068
3.6687066694552526e-05,5.041287990976548
3.679823962392996e-05,5.041384318233443
3.6909412553307395e-05,5.041902423795179
3.702058548268482e-05,5.041966098651756
3.713175841206226e-05,5.042034135976545
3.7242931341439686e-05,5.042206009448275
3.735410427081712e-05,5.042264697685964
3.746527720019455e-05,5.042628214622491
3.7576450129571984e-05,5.0424071602995255
3.768762305894942e-05,5.042497801562732
3.7798795988326846e-05,5.042785219505599
3.790996891770428e-05,5.042188400550391
3.802114184708171e-05,5.042221462379295
3.8132314776459144e-05,5.042549261376852
3.824348770583658e-05,5.041862947193169
3.8354660635214006e-05,5.041441572422359
3.846583356459144e-05,5.041336144937498
3.857700649396887e-05,5.041203171917312
3.8688179423346304e-05,5.04023211941548
3.879935235272373e-05,5.04027701825108
3.891052528210117e-05,5.039917537981816
3.90216982114786e-05,5.039036276928556
3.913287114085603e-05,5.038676730427661
3.9244044070233464e-05,5.0384789014325335
3.935521699961089e-05,5.038016696519857
3.946638992898833e-05,5.037702736715008
3.957756285836576e-05,5.038176100137604
3.968873578774319e-05,5.038970369377755
3.9799908717120624e-05,5.0397907180810595
3.991108164649805e-05,5.039840966520081
4.002225457587549e-05,5.04007202439328
4.0133427505252915e-05,5.040366642227317
4.024460043463035e-05,5.039728809184944
4.0355773364007785e-05,5.040188244473396
4.046694629338521e-05,5.040125422430956
4.057811922276265e-05,5.040205777879772
4.0689292152140075e-05,5.040040643908179
4.080046508151751e-05,5.039991867126628
4.091163801089494e-05,5.039224036838037
4.102281094027237e-05,5.038672494227692
4.113398386964981e-05,5.038969147858352
4.1245156799027235e-05,5.038186669605421
4.135632972840467e-05,5.038071517036217
4.14675026577821e-05,5.037352309746412
4.157867558715953e-05,5.036514825328293
4.168984851653697e-05,5.036349949831804
4.1801021445914396e-05,5.035733036526637
4.191219437529183e-05,5.035196645947097
4.202336730466926e-05,5.034945391396191
4.213454023404669e-05,5.03461406416293
4.224571316342412e-05,5.034492260536945
4.2356886092801556e-05,5.034583201304898
4.246805902217899e-05,5.033729341635267
4.257923195155642e-05,5.0328623444656095
4.269040488093385e-05,5.033079226483304
4.280157781031128e-05,5.032123714475132
4.2912750739688716e-05,5.031164893880385
4.3023923669066144e-05,5.031305815753713
4.313509659844358e-05,5.031022102265003
4.3246269527821014e-05,5.031468423377631
4.335744245719844e-05,5.031652933296899
4.3468615386575876e-05,5.030684137518058
4.3579788315953304e-05,5.030298663190895
4.369096124533074e-05,5.0306144223387355
4.3802134174708174e-05,5.030205237518827
4.39133071040856e-05,5.029724084524121
4.4024480033463036e-05,5.029306854866247
4.4135652962840464e-05,5.03024984411422
4.42468258922179e-05,5.029742992629783
4.435799882159533e-05,5.030121254498351
4.446917175097276e-05,5.0300683693337325
4.45803446803502e-05,5.02959365886508
4.4691517609727625e-05,5.028964862321398
4.480269053910506e-05,5.028701997302703
4.491386346848249e-05,5.027888428432037
4.502503639785992e-05,5.027695040603825
4.513620932723736e-05,5.027964706566474
4.5247382256614785e-05,5.026912857865041
4.535855518599222e-05,5.026856352537051
4.546972811536965e-05,5.02629548785267
4.558090104474708e-05,5.025186783010652
4.569207397412451e-05,5.024873695116965
4.5803246903501945e-05,5.024515065607215
4.591441983287938e-05,5.022889095224069
4.602559276225681e-05,5.023652723036496
4.613676569163424e-05,5.022750944783252
4.624793862101167e-05,5.023072053057325
4.6359111550389105e-05,5.02322515886079
4.647028447976653e-05,5.023659683123086
4.658145740914397e-05,5.0248358929239805
4.66926303385214e-05,5.024969158038458
4.680380326789883e-05,5.025086156431348
4.6914976197276265e-05,5.02476063892345
4.7026149126653693e-05,5.024077866414539
4.713732205603113e-05,5.024213182208327
4.724849498540856e-05,5.023716066240749
4.735966791478599e-05,5.02354064252704
4.7470840844163426e-05,5.0229409712209225
4.7582013773540854e-05,5.023214700336363
4.769318670291829e-05,5.022936618704016
4.7804359632295716e-05,5.023037511288351
4.791553256167315e-05,5.0227603063273865
4.8026705491050586e-05,5.02273616190021
4.8137878420428014e-05,5.022316528811575
4.824905134980545e-05,5.022584911380571
4.8360224279182877e-05,5.022963553103321
4.847139720856031e-05,5.022751587281701
4.858257013793774e-05,5.022980955655708
4.8693743067315174e-05,5.022721812651187
4.880491599669261e-05,5.023606328297546
4.891608892607004e-05,5.02368325139439
4.902726185544747e-05,5.023168514164819
4.91384347848249e-05,5.023201253180334
4.9249607714202334e-05,5.0238332502390275
4.936078064357977e-05,5.024172993030477
4.94719535729572e-05,5.025132455537898
4.958312650233463e-05,5.020484198594429
4.969429943171206e-05,5.092218839103566
4.9805472361089494e-05,5.155926419445561
4.991664529046692e-05,5.212334658874529
5.002781821984436e-05,5.260594169014167
5.013899114922179e-05,5.302032886565784
5.025016407859922e-05,5.337626227209027
5.0361337007976655e-05,5.367033005529607
5.047250993735408e-05,5.389646067891042
5.058368286673152e-05,5.406457373189747
5.069485579610895e-05,5.4170793219259785
5.080602872548638e-05,5.421968941357413
5.0917201654863815e-05,5.420472246045909
5.102837458424124e-05,5.413883002094896
5.113954751361868e-05,5.402733872466257
5.1250720442996105e-05,5.3856554500495095
5.136189337237354e-05,5.363705565913747
5.1473066301750975e-05,5.337576063468432
5.15842392311284e-05,5.306404263568141
5.169541216050584e-05,5.270426923801491
5.1806585089883266e-05,5.230000526344568
5.19177580192607e-05,5.1857167295883775
5.202893094863813e-05,5.136800270162304
5.214010387801556e-05,5.084231309828296
5.2251276807393e-05,5.027921842970985
5.2362449736770426e-05,4.967190185796701
5.247362266614786e-05,4.903581772067737
5.258479559552529e-05,4.836038387418663
5.269596852490272e-05,4.765230976730483
5.280714145428016e-05,4.69175285446821
5.2918314383657586e-05,4.614901791463577
5.302948731303502e-05,4.535609826766611
5.314066024241245e-05,4.454260494664238
5.3251833171789884e-05,4.369340091678373
5.336300610116731e-05,4.282023517850511
5.3474179030544746e-05,4.19302848963815
5.358535195992218e-05,4.100829051264589
5.369652488929961e-05,4.007208878284993
5.3807697818677044e-05,3.911541995507893
5.391887074805447e-05,3.814557916427052
5.4030043677431907e-05,3.7154743886057364
5.4141216606809334e-05,3.615810505285052
5.425238953618677e-05,3.514054179347559
5.4363562465564204e-05,3.411068011528317
5.447473539494163e-05,3.30700483819126
5.458590832431907e-05,3.201637128420844
5.4697081253696495e-05,3.0962679110238804
5.480825418307393e-05,2.9898878895467695
5.4919427112451364e-05,2.8833428381325863
5.503060004182879e-05,2.7760955133795306
5.514177297120623e-05,2.6688380211457137
5.5252945900583655e-05,2.561096170419801
5.536411882996109e-05,2.452760359793477
5.547529175933852e-05,2.3448886328454703
5.558646468871595e-05,2.2381073651231462
5.569763761809339e-05,2.1307062282730813
5.5808810547470815e-05,2.0247592153936176
5.591998347684825e-05,1.9196023858388536
5.603115640622568e-05,1.8162850859843522
5.614232933560311e-05,1.71279499549754
5.625350226498055e-05,1.6107768179434958
5.6364675194357975e-05,1.5098711064667598
5.647584812373541e-05,1.4110059823412147
5.658702105311284e-05,1.3132094454607801
5.669819398249027e-05,1.2174659426926442
5.68093669118677e-05,1.1238556702575424
5.6920539841245135e-05,1.0310357328794721
5.703171277062257e-05,0.9412841335966078
5.71428857e-05,0.8549651099662241
5.725405862937743e-05,0.7694474802707472
5.736523155875486e-05,0.6878323247087732
5.7476404488132296e-05,0.607305158979094
5.7587577417509724e-05,0.530604990852388
5.769875034688716e-05,0.4562339159625455
5.780992327626459e-05,0.38515709528134884
5.792109620564202e-05,0.31836062462132286
5.8032269135019456e-05,0.2547656388304589
5.8143442064396884e-05,0.1951094218696579
5.825461499377432e-05,0.1390062759577472
5.836578792315175e-05,0.08551488646445797
5.847696085252918e-05,0.03669327818393478
5.8588133781906616e-05,-0.008686779804019627
5.8699306711284044e-05,-0.04876194759294632
5.881047964066148e-05,-0.0844272629296279
5.892165257003891e-05,-0.11517875306558442
5.903282549941634e-05,-0.14207625197911872
5.9143998428793776e-05,-0.1637474528418473
5.9255171358171204e-05,-0.18067339132160104
5.936634428754864e-05,-0.1920114027820629
5.947751721692607e-05,-0.19892135916141657
5.95886901463035e-05,-0.2000548460513528
5.9699863075680936e-05,-0.19524114454902575
5.9811036005058364e-05,-0.1852505582957707
5.99222089344358e-05,-0.16854668136727174
6.003338186381323e-05,-0.14674811073835464
6.014455479319066e-05,-0.11741598929079117
6.025572772256809e-05,-0.08271800753662752
6.0366900651945525e-05,-0.04121499644475551
6.047807358132296e-05,0.006443526129467315
6.058924651070039e-05,0.061377977756440646
6.070041944007782e-05,0.12166736772881825
6.081159236945525e-05,0.19524047341795983
6.0922765298832685e-05,0.19297257844445315
6.103393822821011e-05,0.19033857278185465
6.114511115758755e-05,0.18983053221071441
6.125628408696498e-05,0.1891031892793791
6.136745701634241e-05,0.1883896174564709
6.147862994571984e-05,0.18795703344595388
6.158980287509728e-05,0.1873172674136262
6.170097580447471e-05,0.18640105915032415
6.181214873385214e-05,0.1865760394455079
6.192332166322958e-05,0.18678904436770608
6.2034494592607e-05,0.18724410047314236
6.214566752198443e-05,0.18714404791001146
6.225684045136186e-05,0.1876406017966417
6.23680133807393e-05,0.18771220436500913
6.247918631011673e-05,0.18688286296480283
6.259035923949416e-05,0.1870611255543602
6.27015321688716e-05,0.18793206528043468
6.281270509824903e-05,0.1876545251687496
6.292387802762646e-05,0.1887195474201044
6.303505095700388e-05,0.18855292845985833
6.314622388638133e-05,0.18891993958347475
6.325739681575875e-05,0.18904268809552283
6.336856974513618e-05,0.19012581446689583
6.347974267451362e-05,0.19045556010024278
6.359091560389105e-05,0.19124787528348944
6.370208853326848e-05,0.1917189373908797
6.381326146264591e-05,0.19184985661570958
6.392443439202335e-05,0.19279553949327144
6.403560732140078e-05,0.1935934645743041
6.41467802507782e-05,0.19427754671385827
6.425795318015565e-05,0.1947013619925086
6.436912610953307e-05,0.19511326539659585
6.44802990389105e-05,0.19596421595015173
6.459147196828794e-05,0.19695933776131508
6.470264489766537e-05,0.19684124349876359
6.48138178270428e-05,0.19774049460903584
6.492499075642023e-05,0.1978200757165286
6.503616368579767e-05,0.19825656141349102
6.51473366151751e-05,0.1979699586820244
6.525850954455252e-05,0.19910061923646358
6.536968247392997e-05,0.19900706247125
6.54808554033074e-05,0.20019786050758534
6.559202833268482e-05,0.20166134170649186
6.570320126206225e-05,0.20280997084458646
6.581437419143969e-05,0.2033949190960423
6.592554712081712e-05,0.2036823496269171
6.603672005019455e-05,0.20450852211195042
6.614789297957199e-05,0.20509368080064477
6.625906590894942e-05,0.20612953930952296
6.637023883832685e-05,0.2063719596633081
6.648141176770427e-05,0.20681524862284892
6.659258469708171e-05,0.20697403383226526
6.670375762645914e-05,0.20775109969021482
6.681493055583657e-05,0.2083152428450653
6.692610348521401e-05,0.20880163295214216
6.703727641459144e-05,0.20937955827184582
6.714844934396887e-05,0.20901651812693703
6.72596222733463e-05,0.2086311563003914
6.737079520272374e-05,0.2095046841262793
6.748196813210117e-05,0.2090094324146231
6.75931410614786e-05,0.208847594623378
6.770431399085604e-05,0.2091736536990151
6.781548692023346e-05,0.20875636088273755
6.792665984961089e-05,0.20868481379619178
6.803783277898833e-05,0.20794569482088732
6.814900570836576e-05,0.20874418460217076
6.826017863774319e-05,0.20838949954086514
6.837135156712062e-05,0.2076380275352299
6.848252449649806e-05,0.20775498153243258
6.859369742587549e-05,0.2075474318088272
6.870487035525291e-05,0.20771118545343428
6.881604328463036e-05,0.20724979867778667
6.892721621400778e-05,0.2068585218637677
6.903838914338521e-05,0.20578791945880387
6.914956207276264e-05,0.2054610921614272
6.926073500214008e-05,0.20446274223358257
6.937190793151751e-05,0.20347054770142223
6.948308086089494e-05,0.2022276054873392
6.959425379027238e-05,0.20211420658238854
6.97054267196498e-05,0.20056886266028442
6.981659964902723e-05,0.2009696684706624
6.992777257840466e-05,0.20025782993745794
7.00389455077821e-05,0.20030793990640303
7.015011843715953e-05,0.19946857502420873
7.026129136653696e-05,0.1981408428279423
7.03724642959144e-05,0.19733735838351865
7.048363722529183e-05,0.1964586931201368
7.059481015466926e-05,0.19598569123334747
7.070598308404669e-05,0.1957536016651749
7.081715601342413e-05,0.19468968215957128
7.092832894280155e-05,0.1937113608842538
7.103950187217898e-05,0.19341851148620046
7.115067480155642e-05,0.1928162868423634
7.126184773093385e-05,0.19225341279906014
7.137302066031128e-05,0.19046442561052018
7.148419358968871e-05,0.18978447321801895
7.159536651906615e-05,0.18897306743457426
7.170653944844358e-05,0.18829416616069258
7.1817712377821e-05,0.18608587013120403
7.192888530719845e-05,0.18567039193702875
7.204005823657588e-05,0.18518034804560055
7.21512311659533e-05,0.18427768631876848
7.226240409533074e-05,0.18372422750736248
7.237357702470817e-05,0.18226110583546384
7.24847499540856e-05,0.18137241642343532
7.259592288346303e-05,0.18082252351098843
7.270709581284047e-05,0.17913274873054655
7.28182687422179e-05,0.17853453946881317
7.292944167159533e-05,0.17864555244266314
7.304061460097277e-05,0.17782711614367613
7.31517875303502e-05,0.1762770854224941
7.326296045972762e-05,0.1750479626895259
7.337413338910505e-05,0.17499611191889114
7.348530631848249e-05,0.1740618691123377
7.359647924785992e-05,0.17351875400409925
7.370765217723735e-05,0.17435164051192648
7.381882510661479e-05,0.17360625573508245
7.392999803599222e-05,0.17246618484933351
7.404117096536965e-05,0.17160083437482013
7.415234389474707e-05,0.17111588031721114
7.426351682412452e-05,0.17041346949069344
7.437468975350194e-05,0.1695567523458331
7.448586268287937e-05,0.16896552076426252
7.459703561225681e-05,0.1679245424284719
7.470820854163424e-05,0.16723981385006156
7.481938147101167e-05,0.1667472090349491
7.49305544003891e-05,0.16607102719817676
7.504172732976654e-05,0.1669814124781395
7.515290025914397e-05,0.1665727343752842
7.52640731885214e-05,0.1657748842844489
7.537524611789884e-05,0.16578669013643638
7.548641904727626e-05,0.16635894422261174
7.559759197665369e-05,0.16637371839522064
7.570876490603113e-05,0.16637733813033817
7.581993783540856e-05,0.16627926118887243
7.593111076478599e-05,0.1662442535157112
7.604228369416342e-05,0.16695715217489002
7.615345662354086e-05,0.16780504627221032
7.626462955291829e-05,0.16923767409933257
7.637580248229572e-05,0.16980844364805062
7.648697541167316e-05,0.17032930699596852
7.659814834105058e-05,0.17078195782122882
7.670932127042801e-05,0.17072862360811625
7.682049419980544e-05,0.17055120175014524
7.693166712918288e-05,0.16979026078121667
7.704284005856031e-05,0.1698236312386437
7.715401298793774e-05,0.17023563649236761
7.726518591731518e-05,0.17058394217949033
7.737635884669261e-05,0.17089284049568346
7.748753177607004e-05,0.17090307162755472
7.759870470544746e-05,0.170968577775954
7.77098776348249e-05,0.17208628893923952
7.782105056420233e-05,0.17308773071395578
7.793222349357976e-05,0.17401541512491664
7.80433964229572e-05,0.17390716162435715
7.815456935233463e-05,0.17500032595096093
7.826574228171206e-05,0.1752620240776555
7.837691521108949e-05,0.1769331862629138
7.848808814046693e-05,0.1773741077429729
7.859926106984436e-05,0.17751813568532235
7.871043399922178e-05,0.1780537970790895
7.882160692859923e-05,0.1794761733290996
7.893277985797665e-05,0.18019487095274178
7.904395278735408e-05,0.18057822236602078
7.915512571673152e-05,0.18063187076569195
7.926629864610895e-05,0.1815811295545942
7.937747157548638e-05,0.18081198811423363
7.948864450486381e-05,0.18065197909110697
7.959981743424125e-05,0.18023933130990122
7.971099036361868e-05,0.18010028133501124
7.98221632929961e-05,0.18056005598151056
7.993333622237355e-05,0.18064588392337558
8.004450915175097e-05,0.1807636255159724
8.01556820811284e-05,0.1816328722333125
8.026685501050583e-05,0.18213684329200908
8.037802793988327e-05,0.1826232033691289
8.04892008692607e-05,0.18252425834018193
8.060037379863813e-05,0.18329613493864555
8.071154672801557e-05,0.18381599068414434
8.0822719657393e-05,0.18361070924063846
8.093389258677043e-05,0.18463413715419746
8.104506551614785e-05,0.185426225610093
8.11562384455253e-05,0.1857793356579099
8.126741137490272e-05,0.1851989079318354
8.137858430428015e-05,0.18460380507157187
8.148975723365759e-05,0.18457324513638557
8.160093016303502e-05,0.1846090057170958
8.171210309241245e-05,0.1853174141321571
8.182327602178988e-05,0.1856008201457808
8.193444895116732e-05,0.18562047017548622
8.204562188054475e-05,0.1861884337928834
8.215679480992217e-05,0.18638642740184394
8.226796773929961e-05,0.18621771467505208
8.237914066867704e-05,0.18592050046785816
8.249031359805447e-05,0.1856636924083874
8.26014865274319e-05,0.18529716633062293
8.271265945680934e-05,0.18588366416828941
8.282383238618677e-05,0.1854098296304575
8.29350053155642e-05,0.1859761183368999
8.304617824494164e-05,0.1863476392709883
8.315735117431907e-05,0.18649293057347394
8.32685241036965e-05,0.1863144614390449
8.337969703307394e-05,0.1859286219495393
8.349086996245136e-05,0.1858261994708636
8.360204289182879e-05,0.1860655642381907
8.371321582120622e-05,0.18522886095481467
8.382438875058366e-05,0.18513088221837468
8.393556167996109e-05,0.1853234648740225
8.404673460933852e-05,0.1847825655180223
8.415790753871596e-05,0.1844615912919266
8.426908046809339e-05,0.1837587050762006
8.438025339747081e-05,0.18357685720940556
8.449142632684824e-05,0.18358464349846274
8.460259925622568e-05,0.1831611726468563
8.471377218560311e-05,0.18284480088521043
8.482494511498054e-05,0.18241378751641277
8.493611804435798e-05,0.1818666029000721
8.504729097373541e-05,0.1819818118187891
8.515846390311284e-05,0.1817290782573816
8.526963683249027e-05,0.18209364265162017
8.53808097618677e-05,0.18202897758276834
8.549198269124513e-05,0.1827143018080348
8.560315562062256e-05,0.18225606793319205
8.571432855e-05,0.18278944601658625
8.582550147937743e-05,0.18267440606066576
8.593667440875486e-05,0.18278366864531437
8.604784733813229e-05,0.18234636692991263
8.615902026750973e-05,0.1822589442994209
8.627019319688716e-05,0.18104915329365792
8.638136612626459e-05,0.18125192392890824
8.649253905564203e-05,0.18165534835192415
8.660371198501945e-05,0.1815419761868425
8.671488491439688e-05,0.18112826948472344
8.682605784377432e-05,0.18041144718658678
8.693723077315175e-05,0.1805514893003988
8.704840370252918e-05,0.1802442363853695
8.715957663190661e-05,0.18031864441282636
8.727074956128405e-05,0.18023210599779846
8.738192249066148e-05,0.17951242956941596
8.74930954200389e-05,0.17814696815558806
8.760426834941635e-05,0.17815369475599138
8.771544127879378e-05,0.17811339123993133
8.78266142081712e-05,0.17804691508504245
8.793778713754863e-05,0.1775032625684732
8.804896006692607e-05,0.17749647369481075
8.81601329963035e-05,0.1785615978976261
8.827130592568093e-05,0.17906120394541575
8.838247885505837e-05,0.1788623916676759
8.84936517844358e-05,0.17920689629861222
8.860482471381323e-05,0.17933701608825223
8.871599764319065e-05,0.17961305307305991
8.88271705725681e-05,0.18038962312760368
8.893834350194552e-05,0.17942993313532293
8.904951643132295e-05,0.17901385171273346
8.91606893607004e-05,0.17887496462209732
8.927186229007782e-05,0.17847869617934226
8.938303521945525e-05,0.17844365690434544
8.949420814883268e-05,0.1778459396927267
8.960538107821012e-05,0.1779614464541058
8.971655400758755e-05,0.17825856148170266
8.982772693696497e-05,0.17859720474291074
8.993889986634242e-05,0.17937585896313155
9.005007279571984e-05,0.17840610866293055
9.016124572509727e-05,0.17788128844168594
9.027241865447471e-05,0.17795068363870903
9.038359158385214e-05,0.1781742437208137
9.049476451322957e-05,0.1778970092831991
9.0605937442607e-05,0.17855036971209384
9.071711037198444e-05,0.17932143404286432
9.082828330136187e-05,0.18006440069737725
9.09394562307393e-05,0.18050039799629
9.105062916011674e-05,0.1801167385459181
9.116180208949416e-05,0.18007564890364286
9.127297501887159e-05,0.18147692686268038
9.138414794824902e-05,0.18174039051352311
9.149532087762646e-05,0.1816728569734939
9.160649380700389e-05,0.18156842547395863
9.171766673638132e-05,0.1819256258928605
9.182883966575876e-05,0.18204802747314763
9.194001259513619e-05,0.18181834238917896
9.205118552451362e-05,0.1822049437477303
9.216235845389104e-05,0.18247665420433234
9.227353138326848e-05,0.18173451149731995
9.238470431264591e-05,0.18242724482768286
9.249587724202334e-05,0.18327721166329594
9.260705017140078e-05,0.1837182189086691
9.271822310077821e-05,0.18406479529418923
9.282939603015564e-05,0.18468397958870078
9.294056895953307e-05,0.18445156290157305
9.305174188891051e-05,0.18462317657278163
9.316291481828794e-05,0.18427669948381237
9.327408774766536e-05,0.18493917891016248
9.33852606770428e-05,0.18551674507857707
9.349643360642023e-05,0.1851192922943659
9.360760653579766e-05,0.18538412994692116
9.37187794651751e-05,0.1864051812131174
9.382995239455253e-05,0.18657397462212924
9.394112532392996e-05,0.1866264011422661
9.405229825330739e-05,0.18645372628677348
9.416347118268483e-05,0.18558196669097773
9.427464411206226e-05,0.18543305922096862
9.438581704143968e-05,0.1852140416163627
9.449698997081713e-05,0.18473848428385006
9.460816290019455e-05,0.1843097989350171
9.471933582957198e-05,0.18413249857922512
9.483050875894941e-05,0.18309785189722466
9.494168168832685e-05,0.1840767205119642
9.505285461770428e-05,0.18380146038642034
9.516402754708171e-05,0.18382959812460414
9.527520047645915e-05,0.1832427180212892
9.538637340583658e-05,0.1831743876859423
9.5497546335214e-05,0.18271722462169535
9.560871926459143e-05,0.18335239938254866
9.571989219396887e-05,0.1827142480657339
9.58310651233463e-05,0.18275739716307418
9.594223805272373e-05,0.1827855538692416
9.605341098210117e-05,0.1829636364577136
9.61645839114786e-05,0.18273164779858445
9.627575684085603e-05,0.18242446323755612
9.638692977023346e-05,0.18137515779214664
9.64981026996109e-05,0.18118384705856586
9.660927562898833e-05,0.17989734911578828
9.672044855836575e-05,0.17911917529720453
9.68316214877432e-05,0.17935830463004984
9.694279441712062e-05,0.17877141472921612
9.705396734649805e-05,0.17843757234535912
9.716514027587548e-05,0.1775980600571789
9.727631320525292e-05,0.1776495238831291
9.738748613463035e-05,0.17801205029945177
9.749865906400778e-05,0.17810748194385562
9.760983199338522e-05,0.17802217516219984
9.772100492276265e-05,0.17750446697520778
9.783217785214007e-05,0.17723730714368846
9.794335078151751e-05,0.1771158751459819
9.805452371089494e-05,0.17736138056898546
9.816569664027237e-05,0.17711424498566897
9.82768695696498e-05,0.17627828546785382
9.838804249902724e-05,0.17564834288149261
9.849921542840467e-05,0.17473322222550752
9.86103883577821e-05,0.1748328095556474
9.872156128715954e-05,0.17533275658346048
9.883273421653697e-05,0.17509629222759993
9.89439071459144e-05,0.17462403148820588
9.905508007529182e-05,0.17454738677277476
9.916625300466926e-05,0.17446117792145466
9.927742593404669e-05,0.17466591816526322
9.938859886342412e-05,0.17319886791736996
9.949977179280156e-05,0.1724598614051086
9.961094472217899e-05,0.17214119192732358
9.972211765155642e-05,0.17184143888503364
9.983329058093384e-05,0.17099848725539663
9.994446351031129e-05,0.17107355601382582
0.00010005563643968871,0.17082251205958857
0.00010016680936906614,0.17180970993039119
0.00010027798229844358,0.1720535165238042
0.00010038915522782101,0.17118814254077724
0.00010050032815719844,0.17188680499232298
0.00010061150108657587,0.1721764340360225
0.00010072267401595331,0.17187385912988856
0.00010083384694533074,0.17090164759715337
0.00010094501987470817,0.1706673418723695
0.0001010561928040856,0.1698242556955545
0.00010116736573346303,0.16907590979472134
0.00010127853866284046,0.1690907260306639
0.0001013897115922179,0.16941029496140586
0.00010150088452159533,0.16867380943662194
0.00010161205745097276,0.16875735372649206
0.00010172323038035019,0.16930333158421598
0.00010183440330972763,0.16941734446216095
0.00010194557623910506,0.16896884361588335
0.00010205674916848249,0.1689136811523394
0.00010216792209785993,0.16874718144582251
0.00010227909502723736,0.16938056032424942
0.00010239026795661478,0.16994323874763578
0.00010250144088599221,0.16952914642928898
0.00010261261381536965,0.16946937268718554
0.00010272378674474708,0.1706665532025012
0.00010283495967412451,0.17025463245361125
0.00010294613260350195,0.17030499594677515
0.00010305730553287938,0.17008495108497146
0.0001031684784622568,0.17063301104993478
0.00010327965139163423,0.17005623777955756
0.00010339082432101168,0.17084126829787394
0.0001035019972503891,0.1724077661774808
0.00010361317017976653,0.1719215845311364
0.00010372434310914397,0.17098370496289003
0.0001038355160385214,0.17078807739176763
0.00010394668896789883,0.1709316611035494
0.00010405786189727626,0.17093875489398538
0.0001041690348266537,0.1709159771115866
0.00010428020775603113,0.17130734105209114
0.00010439138068540855,0.1723402278762049
0.000104502553614786,0.17258214908336095
0.00010461372654416342,0.17204417996188184
0.00010472489947354085,0.17282546335448906
0.0001048360724029183,0.1728157997827545
0.00010494724533229572,0.171997123517785
0.00010505841826167315,0.17228156871120978
0.00010516959119105058,0.17196957754471595
0.00010528076412042802,0.1727029853053729
0.00010539193704980545,0.17269742545589
0.00010550310997918287,0.17294416155850675
0.00010561428290856032,0.17234332773077043
0.00010572545583793774,0.1731278508677445
0.00010583662876731517,0.17344885462629211
0.0001059478016966926,0.17374432458744557
0.00010605897462607004,0.17432301101080677
0.00010617014755544747,0.17422660335452192
0.0001062813204848249,0.17422690848073638
0.00010639249341420234,0.1740799600227797
0.00010650366634357977,0.17396157685231442
0.0001066148392729572,0.1741314640801847
0.00010672601220233462,0.1748861882298069
0.00010683718513171206,0.17490089494978392
0.00010694835806108949,0.17555561354891275
0.00010705953099046692,0.17521659551936103
0.00010717070391984436,0.17479366560934168
0.00010728187684922179,0.1745523260772295
0.00010739304977859922,0.17474240186203874
0.00010750422270797665,0.175300674610111
0.00010761539563735409,0.17609084835103772
0.00010772656856673152,0.1760443112367092
0.00010783774149610894,0.17660633747461682
0.00010794891442548639,0.1766152875947726
0.00010806008735486381,0.1769300018554782
0.00010817126028424124,0.17653200373021385
0.00010828243321361867,0.17697231766143137
0.00010839360614299611,0.17736748493064133
0.00010850477907237354,0.17722708830876024
0.00010861595200175097,0.17664762398121395
0.00010872712493112841,0.17694881672084978
0.00010883829786050584,0.17622452576670528
0.00010894947078988326,0.17564557951342025
0.0001090606437192607,0.17562143117019416
0.00010917181664863813,0.17521815777328784
0.00010928298957801556,0.1743805566220411
0.00010939416250739299,0.17328744078184902
0.00010950533543677043,0.17372425080157444
0.00010961650836614786,0.17389602240298307
0.00010972768129552529,0.17367611419528678
0.00010983885422490273,0.17335648994593333
0.00010995002715428016,0.17244713243306573
0.00011006120008365758,0.17287832968042535
0.00011017237301303501,0.17244168478372046
0.00011028354594241245,0.1718275722740953
0.00011039471887178988,0.17113201276145742
0.00011050589180116731,0.17077253595166436
0.00011061706473054475,0.17109895089440028
0.00011072823765992218,0.17046578675249482
0.00011083941058929961,0.16986042747882085
0.00011095058351867704,0.17026031716691367
0.00011106175644805448,0.1706953131949782
0.0001111729293774319,0.1694294808770909
0.00011128410230680933,0.16903727970600332
0.00011139527523618677,0.1674708013013992
0.0001115064481655642,0.16661756801394834
0.00011161762109494163,0.1672391807469498
0.00011172879402431906,0.16679346375643678
0.0001118399669536965,0.1659295909466488
0.00011195113988307393,0.1663625594954491
0.00011206231281245136,0.16663563770455192
0.0001121734857418288,0.16708272064658483
0.00011228465867120623,0.16736797344091808
0.00011239583160058365,0.16716717170463954
0.0001125070045299611,0.1664037299994942
0.00011261817745933852,0.16603120159929063
0.00011272935038871595,0.1661865933558191
0.00011284052331809338,0.16582548226164182
0.00011295169624747082,0.16516995866774598
0.00011306286917684825,0.1648564233288087
0.00011317404210622568,0.16507704555700156
0.00011328521503560312,0.16544853701676515
0.00011339638796498055,0.16555524641707844
0.00011350756089435797,0.16520058644518873
0.0001136187338237354,0.16483265308571832
0.00011372990675311284,0.16427806254556657
0.00011384107968249027,0.16457054138747101
0.0001139522526118677,0.16442886864494788
0.00011406342554124514,0.16399955064367716
0.00011417459847062257,0.16368127745562708
0.0001142857714,0.16323968692328686
0.00011439694432937742,0.16279857702007566
0.00011450811725875487,0.16382663296142783
0.0001146192901881323,0.16341933485146695
0.00011473046311750972,0.1622239529251212
0.00011484163604688716,0.1623018792328
0.00011495280897626459,0.16236816801703532
0.00011506398190564202,0.16308116008435783
0.00011517515483501945,0.16441762327858547
0.00011528632776439689,0.16470853492464332
0.00011539750069377432,0.16498453900643037
0.00011550867362315174,0.16492025652826212
0.00011561984655252919,0.16497335297977778
0.00011573101948190661,0.16496768316558968
0.00011584219241128404,0.16491525029024928
0.00011595336534066148,0.16394667940248242
0.00011606453827003891,0.1642516663936026
0.00011617571119941634,0.16437517105636892
0.00011628688412879377,0.16462787516786442
0.00011639805705817121,0.16462148749492592
0.00011650922998754864,0.16410159262733437
0.00011662040291692607,0.1652760383392617
0.0001167315758463035,0.1650330740596351
0.00011684274877568093,0.16673170668615164
0.00011695392170505836,0.1661741030015102
0.00011706509463443579,0.16725850493621305
0.00011717626756381323,0.167055943662507
0.00011728744049319066,0.16713260858153206
0.00011739861342256809,0.16649917968406536
0.00011750978635194553,0.16593277868258538
0.00011762095928132296,0.1661889217167111
0.00011773213221070039,0.16687801349412063
0.00011784330514007781,0.16725870153030553
0.00011795447806945526,0.16777717701877923
0.00011806565099883268,0.1673031156807895
0.00011817682392821011,0.1680938947625265
0.00011828799685758755,0.1688574806994492
0.00011839916978696498,0.16962176892444225
0.00011851034271634241,0.17029402475316824
0.00011862151564571984,0.17044398501287047
0.00011873268857509728,0.16931472412891996
0.0001188438615044747,0.17005009189282322
0.00011895503443385213,0.1703300527845317
0.00011906620736322958,0.17059085847801816
0.000119177380292607,0.17001211880247688
0.00011928855322198443,0.17025550973792572
0.00011939972615136187,0.1700489714695403
0.0001195108990807393,0.17034062931161292
0.00011962207201011673,0.17010291019443133
0.00011973324493949416,0.17077493588266124
0.0001198444178688716,0.17084856546670077
0.00011995559079824903,0.1712041754497413
0.00012006676372762645,0.17126064439560462
0.0001201779366570039,0.1727902174969134
0.00012028910958638132,0.17215535192324477
0.00012040028251575875,0.17279370050052195
0.00012051145544513618,0.17267692331174267
0.00012062262837451362,0.1727950542097713
0.00012073380130389105,0.17216178226290338
0.00012084497423326848,0.17279691997472715
0.00012095614716264592,0.17370125119512494
0.00012106732009202335,0.17415206741154413
0.00012117849302140077,0.17439579398419183
0.0001212896659507782,0.1741169686831136
0.00012140083888015564,0.17393721188267852
0.00012151201180953307,0.1740039739842007
0.0001216231847389105,0.17468086667811977
0.00012173435766828794,0.17435034976699484
0.00012184553059766537,0.17407023660649157
0.0001219567035270428,0.17446258397557776
0.00012206787645642023,0.17556914238582652
0.00012217904938579765,0.17523808005613606
0.0001222902223151751,0.1757411461830457
0.00012240139524455254,0.17651188954947167
0.00012251256817392996,0.1761754087633991
0.0001226237411033074,0.17690043119597804
0.00012273491403268482,0.17793940699295047
0.00012284608696206225,0.17720513667499566
0.00012295725989143968,0.17802005609351693
0.00012306843282081713,0.17826483785420716
0.00012317960575019456,0.17823774783759863
0.000123290778679572,0.17765693070250232
0.00012340195160894942,0.17733742850370515
0.00012351312453832684,0.17845209801715087
0.00012362429746770427,0.1783674906963478
0.0001237354703970817,0.17891050450929902
0.00012384664332645915,0.17856189976611628
0.00012395781625583658,0.17894937395780636
0.000124068989185214,0.17906966300459465
0.00012418016211459144,0.17891189333039725
0.00012429133504396887,0.179084438346871
0.0001244025079733463,0.17900729585164002
0.00012451368090272372,0.17856704558950742
0.00012462485383210118,0.17815240316551828
0.0001247360267614786,0.17791791051114422
0.00012484719969085603,0.17795442648704626
0.00012495837262023346,0.17824468476913063
0.0001250695455496109,0.17836223327872147
0.00012518071847898832,0.17688232969856926
0.00012529189140836575,0.1773447262251099
0.0001254030643377432,0.17729870684284144
0.00012551423726712063,0.17817383791910996
0.00012562541019649806,0.1787430773640966
0.00012573658312587548,0.1790769275340357
0.0001258477560552529,0.1785525477409415
0.00012595892898463034,0.17908831643432316
0.00012607010191400777,0.17889303857262123
0.00012618127484338522,0.17967981216497464
0.00012629244777276265,0.17923816608635026
0.00012640362070214008,0.1784261020416674
0.0001265147936315175,0.1783964218803682
0.00012662596656089494,0.17861160645022497
0.00012673713949027236,0.17878695511715237
0.0001268483124196498,0.17904021000157064
0.00012695948534902725,0.17845461047829392
0.00012707065827840467,0.17840460561388158
0.0001271818312077821,0.1785561237511531
0.00012729300413715953,0.17832684551881486
0.00012740417706653696,0.17824058810342885
0.00012751534999591439,0.17763522219639988
0.00012762652292529181,0.17828371718898464
0.00012773769585466927,0.1791687698801266
0.0001278488687840467,0.17891765681362737
0.00012796004171342413,0.1793041152346476
0.00012807121464280155,0.17900332797793955
0.00012818238757217898,0.17951042177528392
0.0001282935605015564,0.17942432937306949
0.00012840473343093384,0.17975791949342745
0.0001285159063603113,0.18001475722883797
0.00012862707928968872,0.1805839912792785
0.00012873825221906615,0.1813755473095467
0.00012884942514844358,0.1818660272481536
0.000128960598077821,0.18238850973031173
0.00012907177100719843,0.1817381310557303
0.0001291829439365759,0.18132828216352032
0.00012929411686595332,0.18168725805222624
0.00012940528979533074,0.1812043995221092
0.00012951646272470817,0.18035798166189296
0.0001296276356540856,0.18078809567007506
0.00012973880858346303,0.18092383600423595
0.00012984998151284045,0.1807205121391719
0.0001299611544422179,0.18104752627519585
0.00013007232737159534,0.1809697767727636
0.00013018350030097277,0.1812791997722093
0.0001302946732303502,0.1814948744270645
0.00013040584615972762,0.18270217021606397
0.00013051701908910505,0.18305882311972121
0.00013062819201848248,0.18432939091352987
0.00013073936494785993,0.1842344303612491
0.00013085053787723736,0.18539951515791933
0.0001309617108066148,0.18455900233710396
0.00013107288373599222,0.1859699063620894
0.00013118405666536964,0.18605763818097923
0.00013129522959474707,0.18727963358971178
0.0001314064025241245,0.1865169353765466
0.00013151757545350196,0.18761119460060738
0.00013162874838287938,0.187540576179627
0.0001317399213122568,0.1887523516166907
0.00013185109424163424,0.18979122519102426
0.00013196226717101167,0.19119734193710805
0.0001320734401003891,0.19142197053357135
0.00013218461302976652,0.1914267284969421
0.00013229578595914398,0.19197269976962797
0.0001324069588885214,0.1925126865531699
0.00013251813181789883,0.1924834581992007
0.00013262930474727626,0.19354802019189718
0.0001327404776766537,0.19416165576260477
0.00013285165060603112,0.1947686412303435
0.00013296282353540855,0.19495268930121787
0.000133073996464786,0.1959587408294228
0.00013318516939416343,0.19629174162279664
0.00013329634232354086,0.1964778276007615
0.00013340751525291829,0.19729682106727733
0.00013351868818229571,0.19712043958954922
0.00013362986111167314,0.197450377335443
0.00013374103404105057,0.19808450671067138
0.00013385220697042802,0.19812417910439456
0.00013396337989980545,0.1978311017098762
0.00013407455282918288,0.1983704492028299
0.0001341857257585603,0.1980857822330385
0.00013429689868793774,0.1989596621029015
0.00013440807161731516,0.19914508355750893
0.0001345192445466926,0.20021430722591094
0.00013463041747607005,0.20046073327483688
0.00013474159040544748,0.20002294494056472
0.0001348527633348249,0.2002823012415226
0.00013496393626420233,0.2008993874508641
0.00013507510919357976,0.20095533878020416
0.0001351862821229572,0.20095689789829552
0.00013529745505233462,0.20084175431907675
0.00013540862798171207,0.2013603646161059
0.0001355198009110895,0.20156631156382376
0.00013563097384046693,0.20220931216638544
0.00013574214676984435,0.20162139679331437
0.00013585331969922178,0.20150737005055475
0.0001359644926285992,0.2023822982940006
0.00013607566555797667,0.20278871216623204
0.0001361868384873541,0.2029506245759036
0.00013629801141673152,0.20282719810580868
0.00013640918434610895,0.20352997021879776
0.00013652035727548638,0.20435957807586663
0.0001366315302048638,0.20448489973612005
0.00013674270313424123,0.2040043982644745
0.0001368538760636187,0.20356351800073008
0.00013696504899299612,0.20329095184420043
0.00013707622192237354,0.20468024573297267
0.00013718739485175097,0.20423710769382158
0.0001372985677811284,0.20459350397418832
0.00013740974071050583,0.20432933470663528
0.00013752091363988326,0.2046094723424671
0.0001376320865692607,0.20467334232860343
0.00013774325949863814,0.20451774613947696
0.00013785443242801557,0.20455718365103354
0.000137965605357393,0.20393149989632922
0.00013807677828677042,0.2024226119590648
0.00013818795121614785,0.2023557899166212
0.00013829912414552528,0.2016873995154731
0.00013841029707490273,0.20169735750021645
0.00013852147000428016,0.20087641216635957
0.0001386326429336576,0.20163583869149337
0.00013874381586303502,0.20173994657503985
0.00013885498879241245,0.2013268670728301
0.00013896616172178987,0.20055673447910238
0.0001390773346511673,0.2000633336108106
0.00013918850758054476,0.19953136691812998
0.00013929968050992219,0.19834964791131268
0.0001394108534392996,0.1974925356936272
0.00013952202636867704,0.19611521220635744
0.00013963319929805447,0.1952765168979456
0.0001397443722274319,0.19523667747857015
0.00013985554515680933,0.19372805027456313
0.00013996671808618678,0.192962762066335
0.0001400778910155642,0.1921687095796218
0.00014018906394494164,0.19191682520792366
0.00014030023687431906,0.19208408199370808
0.0001404114098036965,0.19132209848324724
0.00014052258273307392,0.19012379968612064
0.00014063375566245135,0.18942853653915392
0.0001407449285918288,0.1895212012956784
0.00014085610152120623,0.18778302170587366
0.00014096727445058366,0.18696808078313792
0.0001410784473799611,0.18579526795850376
0.00014118962030933851,0.18579002550408474
0.00014130079323871594,0.1847903215932337
0.00014141196616809337,0.18450850670694116
0.00014152313909747083,0.18387692406777317
0.00014163431202684825,0.18388995720188026
0.00014174548495622568,0.18205707755258002
0.0001418566578856031,0.18180875239098693
0.00014196783081498054,0.18173864982371404
0.00014207900374435797,0.1813959743498835
0.0001421901766737354,0.1811483898687191
0.00014230134960311285,0.18074788396226027
0.00014241252253249028,0.18009316013209714
0.0001425236954618677,0.17857108732375554
0.00014263486839124513,0.1774851126703005
0.00014274604132062256,0.17750417559532952
0.00014285721425,0.17663942773127192
0.00014296838717937742,0.17634937156087077
0.00014307956010875487,0.1758811304859794
0.0001431907330381323,0.17506173732170782
0.00014330190596750973,0.1743468592001914
0.00014341307889688716,0.1740552682948866
0.00014352425182626458,0.17400204261039057
0.000143635424755642,0.17415748492240335
0.00014374659768501947,0.17386185810724963
0.0001438577706143969,0.17370282607595505
0.00014396894354377432,0.17369100638745044
0.00014408011647315175,0.17330902346686414
0.00014419128940252918,0.1739754833516387
0.0001443024623319066,0.1739024313161911
0.00014441363526128403,0.17440684168608572
0.0001445248081906615,0.17392816180717002
0.00014463598112003892,0.1741011747947765
0.00014474715404941635,0.1738669908527392
0.00014485832697879377,0.17410392625492532
0.0001449694999081712,0.17399165570230343
0.00014508067283754863,0.17470832671451383
0.00014519184576692606,0.17499088508457109
0.0001453030186963035,0.1749307736255124
0.00014541419162568094,0.17493272683152528
0.00014552536455505837,0.17414685496720822
0.0001456365374844358,0.17416458185230532
0.00014574771041381322,0.17434654562167665
0.00014585888334319065,0.17408612346625554
0.00014597005627256808,0.17384040148618718
0.00014608122920194554,0.17412010527457172
0.00014619240213132296,0.1735225192016285
0.0001463035750607004,0.17398813144699776
0.00014641474799007782,0.17455526140209668
0.00014652592091945525,0.17481948943257009
0.00014663709384883268,0.17518397395703592
0.0001467482667782101,0.17535500870908358
0.00014685943970758756,0.17531859025700722
0.00014697061263696499,0.1764941503041448
0.00014708178556634241,0.17717594928386643
0.00014719295849571984,0.1774971538132831
0.00014730413142509727,0.17761440444863594
0.0001474153043544747,0.17752692444134555
0.00014752647728385213,0.17729212591348112
0.00014763765021322958,0.17846732478019275
0.000147748823142607,0.17793821752248298
0.00014785999607198444,0.17906332404681327
0.00014797116900136187,0.17976566181761122
0.0001480823419307393,0.18037961900809527
0.00014819351486011672,0.1800629751588079
0.00014830468778949415,0.17974029367951594
0.0001484158607188716,0.17975109927924696
0.00014852703364824903,0.17990165157870935
0.00014863820657762646,0.17936260571880502
0.0001487493795070039,0.17970404820708005
0.00014886055243638132,0.17923650188059645
0.00014897172536575874,0.17948484704854878
0.00014908289829513617,0.17879622474593299
0.00014919407122451363,0.17934491158213134
0.00014930524415389106,0.1791024132806408
0.00014941641708326848,0.17865926127841952
0.0001495275900126459,0.1787260696654886
0.00014963876294202334,0.14151251868878773
0.00014974993587140077,-0.011058060657745568
0.0001498611088007782,-0.09824074706897111
0.00014997228173015565,-0.11156721707107962
0.00015008345465953308,-0.12121159464199557
0.0001501946275889105,-0.15649781764687895
0.00015030580051828793,-0.1977142044531941
0.00015041697344766536,-0.21723235177175812
0.0001505281463770428,-0.22145644117251073
0.00015063931930642025,-0.22446901402101424
0.00015075049223579767,-0.22721504507821455
0.0001508616651651751,-0.22446598297176126
0.00015097283809455253,-0.21541358969217375
0.00015108401102392996,-0.1975801487256975
0.00015119518395330738,-0.1762604153547484
0.0001513063568826848,-0.15202163789044676
0.00015141752981206227,-0.1231907146272123
0.0001515287027414397,-0.08884049823689273
0.00015163987567081712,-0.04856888129452102
0.00015175104860019455,-0.004742516846469516
0.00015186222152957198,0.04235803917030229
0.0001519733944589494,0.09386087221251783
0.00015208456738832684,0.15026500083187772
0.0001521957403177043,0.20986591892334452
0.00015230691324708172,0.2742089592431172
0.00015241808617645915,0.3408637873884231
0.00015252925910583657,0.4115436870589428
0.000152640432035214,0.484373065339455
0.00015275160496459143,0.5605116457989402
0.00015286277789396886,0.6392216777012778
0.00015297395082334631,0.721763475116118
0.00015308512375272374,0.8061655417638791
0.00015319629668210117,0.8924650916841329
0.0001533074696114786,0.9819319999008818
0.00015341864254085603,1.0736734268852717
0.00015352981547023345,1.1665969275168155
0.00015364098839961088,1.262990526958908
0.00015375216132898834,1.3603079503915778
0.00015386333425836576,1.4605811068461536
0.0001539745071877432,1.5597721343674513
0.00015408568011712062,1.662640914040693
0.00015419685304649805,1.7658757809762846
0.00015430802597587548,1.8698855459519366
0.0001544191989052529,1.9756221193236305
0.00015453037183463036,2.08259744493029
0.0001546415447640078,2.1899886433838067
0.00015475271769338522,2.2975082946247607
0.00015486389062276264,2.405296893230486
0.00015497506355214007,2.5130664227993336
0.0001550862364815175,2.621039843925362
0.00015519740941089493,2.7286099329866733
0.00015530858234027238,2.8359638082298555
0.0001554197552696498,2.9432859658365036
0.00015553092819902724,3.050224329195045
0.00015564210112840467,3.1564346288984
0.0001557532740577821,3.2629191186606428
0.00015586444698715952,3.366620664357058
0.00015597561991653695,3.4712614686128243
0.0001560867928459144,3.5738070464787257
0.00015619796577529183,3.6752992721543665
0.00015630913870466926,3.7745017936712766
0.0001564203116340467,3.8730056239989414
0.00015653148456342412,3.970390405377349
0.00015664265749280155,4.065532892416016
0.00015675383042217897,4.157966666242743
0.00015686500335155643,4.249207861500634
0.00015697617628093386,4.337101747568926
0.00015708734921031128,4.42420716155657
0.0001571985221396887,4.507914891300154
0.00015730969506906614,4.588726761220103
0.00015742086799844357,4.6668385332003215
0.000157532040927821,4.742314035469929
0.00015764321385719845,4.814373858628561
0.00015775438678657588,4.884473885027825
0.0001578655597159533,4.95051935743893
0.00015797673264533074,5.013073696869317
0.00015808790557470816,5.071285028435326
0.0001581990785040856,5.125232645873309
0.00015831025143346305,5.176182483698662
0.00015842142436284047,5.22291815170899
0.0001585325972922179,5.264931338850228
0.00015864377022159533,5.302891513478726
0.00015875494315097276,5.336822786432627
0.00015886611608035019,5.3643546017515416
0.00015897728900972761,5.388303122399033
0.00015908846193910507,5.406248007769156
0.0001591996348684825,5.419399844274897
0.00015931080779785993,5.427629674684351
0.00015942198072723735,5.430136924918781
0.00015953315365661478,5.427250683274981
0.0001596443265859922,5.41873691684677
0.00015975549951536964,5.404334637711696
0.0001598666724447471,5.384036013899916
0.00015997784537412452,5.356938248683993
0.00016008901830350195,5.324331614805452
0.00016020019123287938,5.284098172496642
0.0001603113641622568,5.238178092450471
0.00016042253709163423,5.184405109193534
0.00016053371002101166,5.126005625027151
0.00016064488295038912,5.059788290813875
0.00016075605587976654,4.985753770197017
0.00016086722880914397,4.945623452330042
0.0001609784017385214,5.034228544408539
0.00016108957466789883,5.075885305273097
0.00016120074759727626,5.052298267136487
0.00016131192052665368,5.025839762251451
0.00016142309345603114,5.029223226605069
0.00016153426638540857,5.046310308145824
0.000161645439314786,5.049872876016648
0.00016175661224416342,5.044012243040072
0.00016186778517354085,5.041286790261142
0.00016197895810291828,5.043994389835421
0.0001620901310322957,5.04768857670815
0.00016220130396167316,5.049187865521267
0.0001623124768910506,5.048773877075382
0.00016242364982042802,5.0481358760100905
0.00016253482274980544,5.048792398917253
0.00016264599567918287,5.04969339409245
0.0001627571686085603,5.0497139613022135
0.00016286834153793773,5.048745643112008
0.00016297951446731518,5.049190977275696
0.0001630906873966926,5.049411772209483
0.00016320186032607004,5.04876342743515
0.00016331303325544747,5.048364185323462
0.0001634242061848249,5.047287382141634
0.00016353537911420232,5.045994722560328
0.00016364655204357975,5.046092653819539
0.0001637577249729572,5.045136770602119
0.00016386889790233463,5.043813002272482
0.00016398007083171206,5.0430213347382296
0.0001640912437610895,5.042114239868282
0.00016420241669046692,5.042032944151155
0.00016431358961984435,5.041473209505822
0.00016442476254922177,5.04141042211814
0.00016453593547859923,5.040388589750494
0.00016464710840797666,5.0393985452328005
0.00016475828133735409,5.039202943447543
0.00016486945426673151,5.037907301860807
0.00016498062719610894,5.037022968573733
0.00016509180012548637,5.03578641390754
0.0001652029730548638,5.036182986875214
0.00016531414598424125,5.035512820836533
0.00016542531891361868,5.034537542061919
0.0001655364918429961,5.034300797435565
0.00016564766477237354,5.03304311062476
0.00016575883770175096,5.031941719642511
0.0001658700106311284,5.030589547940488
0.00016598118356050585,5.028375852404899
0.00016609235648988328,5.026988560415296
0.0001662035294192607,5.0264302900321765
0.00016631470234863813,5.026464475936719
0.00016642587527801556,5.026007522177115
0.000166537048207393,5.025614222624512
0.00016664822113677042,5.02487258215957
0.00016675939406614787,5.024335310087975
0.0001668705669955253,5.023975545500155
0.00016698173992490273,5.022858352521658
0.00016709291285428015,5.022524205457764
0.00016720408578365758,5.021854419089731
0.000167315258713035,5.021912416643783
0.00016742643164241244,5.021214660361089
0.0001675376045717899,5.021159429770598
0.00016764877750116732,5.020926071081001
0.00016775995043054475,5.020549602843585
0.00016787112335992218,5.01997362313579
0.0001679822962892996,5.0209365201680285
0.00016809346921867703,5.021324854493511
0.00016820464214805446,5.022191756936317
0.00016831581507743192,5.021810993591135
0.00016842698800680934,5.022365774528997
0.00016853816093618677,5.023334051360696
0.0001686493338655642,5.024400372478972
0.00016876050679494163,5.024965651616578
0.00016887167972431906,5.025851390418783
0.00016898285265369648,5.025486050825562
0.00016909402558307394,5.025736518064132
0.00016920519851245137,5.025501170055719
0.0001693163714418288,5.02583643058377
0.00016942754437120622,5.026339208597421
0.00016953871730058365,5.026015150344613
0.00016964989022996108,5.02603353255595
0.0001697610631593385,5.026977342844773
0.00016987223608871596,5.027446817851794
0.0001699834090180934,5.027196966767782
0.00017009458194747082,5.027389939631027
0.00017020575487684825,5.027150256945314
0.00017031692780622567,5.028269223936667
0.0001704281007356031,5.028592609864643
0.00017053927366498053,5.028204660098357
0.00017065044659435799,5.029112136906852
0.0001707616195237354,5.029733410046281
0.00017087279245311284,5.030590872949441
0.00017098396538249027,5.031369270908406
0.0001710951383118677,5.032169818127516
0.00017120631124124513,5.033418351195847
0.00017131748417062255,5.033987553752687
0.0001714286571,5.034834802916481
0.00017153983002937744,5.036399711301857
0.00017165100295875486,5.037786884168677
0.0001717621758881323,5.038353906244571
0.00017187334881750972,5.039025802693609
0.00017198452174688715,5.040566243717635
0.00017209569467626458,5.04164712583601
0.00017220686760564203,5.0424220008773855
0.00017231804053501946,5.042869232146877
0.0001724292134643969,5.043978778372471
0.00017254038639377432,5.044152608459301
0.00017265155932315174,5.044546105116497
0.00017276273225252917,5.045378318205343
0.00017287390518190663,5.046117537970017
0.00017298507811128405,5.046898936116079
0.00017309625104066148,5.046761816347843
0.0001732074239700389,5.047302673455034
0.00017331859689941634,5.047384464527958
0.00017342976982879377,5.047363325841551
0.0001735409427581712,5.047359181730616
0.00017365211568754865,5.047819067960476
0.00017376328861692608,5.0480431068232265
0.0001738744615463035,5.0481297130214395
0.00017398563447568093,5.047987956883147
0.00017409680740505836,5.047968480475087
0.0001742079803344358,5.047894027876823
0.00017431915326381322,5.047680881286417
0.00017443032619319067,5.048440160396403
0.0001745414991225681,5.04914195033816
0.00017465267205194553,5.05028120170366
0.00017476384498132296,5.051828050039436
0.00017487501791070038,5.05101081851392
0.0001749861908400778,5.051025550819738
0.00017509736376945524,5.051911312228974
0.0001752085366988327,5.052597686203963
0.00017531970962821012,5.053092618929835
0.00017543088255758755,5.053030744134622
0.00017554205548696498,5.052540413356168
0.0001756532284163424,5.052774476479166
0.00017576440134571983,5.052960940179745
0.00017587557427509726,5.054300628732722
0.00017598674720447472,5.054302379080502
0.00017609792013385215,5.054200125729806
0.00017620909306322957,5.054746268043519
0.000176320265992607,5.054137583947964
0.00017643143892198443,5.053598186951957
0.00017654261185136186,5.0528108545388815
0.00017665378478073929,5.052349984038739
0.00017676495771011674,5.051853322614332
0.00017687613063949417,5.0522996321554166
0.0001769873035688716,5.052076498918542
0.00017709847649824902,5.052278069829869
0.00017720964942762645,5.052525477663638
0.00017732082235700388,5.053066940855165
0.0001774319952863813,5.053205342103679
0.00017754316821575876,5.051279280763207
0.0001776543411451362,5.051104322360997
0.00017776551407451362,5.050779809225517
0.00017787668700389105,5.05011256285145
0.00017798785993326848,5.050266185787637
0.0001780990328626459,5.049780510381482
0.00017821020579202333,5.04988014295405
0.0001783213787214008,5.050168597779535
0.00017843255165077821,5.049020488106292
0.00017854372458015564,5.048048408327904
0.00017865489750953307,5.048231721639917
0.0001787660704389105,5.0482176979091955
0.00017887724336828793,5.047891251426312
0.00017898841629766535,5.047374444909616
0.0001790995892270428,5.046401170552823
0.00017921076215642024,5.046403780446442
0.00017932193508579767,5.046147081752878
0.0001794331080151751,5.04567709809944
0.00017954428094455252,5.044723187716168
0.00017965545387392995,5.04440970496575
0.00017976662680330738,5.043637238639678
0.00017987779973268483,5.043228263473358
0.00017998897266206226,5.0422506367324775
0.0001801001455914397,5.042038306355393
0.00018021131852081712,5.040751483213394
0.00018032249145019454,5.040118082024247
0.00018043366437957197,5.039596811040407
0.00018054483730894943,5.038468951566274
0.00018065601023832686,5.0378444673785046
0.00018076718316770428,5.037751448349481
0.0001808783560970817,5.0370006706151855
0.00018098952902645914,5.035705810121331
0.00018110070195583657,5.034981041504247
0.000181211874885214,5.034449022808429
0.00018132304781459145,5.034545210314424
0.00018143422074396888,5.034713404780303
0.0001815453936733463,5.034110107216531
0.00018165656660272373,5.033845988729791
0.00018176773953210116,5.034675215139388
0.0001818789124614786,5.034472006548083
0.00018199008539085602,5.0354682100405475
0.00018210125832023347,5.034657967204799
0.0001822124312496109,5.0342225575325035
0.00018232360417898833,5.034188283656248
0.00018243477710836576,5.033499996790323
0.00018254595003774319,5.032688782522731
0.0001826571229671206,5.0326646169188
0.00018276829589649804,5.032390730081443
0.0001828794688258755,5.031648118790924
0.00018299064175525292,5.031421232691303
0.00018310181468463035,5.031028373554374
0.00018321298761400778,5.030353754637528
0.0001833241605433852,5.02945986810117
0.00018343533347276264,5.0289522647519584
0.00018354650640214006,5.028560601668376
0.00018365767933151752,5.027914954099043
0.00018376885226089495,5.027973420007539
0.00018388002519027238,5.028276639008156
0.0001839911981196498,5.0282287804593535
0.00018410237104902723,5.02847043831293
0.00018421354397840466,5.028285523188625
0.0001843247169077821,5.0289763014366065
0.00018443588983715954,5.029046870005937
0.00018454706276653697,5.02926896583835
0.0001846582356959144,5.028972528199351
0.00018476940862529183,5.029587270687967
0.00018488058155466925,5.029784246334598
0.00018499175448404668,5.03013646380653
0.0001851029274134241,5.03005838301003
0.00018521410034280156,5.030027128876611
0.000185325273272179,5.030506666781983
0.00018543644620155642,5.030975529935984
0.00018554761913093385,5.03194670813954
0.00018565879206031128,5.033044914526754
0.0001857699649896887,5.033980989502017
0.00018588113791906613,5.034115026918356
0.0001859923108484436,5.033351437016325
0.00018610348377782102,5.034628024846804
0.00018621465670719844,5.0348802266112465
0.00018632582963657587,5.035312081937659
0.0001864370025659533,5.036540377532387
0.00018654817549533073,5.036349369765848
0.00018665934842470816,5.036850749017779
0.0001867705213540856,5.037773117976972
0.00018688169428346304,5.03780267073681
0.00018699286721284047,5.037802735234401
0.0001871040401422179,5.038094750386424
0.00018721521307159532,5.037903715386152
0.00018732638600097275,5.038399272510532
0.0001874375589303502,5.038437170272083
0.00018754873185972763,5.039207950651338
0.00018765990478910506,5.0400339628222355
0.0001877710777184825,5.0405308473230805
0.00018788225064785992,5.041067546051184
0.00018799342357723735,5.040932557070705
0.00018810459650661477,5.041545401688971
0.00018821576943599223,5.042308514104961
0.00018832694236536966,5.042818706472001
0.00018843811529474708,5.043936017351465
0.0001885492882241245,5.043450420297169
0.00018866046115350194,5.043709215074647
0.00018877163408287937,5.044672418734841
0.0001888828070122568,5.0449934504396285
0.00018899397994163425,5.045362693565207
0.00018910515287101168,5.0459914493376505
0.0001892163258003891,5.045298513625878
0.00018932749872976654,5.0453295993294915
0.00018943867165914396,5.045515847907325
0.0001895498445885214,5.044861834646166
0.00018966101751789882,5.045581046936678
0.00018977219044727627,5.046492221725091
0.0001898833633766537,5.047001576915603
0.00018999453630603113,5.0473788236294554
0.00019010570923540856,5.0475190441393325
0.00019021688216478599,5.047837068375065
0.00019032805509416341,5.048676675956771
0.00019043922802354084,5.048276156785834
0.0001905504009529183,5.047239286589986
0.00019066157388229573,5.047027120653004
0.00019077274681167315,5.048207734563039
0.00019088391974105058,5.047829360366876
0.000190995092670428,5.048023594417883
0.00019110626559980544,5.048446662404302
0.00019121743852918287,5.049027455680003
0.00019132861145856032,5.0482547313122
0.00019143978438793775,5.049025463990029
0.00019155095731731518,5.048489354361885
0.0001916621302466926,5.048518128706965
0.00019177330317607003,5.048574802136834
0.00019188447610544746,5.048881561196162
0.0001919956490348249,5.049188027842916
0.00019210682196420234,5.049296327103365
0.00019221799489357977,5.050235307602458
0.0001923291678229572,5.050703899757669
0.00019244034075233463,5.05145843682122
0.00019255151368171206,5.051619205067815
0.00019266268661108948,5.051268708003484
0.0001927738595404669,5.0512084258101675
0.00019288503246984437,5.05139466104537
0.0001929962053992218,5.051505589137778
0.00019310737832859922,5.052184282882154
0.00019321855125797665,5.049635205404649
0.00019332972418735408,5.050430429883344
0.0001934408971167315,5.0496677568169845
0.00019355207004610893,5.049538963415718
0.0001936632429754864,5.048987121213928
0.00019377441590486382,5.049659457614308
0.00019388558883424125,5.049315537174785
0.00019399676176361867,5.048716405658418
0.0001941079346929961,5.0488185459907395
0.00019421910762237353,5.0484105204980265
0.00019433028055175096,5.048244393134141
0.0001944414534811284,5.048284270929327
0.00019455262641050584,5.048335093520466
0.00019466379933988327,5.048385154071264
0.0001947749722692607,5.048433923964782
0.00019488614519863812,5.048480874583363
0.00019499731812801555,5.048525477309347
0.000195108491057393,5.048567203525079
0.00019521966398677043,5.048605524612899
0.00019533083691614786,5.048639911955149
0.0001954420098455253,5.048669836934171
0.00019555318277490272,5.048694770932308
0.00019566435570428015,5.0487141853319
0.00019577552863365757,5.048727551515292
0.00019588670156303503,5.048734340864823
0.00019599787449241246,5.048734024762836
0.00019610904742178989,5.0487260745916736
0.00019622022035116731,5.048709961733676
0.00019633139328054474,5.048685157571188
0.00019644256620992217,5.0486511334865485
0.0001965537391392996,5.048607360862102
0.00019666491206867705,5.048553311080188
0.00019677608499805448,5.048488455523151
0.0001968872579274319,5.04841226557333
0.00019699843085680934,5.04832421261307
0.00019710960378618676,5.0482237680247115
0.0001972207767155642,5.048110403190597
0.00019733194964494162,5.047983589493067
0.00019744312257431908,5.047842798314465
0.0001975542955036965,5.0476875010371325
0.00019766546843307393,5.047517169043411
0.00019777664136245136,5.047331273715644
0.0001978878142918288,5.047129286436172
0.00019799898722120622,5.046910678587336
0.00019811016015058364,5.046674921551481
0.0001982213330799611,5.046421486710946
0.00019833250600933853,5.046149845448074
0.00019844367893871595,5.045859469145208
0.00019855485186809338,5.045549829184688
0.0001986660247974708,5.045220396948858
0.00019877719772684824,5.044870643820059
0.00019888837065622567,5.044500041180632
0.00019899954358560312,5.0441080604129205
0.00019911071651498055,5.043694172899266
0.00019922188944435798,5.04325785002201
0.0001993330623737354,5.042798563163495
0.00019944423530311283,5.042315783706062
0.00019955540823249026,5.0418089830320545
0.0001996665811618677,5.041277632523814
0.00019977775409124514,5.040721203563681
0.00019988892702062257,5.040139167533999
0.00020000009995,5.03953099581711
