Time,Amplitude
0.0,0.0
1.111729293774319e-07,0.0
2.223458587548638e-07,0.0
3.3351878813229573e-07,0.0
4.446917175097276e-07,0.0
5.558646468871596e-07,0.0
6.670375762645915e-07,0.0
7.782105056420233e-07,0.0
8.893834350194552e-07,0.0
1.0005563643968871e-06,0.0
1.1117292937743191e-06,0.0
1.222902223151751e-06,0.0
1.334075152529183e-06,0.0
1.4452480819066147e-06,0.0
1.5564210112840467e-06,0.0
1.6675939406614785e-06,0.0
1.7787668700389105e-06,0.0
1.8899397994163425e-06,0.0
2.0011127287937743e-06,0.0
2.112285658171206e-06,0.0
2.2234585875486383e-06,0.0
2.33463151692607e-06,0.0
2.445804446303502e-06,0.0
2.5569773756809336e-06,0.0
2.668150305058366e-06,0.0
2.7793232344357976e-06,0.0
2.8904961638132294e-06,0.0
3.0016690931906616e-06,0.0
3.1128420225680934e-06,0.0
3.224014951945525e-06,0.0
3.335187881322957e-06,0.0
3.446360810700389e-06,0.0
3.557533740077821e-06,0.0
3.6687066694552528e-06,0.0
3.779879598832685e-06,0.0
3.891052528210116e-06,0.0
4.0022254575875485e-06,0.0
4.113398386964981e-06,0.0
4.224571316342412e-06,0.0
4.335744245719844e-06,0.0
4.4469171750972765e-06,0.0
4.558090104474708e-06,0.0
4.66926303385214e-06,0.0
4.780435963229572e-06,0.0
4.891608892607004e-06,0.0
5.002781821984436e-06,0.0
5.113954751361867e-06,0.0
5.2251276807392995e-06,0.0
5.336300610116732e-06,0.0
5.447473539494163e-06,0.0
5.558646468871595e-06,0.0
5.6698193982490274e-06,0.0
5.780992327626459e-06,0.0
5.892165257003891e-06,0.0
6.003338186381323e-06,0.0
6.114511115758755e-06,0.0
6.225684045136187e-06,0.0
6.336856974513619e-06,0.0
6.44802990389105e-06,0.0
6.559202833268483e-06,0.0
6.670375762645914e-06,0.0
6.781548692023346e-06,0.0
6.892721621400778e-06,0.0
7.00389455077821e-06,0.0
7.115067480155642e-06,0.0
7.226240409533074e-06,0.0
7.3374133389105055e-06,0.0
7.448586268287938e-06,0.0
7.55975919766537e-06,0.0
7.670932127042801e-06,0.0
7.782105056420233e-06,0.0
7.893277985797666e-06,0.0
8.004450915175097e-06,0.0
8.115623844552528e-06,0.0
8.226796773929961e-06,0.0
8.337969703307393e-06,0.0
8.449142632684824e-06,0.0
8.560315562062257e-06,0.0
8.671488491439689e-06,0.0
8.78266142081712e-06,0.0
8.893834350194553e-06,0.0
9.005007279571984e-06,0.0
9.116180208949416e-06,0.0
9.227353138326849e-06,0.0
9.33852606770428e-06,0.0
9.449698997081712e-06,0.0
9.560871926459145e-06,0.0
9.672044855836576e-06,0.0
9.783217785214007e-06,0.0
9.89439071459144e-06,0.0
1.0005563643968872e-05,0.0
1.0116736573346303e-05,0.0
1.0227909502723734e-05,0.0
1.0339082432101168e-05,0.0
1.0450255361478599e-05,0.0
1.056142829085603e-05,0.0
1.0672601220233463e-05,0.0
1.0783774149610895e-05,0.0
1.0894947078988326e-05,0.0
1.1006120008365759e-05,0.0
1.111729293774319e-05,0.0
1.1228465867120622e-05,0.0
1.1339638796498055e-05,0.0
1.1450811725875486e-05,0.0
1.1561984655252918e-05,0.0
1.167315758463035e-05,0.0
1.1784330514007782e-05,0.0
1.1895503443385213e-05,0.0
1.2006676372762646e-05,0.0
1.2117849302140078e-05,0.0
1.222902223151751e-05,0.0
1.2340195160894942e-05,0.0
1.2451368090272374e-05,0.0
1.2562541019649805e-05,0.0
1.2673713949027238e-05,0.0
1.278488687840467e-05,0.0
1.28960598077821e-05,0.0
1.3007232737159532e-05,0.0
1.3118405666536965e-05,0.0
1.3229578595914397e-05,0.0
1.3340751525291828e-05,0.0
1.3451924454669261e-05,0.0
1.3563097384046692e-05,0.0
1.3674270313424124e-05,0.0
1.3785443242801557e-05,0.0
1.3896616172178988e-05,0.0
1.400778910155642e-05,0.0
1.4118962030933853e-05,0.0
1.4230134960311284e-05,0.0
1.4341307889688715e-05,0.0
1.4452480819066148e-05,0.0
1.456365374844358e-05,0.0
1.4674826677821011e-05,0.0
1.4785999607198444e-05,0.0
1.4897172536575875e-05,0.0
1.5008345465953307e-05,0.0
1.511951839533074e-05,0.0
1.5230691324708171e-05,0.0
1.5341864254085603e-05,0.0
1.5453037183463034e-05,0.0
1.5564210112840465e-05,0.0
1.56753830422179e-05,0.0
1.578655597159533e-05,0.0
1.5897728900972763e-05,0.0
1.6008901830350194e-05,0.0
1.6120074759727626e-05,0.0
1.6231247689105057e-05,0.0
1.634242061848249e-05,0.0
1.6453593547859923e-05,0.0
1.6564766477237354e-05,0.0
1.6675939406614786e-05,0.0
1.6787112335992217e-05,0.0
1.689828526536965e-05,0.0
1.7009458194747083e-05,0.0
1.7120631124124515e-05,0.0
1.7231804053501946e-05,0.0
1.7342976982879377e-05,0.0
1.745414991225681e-05,0.0
1.756532284163424e-05,0.0
1.767649577101167e-05,0.0
1.7787668700389106e-05,0.0
1.7898841629766537e-05,0.0
1.801001455914397e-05,0.0
1.81211874885214e-05,0.0
1.823236041789883e-05,0.0
1.8343533347276263e-05,0.0
1.8454706276653698e-05,0.0
1.856587920603113e-05,0.0
1.867705213540856e-05,0.0
1.8788225064785992e-05,0.0
1.8899397994163423e-05,0.0
1.9010570923540854e-05,0.0
1.912174385291829e-05,0.0
1.923291678229572e-05,0.0
1.9344089711673152e-05,0.0
1.9455262641050583e-05,0.0
1.9566435570428015e-05,0.0
1.9677608499805446e-05,0.0
1.978878142918288e-05,0.0
1.9899954358560312e-05,0.0
2.0011127287937744e-05,0.0
2.0122300217315175e-05,0.0
2.0233473146692606e-05,0.0
2.0344646076070038e-05,0.0
2.045581900544747e-05,0.0
2.0566991934824904e-05,0.0
2.0678164864202335e-05,0.0
2.0789337793579766e-05,0.0
2.0900510722957198e-05,0.0
2.101168365233463e-05,0.0
2.112285658171206e-05,0.0
2.1234029511089495e-05,0.0
2.1345202440466927e-05,0.0
2.1456375369844358e-05,0.0
2.156754829922179e-05,0.0
2.167872122859922e-05,0.0
2.1789894157976652e-05,0.0
2.1901067087354087e-05,0.0
2.2012240016731518e-05,0.0
2.212341294610895e-05,0.0
2.223458587548638e-05,0.0
2.2345758804863812e-05,0.0
2.2456931734241244e-05,0.0
2.256810466361868e-05,0.0
2.267927759299611e-05,0.0
2.279045052237354e-05,0.0
2.2901623451750973e-05,0.0
2.3012796381128404e-05,0.0
2.3123969310505835e-05,0.0
2.3235142239883267e-05,0.0
2.33463151692607e-05,0.0
2.3457488098638133e-05,0.0
2.3568661028015564e-05,0.0
2.3679833957392995e-05,0.0
2.3791006886770427e-05,0.0
2.3902179816147858e-05,0.0
2.4013352745525293e-05,0.0
2.4124525674902724e-05,0.0
2.4235698604280156e-05,0.0
2.4346871533657587e-05,0.0
2.445804446303502e-05,0.0
2.456921739241245e-05,0.0
2.4680390321789884e-05,0.0
2.4791563251167316e-05,0.0
2.4902736180544747e-05,0.0
2.501390910992218e-05,0.0
2.512508203929961e-05,0.0
2.523625496867704e-05,0.0
2.5347427898054476e-05,0.0
2.5458600827431907e-05,0.0
2.556977375680934e-05,0.0
2.568094668618677e-05,0.0
2.57921196155642e-05,0.0
2.5903292544941633e-05,0.0
2.6014465474319064e-05,0.0
2.61256384036965e-05,0.0
2.623681133307393e-05,0.0
2.634798426245136e-05,0.0
2.6459157191828793e-05,0.0
2.6570330121206224e-05,0.0
2.6681503050583656e-05,0.0
2.679267597996109e-05,0.0
2.6903848909338522e-05,0.0
2.7015021838715953e-05,0.0
2.7126194768093385e-05,0.0
2.7237367697470816e-05,0.0
2.7348540626848247e-05,0.0
2.7459713556225682e-05,0.0
2.7570886485603113e-05,0.0
2.7682059414980545e-05,0.0
2.7793232344357976e-05,0.0
2.7904405273735408e-05,0.0
2.801557820311284e-05,0.0
2.8126751132490274e-05,0.0
2.8237924061867705e-05,0.0
2.8349096991245136e-05,0.0
2.8460269920622568e-05,0.0
2.857144285e-05,0.0
2.868261577937743e-05,0.0
2.8793788708754862e-05,0.0
2.8904961638132297e-05,0.0
2.9016134567509728e-05,0.0
2.912730749688716e-05,0.0
2.923848042626459e-05,0.0
2.9349653355642022e-05,0.0
2.9460826285019453e-05,0.0
2.9571999214396888e-05,0.0
2.968317214377432e-05,0.0
2.979434507315175e-05,0.0
2.9905518002529182e-05,0.0
3.0016690931906614e-05,0.0
3.0127863861284045e-05,0.0
3.023903679066148e-05,0.0
3.035020972003891e-05,0.0
3.0461382649416342e-05,0.0
3.057255557879378e-05,0.0
3.0683728508171205e-05,0.0
3.079490143754864e-05,0.0
3.090607436692607e-05,0.0
3.10172472963035e-05,0.0
3.112842022568093e-05,0.0
3.1239593155058365e-05,0.0
3.13507660844358e-05,0.0
3.146193901381323e-05,0.0
3.157311194319066e-05,0.0
3.168428487256809e-05,0.0
3.1795457801945526e-05,0.0
3.1906630731322954e-05,0.0
3.201780366070039e-05,0.0
3.212897659007782e-05,0.0
3.224014951945525e-05,0.0
3.2351322448832686e-05,0.0
3.2462495378210114e-05,0.0
3.257366830758755e-05,0.0
3.268484123696498e-05,0.0
3.279601416634241e-05,0.0
3.2907187095719846e-05,0.0
3.3018360025097274e-05,0.0
3.312953295447471e-05,0.0
3.324070588385214e-05,0.0
3.335187881322957e-05,0.0
3.3463051742607006e-05,0.0
3.3574224671984434e-05,0.0
3.368539760136187e-05,0.0
3.37965705307393e-05,0.0
3.390774346011673e-05,0.0
3.4018916389494166e-05,0.0
3.4130089318871594e-05,0.0
3.424126224824903e-05,0.0
3.435243517762646e-05,0.0
3.446360810700389e-05,0.0
3.457478103638132e-05,0.0
3.4685953965758755e-05,0.0
3.479712689513619e-05,0.0
3.490829982451362e-05,0.0
3.501947275389105e-05,0.0
3.513064568326848e-05,0.0
3.5241818612645915e-05,0.0
3.535299154202334e-05,0.0
3.546416447140078e-05,0.0
3.557533740077821e-05,0.0
3.568651033015564e-05,0.0
3.5797683259533075e-05,0.0
3.59088561889105e-05,0.0
3.602002911828794e-05,0.0
3.613120204766537e-05,0.0
3.62423749770428e-05,0.0
3.6353547906420235e-05,0.0
3.646472083579766e-05,0.0
3.65758937651751e-05,0.0
3.6687066694552526e-05,0.0
3.679823962392996e-05,0.0
3.6909412553307395e-05,0.0
3.702058548268482e-05,0.0
3.713175841206226e-05,0.0
3.7242931341439686e-05,0.0
3.735410427081712e-05,0.0
3.746527720019455e-05,0.0
3.7576450129571984e-05,0.0
3.768762305894942e-05,0.0
3.7798795988326846e-05,0.0
3.790996891770428e-05,0.0
3.802114184708171e-05,0.0
3.8132314776459144e-05,0.0
3.824348770583658e-05,0.0
3.8354660635214006e-05,0.0
3.846583356459144e-05,0.0
3.857700649396887e-05,0.0
3.8688179423346304e-05,0.0
3.879935235272373e-05,0.0
3.891052528210117e-05,0.0
3.90216982114786e-05,0.0
3.913287114085603e-05,0.0
3.9244044070233464e-05,0.0
3.935521699961089e-05,0.0
3.946638992898833e-05,0.0
3.957756285836576e-05,0.0
3.968873578774319e-05,0.0
3.9799908717120624e-05,0.0
3.991108164649805e-05,0.0
4.002225457587549e-05,0.0
4.0133427505252915e-05,0.0
4.024460043463035e-05,0.0
4.0355773364007785e-05,0.0
4.046694629338521e-05,0.0
4.057811922276265e-05,0.0
4.0689292152140075e-05,0.0
4.080046508151751e-05,0.0
4.091163801089494e-05,0.0
4.102281094027237e-05,0.0
4.113398386964981e-05,0.0
4.1245156799027235e-05,0.0
4.135632972840467e-05,0.0
4.14675026577821e-05,0.0
4.157867558715953e-05,0.0
4.168984851653697e-05,0.0
4.1801021445914396e-05,0.0
4.191219437529183e-05,0.0
4.202336730466926e-05,0.0
4.213454023404669e-05,0.0
4.224571316342412e-05,0.0
4.2356886092801556e-05,0.0
4.246805902217899e-05,0.0
4.257923195155642e-05,0.0
4.269040488093385e-05,0.0
4.280157781031128e-05,0.0
4.2912750739688716e-05,0.0
4.3023923669066144e-05,0.0
4.313509659844358e-05,0.0
4.3246269527821014e-05,0.0
4.335744245719844e-05,0.0
4.3468615386575876e-05,0.0
4.3579788315953304e-05,0.0
4.369096124533074e-05,0.0
4.3802134174708174e-05,0.0
4.39133071040856e-05,0.0
4.4024480033463036e-05,0.0
4.4135652962840464e-05,0.0
4.42468258922179e-05,0.0
4.435799882159533e-05,0.0
4.446917175097276e-05,0.0
4.45803446803502e-05,0.0
4.4691517609727625e-05,0.0
4.480269053910506e-05,0.0
4.491386346848249e-05,0.0
4.502503639785992e-05,0.0
4.513620932723736e-05,0.0
4.5247382256614785e-05,0.0
4.535855518599222e-05,0.0
4.546972811536965e-05,0.0
4.558090104474708e-05,0.0
4.569207397412451e-05,0.0
4.5803246903501945e-05,0.0
4.591441983287938e-05,0.0
4.602559276225681e-05,0.0
4.613676569163424e-05,0.0
4.624793862101167e-05,0.0
4.6359111550389105e-05,0.0
4.647028447976653e-05,0.0
4.658145740914397e-05,0.0
4.66926303385214e-05,0.0
4.680380326789883e-05,0.0
4.6914976197276265e-05,0.0
4.7026149126653693e-05,0.0
4.713732205603113e-05,0.0
4.724849498540856e-05,0.0
4.735966791478599e-05,0.0
4.7470840844163426e-05,0.0
4.7582013773540854e-05,0.0
4.769318670291829e-05,0.0
4.7804359632295716e-05,0.0
4.791553256167315e-05,0.0
4.8026705491050586e-05,0.0
4.8137878420428014e-05,0.0
4.824905134980545e-05,0.0
4.8360224279182877e-05,0.0
4.847139720856031e-05,0.0
4.858257013793774e-05,0.0
4.8693743067315174e-05,0.0
4.880491599669261e-05,0.0
4.891608892607004e-05,0.0
4.902726185544747e-05,0.0
4.91384347848249e-05,0.0
4.9249607714202334e-05,0.0
4.936078064357977e-05,0.0
4.94719535729572e-05,0.0
4.958312650233463e-05,-0.00036214269469500413
4.969429943171206e-05,-0.00197111037445617
4.9805472361089494e-05,-0.0040622785282680195
4.991664529046692e-05,-0.006269249339810094
5.002781821984436e-05,-0.00839192162807588
5.013899114922179e-05,-0.010349975824223936
5.025016407859922e-05,-0.01205398358604297
5.0361337007976655e-05,-0.013498673493045838
5.047250993735408e-05,-0.01468752077821066
5.058368286673152e-05,-0.015662593023943093
5.069485579610895e-05,-0.016323203849370745
5.080602872548638e-05,-0.016759473824751417
5.0917201654863815e-05,-0.01692211074227785
5.102837458424124e-05,-0.01686341204924812
5.113954751361868e-05,-0.016555036562174042
5.1250720442996105e-05,-0.01602186925541491
5.136189337237354e-05,-0.015242004942095705
5.1473066301750975e-05,-0.014256145005603066
5.15842392311284e-05,-0.013070130303142524
5.169541216050584e-05,-0.01165378081176392
5.1806585089883266e-05,-0.010047210244526357
5.19177580192607e-05,-0.008228310531547501
5.202893094863813e-05,-0.006232250692974577
5.214010387801556e-05,-0.004106138024870997
5.2251276807393e-05,-0.0017554495131889617
5.2362449736770426e-05,0.0007365401983542111
5.247362266614786e-05,0.003419772536912112
5.258479559552529e-05,0.006237298246208826
5.269596852490272e-05,0.009210133377638308
5.280714145428016e-05,0.012313507648719963
5.2918314383657586e-05,0.015571969429952245
5.302948731303502e-05,0.018948104864869714
5.314066024241245e-05,0.022460706610099235
5.3251833171789884e-05,0.02608618860069646
5.336300610116731e-05,0.02984233973976791
5.3474179030544746e-05,0.03367356608060422
5.358535195992218e-05,0.03756509779232334
5.369652488929961e-05,0.04158571249913999
5.3807697818677044e-05,0.045683116580051045
5.391887074805447e-05,0.04991535859770058
5.4030043677431907e-05,0.05422062815983758
5.4141216606809334e-05,0.0585598194370613
5.425238953618677e-05,0.06298057422652956
5.4363562465564204e-05,0.06747124728215118
5.447473539494163e-05,0.07201117500990104
5.458590832431907e-05,0.07661435750427038
5.4697081253696495e-05,0.08123708070306444
5.480825418307393e-05,0.0858923353938452
5.4919427112451364e-05,0.09055929531801049
5.503060004182879e-05,0.0952769069023163
5.514177297120623e-05,0.10002682588520431
5.5252945900583655e-05,0.10474739031730614
5.536411882996109e-05,0.10947277980427175
5.547529175933852e-05,0.11422342946647529
5.558646468871595e-05,0.11889982999430487
5.569763761809339e-05,0.12356824939678152
5.5808810547470815e-05,0.12821417641599772
5.591998347684825e-05,0.13282753831675878
5.603115640622568e-05,0.13740715359204897
5.614232933560311e-05,0.1419549125023758
5.625350226498055e-05,0.1464565719413681
5.6364675194357975e-05,0.15088425747865722
5.647584812373541e-05,0.15528057808421852
5.658702105311284e-05,0.15955896089433813
5.669819398249027e-05,0.16377729217360706
5.68093669118677e-05,0.16792097793922964
5.6920539841245135e-05,0.1719848370050954
5.703171277062257e-05,0.17595415145380242
5.71428857e-05,0.1798089336628932
5.725405862937743e-05,0.18360311440639082
5.736523155875486e-05,0.18726778467668742
5.7476404488132296e-05,0.1907996682701782
5.7587577417509724e-05,0.19424378905626846
5.769875034688716e-05,0.19754514317130703
5.780992327626459e-05,0.20071094109210236
5.792109620564202e-05,0.20370728809263985
5.8032269135019456e-05,0.2065732631290512
5.8143442064396884e-05,0.2093138778618081
5.825461499377432e-05,0.2118853351012679
5.836578792315175e-05,0.21426476486414875
5.847696085252918e-05,0.21648436636903542
5.8588133781906616e-05,0.21853459814349052
5.8699306711284044e-05,0.22041378712534407
5.881047964066148e-05,0.2220932937948015
5.892165257003891e-05,0.223603467245689
5.903282549941634e-05,0.22488762645390045
5.9143998428793776e-05,0.22598075524172168
5.9255171358171204e-05,0.22684087941625686
5.936634428754864e-05,0.22748375433435541
5.947751721692607e-05,0.22788056759693653
5.95886901463035e-05,0.2280797626477635
5.9699863075680936e-05,0.22804160861255987
5.9811036005058364e-05,0.22776098077599038
5.99222089344358e-05,0.22720459070451632
6.003338186381323e-05,0.22638455496612242
6.014455479319066e-05,0.2253064385040985
6.025572772256809e-05,0.2239433268214781
6.0366900651945525e-05,0.2223072931266487
6.047807358132296e-05,0.22041144253149855
6.058924651070039e-05,0.21824101421616032
6.070041944007782e-05,0.21575750115857018
6.081159236945525e-05,0.21337870493524091
6.0922765298832685e-05,0.2121377774033316
6.103393822821011e-05,0.21146628348397392
6.114511115758755e-05,0.21111463384550086
6.125628408696498e-05,0.2109416061260163
6.136745701634241e-05,0.21087375145256138
6.147862994571984e-05,0.21079671835444466
6.158980287509728e-05,0.21076434577655234
6.170097580447471e-05,0.2107244272974278
6.181214873385214e-05,0.21072895339155703
6.192332166322958e-05,0.21066481557415595
6.2034494592607e-05,0.21065192862686083
6.214566752198443e-05,0.21061883751088334
6.225684045136186e-05,0.21060870541425566
6.23680133807393e-05,0.21059549197150595
6.247918631011673e-05,0.21055330784430276
6.259035923949416e-05,0.21053593832540063
6.27015321688716e-05,0.21049556846278464
6.281270509824903e-05,0.21046212652403273
6.292387802762646e-05,0.2104355714075553
6.303505095700388e-05,0.21042265768851043
6.314622388638133e-05,0.21038437293949414
6.325739681575875e-05,0.21034648175744616
6.336856974513618e-05,0.21040229367684582
6.347974267451362e-05,0.21035676269354317
6.359091560389105e-05,0.21035436363498572
6.370208853326848e-05,0.21035535949402515
6.381326146264591e-05,0.21036077579654267
6.392443439202335e-05,0.2103668530878545
6.403560732140078e-05,0.21035536152335768
6.41467802507782e-05,0.21035618360723268
6.425795318015565e-05,0.21038039431033542
6.436912610953307e-05,0.2103893970055318
6.44802990389105e-05,0.21041008768247174
6.459147196828794e-05,0.21039411316681622
6.470264489766537e-05,0.21040491249440058
6.48138178270428e-05,0.210456594682931
6.492499075642023e-05,0.21048952254435666
6.503616368579767e-05,0.21055457418501491
6.51473366151751e-05,0.21056783971790233
6.525850954455252e-05,0.21057887125088715
6.536968247392997e-05,0.21062516438805187
6.54808554033074e-05,0.2106492756544384
6.559202833268482e-05,0.2106358121573119
6.570320126206225e-05,0.21062578448088282
6.581437419143969e-05,0.21061514125768444
6.592554712081712e-05,0.2106083646007192
6.603672005019455e-05,0.2106033804794485
6.614789297957199e-05,0.21059200961160113
6.625906590894942e-05,0.21058769328375554
6.637023883832685e-05,0.21052952336847183
6.648141176770427e-05,0.21051090784701904
6.659258469708171e-05,0.21050561027560877
6.670375762645914e-05,0.21045737635475187
6.681493055583657e-05,0.21042339914510677
6.692610348521401e-05,0.21040420449539082
6.703727641459144e-05,0.2104110300459634
6.714844934396887e-05,0.21043084504229434
6.72596222733463e-05,0.2104400297570748
6.737079520272374e-05,0.21046142554889857
6.748196813210117e-05,0.21042595451306284
6.75931410614786e-05,0.21043837718075312
6.770431399085604e-05,0.21044807692465772
6.781548692023346e-05,0.21048183304705465
6.792665984961089e-05,0.2104960327963157
6.803783277898833e-05,0.21052947673616168
6.814900570836576e-05,0.21054373680747066
6.826017863774319e-05,0.210595939990118
6.837135156712062e-05,0.21065246435969937
6.848252449649806e-05,0.2106621643084056
6.859369742587549e-05,0.21067901841359313
6.870487035525291e-05,0.21070901776384243
6.881604328463036e-05,0.2106953202793763
6.892721621400778e-05,0.21068780397910536
6.903838914338521e-05,0.21070961687701695
6.914956207276264e-05,0.2107239590996084
6.926073500214008e-05,0.21073117211761594
6.937190793151751e-05,0.21072869712997774
6.948308086089494e-05,0.21078834171817876
6.959425379027238e-05,0.2107888161765962
6.97054267196498e-05,0.21082618367573294
6.981659964902723e-05,0.21085747480232336
6.992777257840466e-05,0.21088289661889775
7.00389455077821e-05,0.2108942747511368
7.015011843715953e-05,0.2109006104873623
7.026129136653696e-05,0.2109007680639491
7.03724642959144e-05,0.2108841575516623
7.048363722529183e-05,0.21086943991262858
7.059481015466926e-05,0.2108719657956694
7.070598308404669e-05,0.21089368558870414
7.081715601342413e-05,0.21088203817839452
7.092832894280155e-05,0.21085930942511352
7.103950187217898e-05,0.21085677612940706
7.115067480155642e-05,0.21087345269726557
7.126184773093385e-05,0.21088099598521826
7.137302066031128e-05,0.21091269934316584
7.148419358968871e-05,0.2109266840172098
7.159536651906615e-05,0.21096213665724464
7.170653944844358e-05,0.21097120885252912
7.1817712377821e-05,0.21099258239070234
7.192888530719845e-05,0.21098532089045005
7.204005823657588e-05,0.2109620559849508
7.21512311659533e-05,0.21097938392866097
7.226240409533074e-05,0.2109934028581012
7.237357702470817e-05,0.2110273560112703
7.24847499540856e-05,0.21103380998929674
7.259592288346303e-05,0.21099645632497108
7.270709581284047e-05,0.2110025365547954
7.28182687422179e-05,0.21098380710783965
7.292944167159533e-05,0.2109864922019813
7.304061460097277e-05,0.21103207952177536
7.31517875303502e-05,0.21107047148089975
7.326296045972762e-05,0.21111506374980504
7.337413338910505e-05,0.21112378196952522
7.348530631848249e-05,0.21112837138142082
7.359647924785992e-05,0.21112535955202238
7.370765217723735e-05,0.211184244526195
7.381882510661479e-05,0.2112204537619277
7.392999803599222e-05,0.21129074403990306
7.404117096536965e-05,0.21133291389370343
7.415234389474707e-05,0.2113712302515633
7.426351682412452e-05,0.21139301286666645
7.437468975350194e-05,0.21145501013840434
7.448586268287937e-05,0.21148319094075907
7.459703561225681e-05,0.21152092100663306
7.470820854163424e-05,0.21154345244264802
7.481938147101167e-05,0.21158807383118186
7.49305544003891e-05,0.2115985204789287
7.504172732976654e-05,0.21163279672364113
7.515290025914397e-05,0.21164149984571046
7.52640731885214e-05,0.21169709628251757
7.537524611789884e-05,0.21172564588571152
7.548641904727626e-05,0.2116928736707664
7.559759197665369e-05,0.21165026436019316
7.570876490603113e-05,0.21164914928740775
7.581993783540856e-05,0.2116234377006039
7.593111076478599e-05,0.2116336411298492
7.604228369416342e-05,0.21163284527735463
7.615345662354086e-05,0.2116538649657072
7.626462955291829e-05,0.21165610795890588
7.637580248229572e-05,0.21163578077823686
7.648697541167316e-05,0.21162293701682494
7.659814834105058e-05,0.21160450196910613
7.670932127042801e-05,0.21160721187598275
7.682049419980544e-05,0.21165714423297738
7.693166712918288e-05,0.21169151434392702
7.704284005856031e-05,0.21170253643355624
7.715401298793774e-05,0.21173532449527382
7.726518591731518e-05,0.2117471693913629
7.737635884669261e-05,0.2117895414021041
7.748753177607004e-05,0.21180628740416554
7.759870470544746e-05,0.2118612188651463
7.77098776348249e-05,0.21188391081623437
7.782105056420233e-05,0.21191399092846114
7.793222349357976e-05,0.21194077352541452
7.80433964229572e-05,0.21202548075213232
7.815456935233463e-05,0.2121019791426184
7.826574228171206e-05,0.2121581350830351
7.837691521108949e-05,0.21216176593119399
7.848808814046693e-05,0.21219016042024522
7.859926106984436e-05,0.21216120456080467
7.871043399922178e-05,0.21220082343235447
7.882160692859923e-05,0.21223060221493076
7.893277985797665e-05,0.21222284023678825
7.904395278735408e-05,0.2122578775385384
7.915512571673152e-05,0.2122711924363354
7.926629864610895e-05,0.21227004894060386
7.937747157548638e-05,0.21229251974197244
7.948864450486381e-05,0.21226366281174158
7.959981743424125e-05,0.21224777845818027
7.971099036361868e-05,0.2122091232523676
7.98221632929961e-05,0.21214181178341582
7.993333622237355e-05,0.21216420779992204
8.004450915175097e-05,0.21217892042754416
8.01556820811284e-05,0.21221536589044723
8.026685501050583e-05,0.21222566878502894
8.037802793988327e-05,0.21227783317703203
8.04892008692607e-05,0.21230451967976105
8.060037379863813e-05,0.21233037295270246
8.071154672801557e-05,0.21230338017921893
8.0822719657393e-05,0.21235949614549957
8.093389258677043e-05,0.21236086080332334
8.104506551614785e-05,0.21238180143253327
8.11562384455253e-05,0.21237451579255523
8.126741137490272e-05,0.21240139323702842
8.137858430428015e-05,0.21241357517736678
8.148975723365759e-05,0.21241130237108088
8.160093016303502e-05,0.21239693485646002
8.171210309241245e-05,0.21243389148889777
8.182327602178988e-05,0.212439221698396
8.193444895116732e-05,0.21246122628326178
8.204562188054475e-05,0.21248859630778436
8.215679480992217e-05,0.21249685564351872
8.226796773929961e-05,0.21250109654103005
8.237914066867704e-05,0.2124974401233295
8.249031359805447e-05,0.2124911218229326
8.26014865274319e-05,0.2124504228674138
8.271265945680934e-05,0.2124555688105164
8.282383238618677e-05,0.21242295444017037
8.29350053155642e-05,0.21240869206721638
8.304617824494164e-05,0.21234380571017952
8.315735117431907e-05,0.21234715426284687
8.32685241036965e-05,0.2123857176926837
8.337969703307394e-05,0.2123659110557798
8.349086996245136e-05,0.2123658016980076
8.360204289182879e-05,0.21230956234847326
8.371321582120622e-05,0.2122647789248401
8.382438875058366e-05,0.2122738885328751
8.393556167996109e-05,0.2122638756197994
8.404673460933852e-05,0.21224100003958915
8.415790753871596e-05,0.21221653328172965
8.426908046809339e-05,0.21218589434071627
8.438025339747081e-05,0.21221510629835383
8.449142632684824e-05,0.2122105917144504
8.460259925622568e-05,0.2121865268968587
8.471377218560311e-05,0.21218166152026688
8.482494511498054e-05,0.21220484823880764
8.493611804435798e-05,0.21219966631168327
8.504729097373541e-05,0.21217350225686887
8.515846390311284e-05,0.21216289296178306
8.526963683249027e-05,0.21217323423599616
8.53808097618677e-05,0.21219533833113946
8.549198269124513e-05,0.21216548406443628
8.560315562062256e-05,0.2121241093405981
8.571432855e-05,0.2121401295835768
8.582550147937743e-05,0.21208765897335802
8.593667440875486e-05,0.21207527363027556
8.604784733813229e-05,0.21203650000211868
8.615902026750973e-05,0.21199603116263957
8.627019319688716e-05,0.21197085327069048
8.638136612626459e-05,0.2119518791259292
8.649253905564203e-05,0.2119030879563754
8.660371198501945e-05,0.21184113023196277
8.671488491439688e-05,0.21183065758763686
8.682605784377432e-05,0.21180785301512217
8.693723077315175e-05,0.21178695415036397
8.704840370252918e-05,0.2117959431417801
8.715957663190661e-05,0.21178558283073382
8.727074956128405e-05,0.21182360868359223
8.738192249066148e-05,0.21178029911181137
8.74930954200389e-05,0.21176328549494897
8.760426834941635e-05,0.2117485449287637
8.771544127879378e-05,0.21177411764602663
8.78266142081712e-05,0.21175874495184208
8.793778713754863e-05,0.21175779931443386
8.804896006692607e-05,0.2116875181452481
8.81601329963035e-05,0.21164822927027663
8.827130592568093e-05,0.2116200859617093
8.838247885505837e-05,0.21159064771056363
8.84936517844358e-05,0.2115604346772233
8.860482471381323e-05,0.2115521240386418
8.871599764319065e-05,0.21152034817030668
8.88271705725681e-05,0.21148990990020916
8.893834350194552e-05,0.21148427182994903
8.904951643132295e-05,0.211474399146679
8.91606893607004e-05,0.2114148766093487
8.927186229007782e-05,0.21137534266779803
8.938303521945525e-05,0.21132375899862252
8.949420814883268e-05,0.2112757315637302
8.960538107821012e-05,0.21120997819527687
8.971655400758755e-05,0.21115649410740098
8.982772693696497e-05,0.21113535528158706
8.993889986634242e-05,0.21112576618758722
9.005007279571984e-05,0.21110140485555962
9.016124572509727e-05,0.21108739699833623
9.027241865447471e-05,0.21107990680185795
9.038359158385214e-05,0.21107374271796497
9.049476451322957e-05,0.21108140259999297
9.0605937442607e-05,0.21105986514961453
9.071711037198444e-05,0.211063396616181
9.082828330136187e-05,0.21109201209154374
9.09394562307393e-05,0.21112623066470532
9.105062916011674e-05,0.21122408967262177
9.116180208949416e-05,0.21121349419221896
9.127297501887159e-05,0.2112308154614567
9.138414794824902e-05,0.21121024261700266
9.149532087762646e-05,0.21117572450386435
9.160649380700389e-05,0.21115518327088517
9.171766673638132e-05,0.21116290752052508
9.182883966575876e-05,0.21117604582889987
9.194001259513619e-05,0.21113986413081853
9.205118552451362e-05,0.21111514944273846
9.216235845389104e-05,0.21105595084523848
9.227353138326848e-05,0.21104523454347873
9.238470431264591e-05,0.21101214103473384
9.249587724202334e-05,0.21097663091735577
9.260705017140078e-05,0.21094254508043495
9.271822310077821e-05,0.21089897542414224
9.282939603015564e-05,0.21085781346265994
9.294056895953307e-05,0.21079638407291118
9.305174188891051e-05,0.21074895948305566
9.316291481828794e-05,0.21070027674444727
9.327408774766536e-05,0.21064121084391033
9.33852606770428e-05,0.21061700815772888
9.349643360642023e-05,0.21054337632146863
9.360760653579766e-05,0.2105193262707688
9.37187794651751e-05,0.21047300164797172
9.382995239455253e-05,0.21045238103533578
9.394112532392996e-05,0.21045718837985172
9.405229825330739e-05,0.21044312753420072
9.416347118268483e-05,0.21045485102259825
9.427464411206226e-05,0.21048654116108184
9.438581704143968e-05,0.21047378047747448
9.449698997081713e-05,0.21044925298132447
9.460816290019455e-05,0.210466723633852
9.471933582957198e-05,0.21046704635286256
9.483050875894941e-05,0.21050145060836356
9.494168168832685e-05,0.21051258464371733
9.505285461770428e-05,0.21056707852954926
9.516402754708171e-05,0.2105653014811041
9.527520047645915e-05,0.21063047673363655
9.538637340583658e-05,0.2106886367903917
9.5497546335214e-05,0.21070732021023886
9.560871926459143e-05,0.21068509251080692
9.571989219396887e-05,0.21066017919102625
9.58310651233463e-05,0.21068288849677666
9.594223805272373e-05,0.2106813111896864
9.605341098210117e-05,0.21068120302963816
9.61645839114786e-05,0.21069889846909104
9.627575684085603e-05,0.21071077114341208
9.638692977023346e-05,0.21070580246424098
9.64981026996109e-05,0.2106935836349864
9.660927562898833e-05,0.21067692669454877
9.672044855836575e-05,0.2106790506582576
9.68316214877432e-05,0.21065958415886796
9.694279441712062e-05,0.2106405608693221
9.705396734649805e-05,0.21062838377343676
9.716514027587548e-05,0.21064736773420803
9.727631320525292e-05,0.2106706657311243
9.738748613463035e-05,0.21069491003894203
9.749865906400778e-05,0.21067165749727768
9.760983199338522e-05,0.21069844594905118
9.772100492276265e-05,0.21071756577774364
9.783217785214007e-05,0.21072537723143198
9.794335078151751e-05,0.21072868583081203
9.805452371089494e-05,0.21078491674723743
9.816569664027237e-05,0.21077691698041487
9.82768695696498e-05,0.21079089463117628
9.838804249902724e-05,0.21078780302302552
9.849921542840467e-05,0.2107645579380374
9.86103883577821e-05,0.21079138074055084
9.872156128715954e-05,0.2108071724842273
9.883273421653697e-05,0.21083554401102608
9.89439071459144e-05,0.21081284187649313
9.905508007529182e-05,0.21085531027970014
9.916625300466926e-05,0.2108801801104895
9.927742593404669e-05,0.21091820113977205
9.938859886342412e-05,0.21093533196511172
9.949977179280156e-05,0.2109512408813167
9.961094472217899e-05,0.21095264017747245
9.972211765155642e-05,0.2109623113676436
9.983329058093384e-05,0.21097101705672114
9.994446351031129e-05,0.21096111527953015
0.00010005563643968871,0.21099360152797564
0.00010016680936906614,0.21100808392357037
0.00010027798229844358,0.210967844717418
0.00010038915522782101,0.21101732402136547
0.00010050032815719844,0.21101733003906348
0.00010061150108657587,0.21100429231370585
0.00010072267401595331,0.21101248718696244
0.00010083384694533074,0.21107515237206445
0.00010094501987470817,0.2110859271780894
0.0001010561928040856,0.21111765088953444
0.00010116736573346303,0.21110163818066602
0.00010127853866284046,0.21111731944094986
0.0001013897115922179,0.2110949675733891
0.00010150088452159533,0.2110646735457705
0.00010161205745097276,0.2110694849739018
0.00010172323038035019,0.2110377455089958
0.00010183440330972763,0.21103847425493905
0.00010194557623910506,0.21104601740408865
0.00010205674916848249,0.2109670954791444
0.00010216792209785993,0.21095496219101967
0.00010227909502723736,0.21087461459435822
0.00010239026795661478,0.21087362276711746
0.00010250144088599221,0.21083144340302012
0.00010261261381536965,0.21079475326104496
0.00010272378674474708,0.21082303108366804
0.00010283495967412451,0.2108165823216346
0.00010294613260350195,0.21076932306304152
0.00010305730553287938,0.21075730885712157
0.0001031684784622568,0.21073814668358332
0.00010327965139163423,0.21072646029489767
0.00010339082432101168,0.2107562862404942
0.0001035019972503891,0.21070902378048584
0.00010361317017976653,0.210688536065029
0.00010372434310914397,0.21065805653865083
0.0001038355160385214,0.21062028815306114
0.00010394668896789883,0.2106274139314479
0.00010405786189727626,0.21063061093055244
0.0001041690348266537,0.21063739965770645
0.00010428020775603113,0.21064853436185899
0.00010439138068540855,0.2106477063883545
0.000104502553614786,0.210631250971999
0.00010461372654416342,0.21064432996997287
0.00010472489947354085,0.21067459913349243
0.0001048360724029183,0.21064224361571368
0.00010494724533229572,0.21067366690862493
0.00010505841826167315,0.2106692665220328
0.00010516959119105058,0.21069645353874153
0.00010528076412042802,0.21073496537790767
0.00010539193704980545,0.2107268812400994
0.00010550310997918287,0.21069666023324457
0.00010561428290856032,0.21069309045226614
0.00010572545583793774,0.21064908218612816
0.00010583662876731517,0.21062509402392043
0.0001059478016966926,0.2105801553918612
0.00010605897462607004,0.2105439954722329
0.00010617014755544747,0.2105330865903361
0.0001062813204848249,0.21045585937376773
0.00010639249341420234,0.21046639095605627
0.00010650366634357977,0.21043416414616606
0.0001066148392729572,0.21042131056150587
0.00010672601220233462,0.21038594683684247
0.00010683718513171206,0.210343306367494
0.00010694835806108949,0.21035748187167663
0.00010705953099046692,0.2103355150563927
0.00010717070391984436,0.21035321019516823
0.00010728187684922179,0.21037621409777993
0.00010739304977859922,0.2103523867626745
0.00010750422270797665,0.2103256148285151
0.00010761539563735409,0.21029706771231194
0.00010772656856673152,0.2103232225735687
0.00010783774149610894,0.21030378633147795
0.00010794891442548639,0.21034871615732495
0.00010806008735486381,0.21035735225550792
0.00010817126028424124,0.2103964829542471
0.00010828243321361867,0.21042494035294587
0.00010839360614299611,0.21045615902270412
0.00010850477907237354,0.2104380825473806
0.00010861595200175097,0.21045771866459737
0.00010872712493112841,0.21047651378214446
0.00010883829786050584,0.21046318188238455
0.00010894947078988326,0.21046323464074415
0.0001090606437192607,0.21046757031887797
0.00010917181664863813,0.2104774630931805
0.00010928298957801556,0.2104872289639267
0.00010939416250739299,0.2105245018635893
0.00010950533543677043,0.21051695008865226
0.00010961650836614786,0.21055842848947764
0.00010972768129552529,0.21058382365625408
0.00010983885422490273,0.21061043192371784
0.00010995002715428016,0.21060957702918845
0.00011006120008365758,0.21060800568198848
0.00011017237301303501,0.21061339731700324
0.00011028354594241245,0.21062903834526123
0.00011039471887178988,0.21058276629397943
0.00011050589180116731,0.21060340827226828
0.00011061706473054475,0.21061218733863157
0.00011072823765992218,0.2106227687849728
0.00011083941058929961,0.21062079892083171
0.00011095058351867704,0.21068813535852896
0.00011106175644805448,0.21069594483257573
0.0001111729293774319,0.21071699216007225
0.00011128410230680933,0.21067995004539075
0.00011139527523618677,0.21067341849630516
0.0001115064481655642,0.21070215626254457
0.00011161762109494163,0.21069634039701055
0.00011172879402431906,0.21067965359953397
0.0001118399669536965,0.2107013735743377
0.00011195113988307393,0.21065055873672509
0.00011206231281245136,0.2106405492739474
0.0001121734857418288,0.21062764947521717
0.00011228465867120623,0.2106248380353871
0.00011239583160058365,0.21068433170430736
0.0001125070045299611,0.21064697154886386
0.00011261817745933852,0.21066115560499288
0.00011272935038871595,0.2106590249637036
0.00011284052331809338,0.2106259243242069
0.00011295169624747082,0.21065435723989925
0.00011306286917684825,0.210629894346747
0.00011317404210622568,0.21062060807138422
0.00011328521503560312,0.21067182165690326
0.00011339638796498055,0.21065985619255495
0.00011350756089435797,0.21068059364045186
0.0001136187338237354,0.21066830628812525
0.00011372990675311284,0.21074175399484207
0.00011384107968249027,0.2107909107357897
0.0001139522526118677,0.2107946226336349
0.00011406342554124514,0.21078631829787825
0.00011417459847062257,0.21082032940353138
0.0001142857714,0.21078739164850596
0.00011439694432937742,0.21079163073524723
0.00011450811725875487,0.2107731962114393
0.0001146192901881323,0.21078032306314837
0.00011473046311750972,0.2107665141264477
0.00011484163604688716,0.21075402819133357
0.00011495280897626459,0.21072823823211426
0.00011506398190564202,0.21072272195035513
0.00011517515483501945,0.2106867671611893
0.00011528632776439689,0.21071550542909892
0.00011539750069377432,0.2106864022495471
0.00011550867362315174,0.21071520861138746
0.00011561984655252919,0.21074095912668492
0.00011573101948190661,0.21075154938952947
0.00011584219241128404,0.21075174243088113
0.00011595336534066148,0.21076094748147622
0.00011606453827003891,0.21076726543929922
0.00011617571119941634,0.21078251708872286
0.00011628688412879377,0.21078359944031524
0.00011639805705817121,0.21077319679281456
0.00011650922998754864,0.21074123473151493
0.00011662040291692607,0.21073064527677274
0.0001167315758463035,0.21073286600118843
0.00011684274877568093,0.2107413193539547
0.00011695392170505836,0.21077494283496231
0.00011706509463443579,0.2108078171916118
0.00011717626756381323,0.2108260410030993
0.00011728744049319066,0.2108725051939222
0.00011739861342256809,0.21093185895980546
0.00011750978635194553,0.2109379199987526
0.00011762095928132296,0.2110196364374174
0.00011773213221070039,0.21101700871409593
0.00011784330514007781,0.2110157612972004
0.00011795447806945526,0.21106279146795415
0.00011806565099883268,0.2111021604384678
0.00011817682392821011,0.211097608793532
0.00011828799685758755,0.21116281356997543
0.00011839916978696498,0.21116602371748203
0.00011851034271634241,0.2111849086739363
0.00011862151564571984,0.21124116118712916
0.00011873268857509728,0.21130388730904884
0.0001188438615044747,0.21135699731557805
0.00011895503443385213,0.21140370319237511
0.00011906620736322958,0.21141612069072058
0.000119177380292607,0.21146144097808764
0.00011928855322198443,0.21151359085095675
0.00011939972615136187,0.21153550058593865
0.0001195108990807393,0.21155428849187383
0.00011962207201011673,0.21155043816503588
0.00011973324493949416,0.21161549833139628
0.0001198444178688716,0.21161629002753968
0.00011995559079824903,0.2116401840743001
0.00012006676372762645,0.21167853414019944
0.0001201779366570039,0.21170430139235563
0.00012028910958638132,0.21175605081365836
0.00012040028251575875,0.2117976943557414
0.00012051145544513618,0.2118216332034344
0.00012062262837451362,0.21187630913656774
0.00012073380130389105,0.2119205286765982
0.00012084497423326848,0.21194248300858087
0.00012095614716264592,0.2119614856586664
0.00012106732009202335,0.211973291284877
0.00012117849302140077,0.21199758926903806
0.0001212896659507782,0.21202168774970132
0.00012140083888015564,0.21203792818971046
0.00012151201180953307,0.21200615525951524
0.0001216231847389105,0.21202997286922598
0.00012173435766828794,0.2120207319645472
0.00012184553059766537,0.21201006274221199
0.0001219567035270428,0.21202480250813546
0.00012206787645642023,0.21202987287185565
0.00012217904938579765,0.21202449609862856
0.0001222902223151751,0.21202005252624068
0.00012240139524455254,0.21205238969659568
0.00012251256817392996,0.21205189528331003
0.0001226237411033074,0.212058929897528
0.00012273491403268482,0.21205882100907195
0.00012284608696206225,0.21207673233016455
0.00012295725989143968,0.21209704733122553
0.00012306843282081713,0.21211522151792678
0.00012317960575019456,0.212134664831893
0.000123290778679572,0.21210275866798395
0.00012340195160894942,0.21214441132560388
0.00012351312453832684,0.2121447558759882
0.00012362429746770427,0.21208850317526282
0.0001237354703970817,0.21211522647954703
0.00012384664332645915,0.21213487171353856
0.00012395781625583658,0.2121489054614848
0.000124068989185214,0.21219734392603018
0.00012418016211459144,0.21217209956003308
0.00012429133504396887,0.21217907523428453
0.0001244025079733463,0.21216312727395795
0.00012451368090272372,0.21212496002598977
0.00012462485383210118,0.21212200010688353
0.0001247360267614786,0.21216040052369126
0.00012484719969085603,0.21213839252902028
0.00012495837262023346,0.21206596865893254
0.0001250695455496109,0.2120233527191819
0.00012518071847898832,0.21198652557381045
0.00012529189140836575,0.21197081074284485
0.0001254030643377432,0.21196135396243146
0.00012551423726712063,0.21195149604127417
0.00012562541019649806,0.21197178099330635
0.00012573658312587548,0.21196655371730688
0.0001258477560552529,0.21193945167739797
0.00012595892898463034,0.2119410942553247
0.00012607010191400777,0.21194919650493138
0.00012618127484338522,0.21196389773149346
0.00012629244777276265,0.21196114656432766
0.00012640362070214008,0.21202340178903314
0.0001265147936315175,0.2120184264287683
0.00012662596656089494,0.21205013007052614
0.00012673713949027236,0.21201457306495425
0.0001268483124196498,0.2120076495616095
0.00012695948534902725,0.21201916426873338
0.00012707065827840467,0.21201153035906625
0.0001271818312077821,0.21201436056725487
0.00012729300413715953,0.21207550852765056
0.00012740417706653696,0.21212217515659776
0.00012751534999591439,0.21215534889040966
0.00012762652292529181,0.21211202151406267
0.00012773769585466927,0.21214381063144785
0.0001278488687840467,0.21218265404055045
0.00012796004171342413,0.2122192965627649
0.00012807121464280155,0.2122123509039355
0.00012818238757217898,0.21223945933225394
0.0001282935605015564,0.2122385595603075
0.00012840473343093384,0.21229964147126554
0.0001285159063603113,0.21233954895690663
0.00012862707928968872,0.21231499902739168
0.00012873825221906615,0.2123805861066758
0.00012884942514844358,0.21235831779790995
0.000128960598077821,0.21237877408565548
0.00012907177100719843,0.21241789089645344
0.0001291829439365759,0.21242766355902287
0.00012929411686595332,0.21248458745248455
0.00012940528979533074,0.21254029277519162
0.00012951646272470817,0.2125323581107761
0.0001296276356540856,0.21256498464458523
0.00012973880858346303,0.21260571598603017
0.00012984998151284045,0.21260806472724017
0.0001299611544422179,0.21259090045840828
0.00013007232737159534,0.21262399993649903
0.00013018350030097277,0.21262713166624106
0.0001302946732303502,0.21268113889425677
0.00013040584615972762,0.212674713025533
0.00013051701908910505,0.2126917920777395
0.00013062819201848248,0.21269183347264775
0.00013073936494785993,0.2126947102419201
0.00013085053787723736,0.21269705130723338
0.0001309617108066148,0.2126862633626579
0.00013107288373599222,0.21269244585192967
0.00013118405666536964,0.21272339468670196
0.00013129522959474707,0.21273305067629134
0.0001314064025241245,0.21278948359809982
0.00013151757545350196,0.21275544229778134
0.00013162874838287938,0.21275630404755785
0.0001317399213122568,0.2127394050832993
0.00013185109424163424,0.21265983295249774
0.00013196226717101167,0.21265691433947592
0.0001320734401003891,0.2126487280787747
0.00013218461302976652,0.21263643095198567
0.00013229578595914398,0.2126108534653043
0.0001324069588885214,0.21262126366562642
0.00013251813181789883,0.21263479965858392
0.00013262930474727626,0.21264075693591614
0.0001327404776766537,0.21267272164736
0.00013285165060603112,0.21270896450218896
0.00013296282353540855,0.21272036376464598
0.000133073996464786,0.21276814563263122
0.00013318516939416343,0.21280867775437246
0.00013329634232354086,0.2128797196860363
0.00013340751525291829,0.21291875184419748
0.00013351868818229571,0.2129602299714309
0.00013362986111167314,0.21298439548582554
0.00013374103404105057,0.21304944734489598
0.00013385220697042802,0.21308309182227106
0.00013396337989980545,0.2131025192056085
0.00013407455282918288,0.21309315290446182
0.0001341857257585603,0.21312175398723857
0.00013429689868793774,0.2131007921410429
0.00013440807161731516,0.213118823214727
0.0001345192445466926,0.2131360575088888
0.00013463041747607005,0.21311304605342168
0.00013474159040544748,0.21311575900965168
0.0001348527633348249,0.21312789818753883
0.00013496393626420233,0.21308018288615002
0.00013507510919357976,0.21305464297281387
0.0001351862821229572,0.21309521120120978
0.00013529745505233462,0.2130495344320978
0.00013540862798171207,0.2130427753965824
0.0001355198009110895,0.21300242276901687
0.00013563097384046693,0.21297520991011165
0.00013574214676984435,0.21297594476911433
0.00013585331969922178,0.2129818510554366
0.0001359644926285992,0.21292831829929437
0.00013607566555797667,0.21292620236995477
0.0001361868384873541,0.21292569324319444
0.00013629801141673152,0.21294670790315648
0.00013640918434610895,0.21295500852893037
0.00013652035727548638,0.21295835820505254
0.0001366315302048638,0.21294625904761366
0.00013674270313424123,0.21294579176978629
0.0001368538760636187,0.21293288114765843
0.00013696504899299612,0.212917972555396
0.00013707622192237354,0.21293520819332262
0.00013718739485175097,0.21295219839471394
0.0001372985677811284,0.21296186194695524
0.00013740974071050583,0.21301438356107477
0.00013752091363988326,0.21301107079114232
0.0001376320865692607,0.21294831058320923
0.00013774325949863814,0.21292661683051217
0.00013785443242801557,0.21291902753859607
0.000137965605357393,0.21292581573182204
0.00013807677828677042,0.21290240596062007
0.00013818795121614785,0.21289111142844733
0.00013829912414552528,0.212880761282539
0.00013841029707490273,0.21288907657028155
0.00013852147000428016,0.21287584602925264
0.0001386326429336576,0.21281780316980806
0.00013874381586303502,0.21279932534127857
0.00013885498879241245,0.2128174026397379
0.00013896616172178987,0.21278574261951524
0.0001390773346511673,0.21275388452501884
0.00013918850758054476,0.21273316445428497
0.00013929968050992219,0.21273382738374655
0.0001394108534392996,0.21270252399158476
0.00013952202636867704,0.2126845441306833
0.00013963319929805447,0.21268052146117805
0.0001397443722274319,0.21263259716885982
0.00013985554515680933,0.2126404948614916
0.00013996671808618678,0.21265344039831136
0.0001400778910155642,0.21261998398302132
0.00014018906394494164,0.21267252903046285
0.00014030023687431906,0.21264301263654228
0.0001404114098036965,0.21262653164845138
0.00014052258273307392,0.21258835004190813
0.00014063375566245135,0.212559170800492
0.0001407449285918288,0.21254657146529993
0.00014085610152120623,0.21256280601029467
0.00014096727445058366,0.212538737493364
0.0001410784473799611,0.21253890146762267
0.00014118962030933851,0.2125328725165931
0.00014130079323871594,0.212521764320869
0.00014141196616809337,0.21251011182320984
0.00014152313909747083,0.21248426184369656
0.00014163431202684825,0.21246190435854612
0.00014174548495622568,0.2124658159281565
0.0001418566578856031,0.2124526083403371
0.00014196783081498054,0.21244391813784141
0.00014207900374435797,0.21243218888911178
0.0001421901766737354,0.21243751326382548
0.00014230134960311285,0.21243732297870116
0.00014241252253249028,0.21241316950635133
0.0001425236954618677,0.21240274415158666
0.00014263486839124513,0.21234458105510162
0.00014274604132062256,0.21235719565139485
0.00014285721425,0.21233233591597492
0.00014296838717937742,0.21234940822495418
0.00014307956010875487,0.21241856110195476
0.0001431907330381323,0.2124633478200364
0.00014330190596750973,0.2124732863337217
0.00014341307889688716,0.21247188172051137
0.00014352425182626458,0.21251356111144315
0.000143635424755642,0.21253889748629606
0.00014374659768501947,0.21253911279297596
0.0001438577706143969,0.21256019080553398
0.00014396894354377432,0.21254787839690284
0.00014408011647315175,0.212582490909492
0.00014419128940252918,0.21260441099691366
0.0001443024623319066,0.21262753621663935
0.00014441363526128403,0.2126134386912423
0.0001445248081906615,0.21262136828797867
0.00014463598112003892,0.21259542513840934
0.00014474715404941635,0.21256057708842785
0.00014485832697879377,0.21251556502034114
0.0001449694999081712,0.21250062684069757
0.00014508067283754863,0.21247716038833706
0.00014519184576692606,0.212494089662959
0.0001453030186963035,0.2124962864015272
0.00014541419162568094,0.21245140106332636
0.00014552536455505837,0.2124314647004596
0.0001456365374844358,0.2123992850821433
0.00014574771041381322,0.21239343270001823
0.00014585888334319065,0.21239800731339922
0.00014597005627256808,0.21237334523658383
0.00014608122920194554,0.21235615508259664
0.00014619240213132296,0.2123796676521384
0.0001463035750607004,0.21237784738514787
0.00014641474799007782,0.21231965955852727
0.00014652592091945525,0.21231548920375823
0.00014663709384883268,0.21230008566596556
0.0001467482667782101,0.21234572041920374
0.00014685943970758756,0.2123508298657375
0.00014697061263696499,0.21234836098050558
0.00014708178556634241,0.21232245489260018
0.00014719295849571984,0.212335938399715
0.00014730413142509727,0.2123619398273656
0.0001474153043544747,0.21236021655930487
0.00014752647728385213,0.21231561658453219
0.00014763765021322958,0.2122947181424381
0.000147748823142607,0.21231709256314724
0.00014785999607198444,0.2123046427272534
0.00014797116900136187,0.21229446944762678
0.0001480823419307393,0.21229061311925315
0.00014819351486011672,0.21231406609453127
0.00014830468778949415,0.21229609602411437
0.0001484158607188716,0.21224969345310768
0.00014852703364824903,0.21219127903736715
0.00014863820657762646,0.21212381776108552
0.0001487493795070039,0.2120948841746433
0.00014886055243638132,0.2121264962370251
0.00014897172536575874,0.21210296426890796
0.00014908289829513617,0.21209007033806893
0.00014919407122451363,0.2121008445617973
0.00014930524415389106,0.2121005102323107
0.00014941641708326848,0.21212743234113787
0.0001495275900126459,0.2121090462774953
0.00014963876294202334,0.21219042186070455
0.00014974993587140077,0.2149196842667137
0.0001498611088007782,0.21760992461334133
0.00014997228173015565,0.22001386997198652
0.00015008345465953308,0.2221133447850917
0.0001501946275889105,0.22394787529721935
0.00015030580051828793,0.2254827151602036
0.00015041697344766536,0.22674091678135216
0.0001505281463770428,0.22774727272234627
0.00015063931930642025,0.22850418396061417
0.00015075049223579767,0.22899019807229004
0.0001508616651651751,0.22919841549681275
0.00015097283809455253,0.2291890437021013
0.00015108401102392996,0.22893578737654016
0.00015119518395330738,0.2284250369592506
0.0001513063568826848,0.22772794476265623
0.00015141752981206227,0.2267503766301338
0.0001515287027414397,0.2256071955994939
0.00015163987567081712,0.22426162541281647
0.00015175104860019455,0.22271458508647632
0.00015186222152957198,0.2209585882446144
0.0001519733944589494,0.21903399442616805
0.00015208456738832684,0.21691041020879315
0.0001521957403177043,0.21459968017379039
0.00015230691324708172,0.21212632247090557
0.00015241808617645915,0.20952072796883048
0.00015252925910583657,0.2067262227162579
0.000152640432035214,0.20378408490588454
0.00015275160496459143,0.20070474777149253
0.00015286277789396886,0.19748777322361505
0.00015297395082334631,0.19411575778658785
0.00015308512375272374,0.19062853791165255
0.00015319629668210117,0.18702552897987554
0.0001533074696114786,0.1833312792437604
0.00015341864254085603,0.1795012864164724
0.00015352981547023345,0.17558892184966202
0.00015364098839961088,0.1715821420688825
0.00015375216132898834,0.1674631550043461
0.00015386333425836576,0.16326504754370583
0.0001539745071877432,0.15899454772834226
0.00015408568011712062,0.15467220457196734
0.00015419685304649805,0.15026701033485854
0.00015430802597587548,0.1457730002622147
0.0001544191989052529,0.14121823486242951
0.00015453037183463036,0.13663776458933719
0.0001546415447640078,0.13203819278883444
0.00015475271769338522,0.12738441485786567
0.00015486389062276264,0.12268263693708747
0.00015497506355214007,0.11798753193971168
0.0001550862364815175,0.11327270097063298
0.00015519740941089493,0.10857890086890162
0.00015530858234027238,0.10382273219428195
0.0001554197552696498,0.09910451733500228
0.00015553092819902724,0.09438311788261843
0.00015564210112840467,0.08969047909109605
0.0001557532740577821,0.08499296852702737
0.00015586444698715952,0.08033445444429697
0.00015597561991653695,0.07574082588231773
0.0001560867928459144,0.07119677517654949
0.00015619796577529183,0.06666301560460067
0.00015630913870466926,0.06219451309216179
0.0001564203116340467,0.0577499191713436
0.00015653148456342412,0.05338199595738508
0.00015664265749280155,0.04911326476865448
0.00015675383042217897,0.044919259001899546
0.00015686500335155643,0.04081474645382148
0.00015697617628093386,0.03678958796512822
0.00015708734921031128,0.03284605828201208
0.0001571985221396887,0.029018695117711577
0.00015730969506906614,0.025297415842503272
0.00015742086799844357,0.02169192985107371
0.000157532040927821,0.01820331256321384
0.00015764321385719845,0.014822327911045232
0.00015775438678657588,0.01158544084101519
0.0001578655597159533,0.008485102688453683
0.00015797673264533074,0.005511522145395121
0.00015808790557470816,0.0027102736077771867
0.0001581990785040856,6.869573677750141e-05
0.00015831025143346305,-0.0024092097645762554
0.00015842142436284047,-0.0047204277715995864
0.0001585325972922179,-0.006873539608872995
0.00015864377022159533,-0.008827781529794566
0.00015875494315097276,-0.010556399185512376
0.00015886611608035019,-0.012112729275888957
0.00015897728900972761,-0.013505601047111479
0.00015908846193910507,-0.01465488424334012
0.0001591996348684825,-0.015598055522338903
0.00015931080779785993,-0.01634611998093728
0.00015942198072723735,-0.01687076188320319
0.00015953315365661478,-0.01715627840242155
0.0001596443265859922,-0.017182697598440745
0.00015975549951536964,-0.01694075036217929
0.0001598666724447471,-0.016472358543364988
0.00015997784537412452,-0.015745867547280353
0.00016008901830350195,-0.014792184941462503
0.00016020019123287938,-0.013533109641746453
0.0001603113641622568,-0.012006927183312161
0.00016042253709163423,-0.01022598918266748
0.00016053371002101166,-0.008144193571797123
0.00016064488295038912,-0.005789190143633615
0.00016075605587976654,-0.003089692709842424
0.00016086722880914397,-0.00021956135968529002
0.0001609784017385214,0.0
0.00016108957466789883,0.0
0.00016120074759727626,0.0
0.00016131192052665368,0.0
0.00016142309345603114,0.0
0.00016153426638540857,0.0
0.000161645439314786,0.0
0.00016175661224416342,0.0
0.00016186778517354085,0.0
0.00016197895810291828,0.0
0.0001620901310322957,0.0
0.00016220130396167316,0.0
0.0001623124768910506,0.0
0.00016242364982042802,0.0
0.00016253482274980544,0.0
0.00016264599567918287,0.0
0.0001627571686085603,0.0
0.00016286834153793773,0.0
0.00016297951446731518,0.0
0.0001630906873966926,0.0
0.00016320186032607004,0.0
0.00016331303325544747,0.0
0.0001634242061848249,0.0
0.00016353537911420232,0.0
0.00016364655204357975,0.0
0.0001637577249729572,0.0
0.00016386889790233463,0.0
0.00016398007083171206,0.0
0.0001640912437610895,0.0
0.00016420241669046692,0.0
0.00016431358961984435,0.0
0.00016442476254922177,0.0
0.00016453593547859923,0.0
0.00016464710840797666,0.0
0.00016475828133735409,0.0
0.00016486945426673151,0.0
0.00016498062719610894,0.0
0.00016509180012548637,0.0
0.0001652029730548638,0.0
0.00016531414598424125,0.0
0.00016542531891361868,0.0
0.0001655364918429961,0.0
0.00016564766477237354,0.0
0.00016575883770175096,0.0
0.0001658700106311284,0.0
0.00016598118356050585,0.0
0.00016609235648988328,0.0
0.0001662035294192607,0.0
0.00016631470234863813,0.0
0.00016642587527801556,0.0
0.000166537048207393,0.0
0.00016664822113677042,0.0
0.00016675939406614787,0.0
0.0001668705669955253,0.0
0.00016698173992490273,0.0
0.00016709291285428015,0.0
0.00016720408578365758,0.0
0.000167315258713035,0.0
0.00016742643164241244,0.0
0.0001675376045717899,0.0
0.00016764877750116732,0.0
0.00016775995043054475,0.0
0.00016787112335992218,0.0
0.0001679822962892996,0.0
0.00016809346921867703,0.0
0.00016820464214805446,0.0
0.00016831581507743192,0.0
0.00016842698800680934,0.0
0.00016853816093618677,0.0
0.0001686493338655642,0.0
0.00016876050679494163,0.0
0.00016887167972431906,0.0
0.00016898285265369648,0.0
0.00016909402558307394,0.0
0.00016920519851245137,0.0
0.0001693163714418288,0.0
0.00016942754437120622,0.0
0.00016953871730058365,0.0
0.00016964989022996108,0.0
0.0001697610631593385,0.0
0.00016987223608871596,0.0
0.0001699834090180934,0.0
0.00017009458194747082,0.0
0.00017020575487684825,0.0
0.00017031692780622567,0.0
0.0001704281007356031,0.0
0.00017053927366498053,0.0
0.00017065044659435799,0.0
0.0001707616195237354,0.0
0.00017087279245311284,0.0
0.00017098396538249027,0.0
0.0001710951383118677,0.0
0.00017120631124124513,0.0
0.00017131748417062255,0.0
0.0001714286571,0.0
0.00017153983002937744,0.0
0.00017165100295875486,0.0
0.0001717621758881323,0.0
0.00017187334881750972,0.0
0.00017198452174688715,0.0
0.00017209569467626458,0.0
0.00017220686760564203,0.0
0.00017231804053501946,0.0
0.0001724292134643969,0.0
0.00017254038639377432,0.0
0.00017265155932315174,0.0
0.00017276273225252917,0.0
0.00017287390518190663,0.0
0.00017298507811128405,0.0
0.00017309625104066148,0.0
0.0001732074239700389,0.0
0.00017331859689941634,0.0
0.00017342976982879377,0.0
0.0001735409427581712,0.0
0.00017365211568754865,0.0
0.00017376328861692608,0.0
0.0001738744615463035,0.0
0.00017398563447568093,0.0
0.00017409680740505836,0.0
0.0001742079803344358,0.0
0.00017431915326381322,0.0
0.00017443032619319067,0.0
0.0001745414991225681,0.0
0.00017465267205194553,0.0
0.00017476384498132296,0.0
0.00017487501791070038,0.0
0.0001749861908400778,0.0
0.00017509736376945524,0.0
0.0001752085366988327,0.0
0.00017531970962821012,0.0
0.00017543088255758755,0.0
0.00017554205548696498,0.0
0.0001756532284163424,0.0
0.00017576440134571983,0.0
0.00017587557427509726,0.0
0.00017598674720447472,0.0
0.00017609792013385215,0.0
0.00017620909306322957,0.0
0.000176320265992607,0.0
0.00017643143892198443,0.0
0.00017654261185136186,0.0
0.00017665378478073929,0.0
0.00017676495771011674,0.0
0.00017687613063949417,0.0
0.0001769873035688716,0.0
0.00017709847649824902,0.0
0.00017720964942762645,0.0
0.00017732082235700388,0.0
0.0001774319952863813,0.0
0.00017754316821575876,0.0
0.0001776543411451362,0.0
0.00017776551407451362,0.0
0.00017787668700389105,0.0
0.00017798785993326848,0.0
0.0001780990328626459,0.0
0.00017821020579202333,0.0
0.0001783213787214008,0.0
0.00017843255165077821,0.0
0.00017854372458015564,0.0
0.00017865489750953307,0.0
0.0001787660704389105,0.0
0.00017887724336828793,0.0
0.00017898841629766535,0.0
0.0001790995892270428,0.0
0.00017921076215642024,0.0
0.00017932193508579767,0.0
0.0001794331080151751,0.0
0.00017954428094455252,0.0
0.00017965545387392995,0.0
0.00017976662680330738,0.0
0.00017987779973268483,0.0
0.00017998897266206226,0.0
0.0001801001455914397,0.0
0.00018021131852081712,0.0
0.00018032249145019454,0.0
0.00018043366437957197,0.0
0.00018054483730894943,0.0
0.00018065601023832686,0.0
0.00018076718316770428,0.0
0.0001808783560970817,0.0
0.00018098952902645914,0.0
0.00018110070195583657,0.0
0.000181211874885214,0.0
0.00018132304781459145,0.0
0.00018143422074396888,0.0
0.0001815453936733463,0.0
0.00018165656660272373,0.0
0.00018176773953210116,0.0
0.0001818789124614786,0.0
0.00018199008539085602,0.0
0.00018210125832023347,0.0
0.0001822124312496109,0.0
0.00018232360417898833,0.0
0.00018243477710836576,0.0
0.00018254595003774319,0.0
0.0001826571229671206,0.0
0.00018276829589649804,0.0
0.0001828794688258755,0.0
0.00018299064175525292,0.0
0.00018310181468463035,0.0
0.00018321298761400778,0.0
0.0001833241605433852,0.0
0.00018343533347276264,0.0
0.00018354650640214006,0.0
0.00018365767933151752,0.0
0.00018376885226089495,0.0
0.00018388002519027238,0.0
0.0001839911981196498,0.0
0.00018410237104902723,0.0
0.00018421354397840466,0.0
0.0001843247169077821,0.0
0.00018443588983715954,0.0
0.00018454706276653697,0.0
0.0001846582356959144,0.0
0.00018476940862529183,0.0
0.00018488058155466925,0.0
0.00018499175448404668,0.0
0.0001851029274134241,0.0
0.00018521410034280156,0.0
0.000185325273272179,0.0
0.00018543644620155642,0.0
0.00018554761913093385,0.0
0.00018565879206031128,0.0
0.0001857699649896887,0.0
0.00018588113791906613,0.0
0.0001859923108484436,0.0
0.00018610348377782102,0.0
0.00018621465670719844,0.0
0.00018632582963657587,0.0
0.0001864370025659533,0.0
0.00018654817549533073,0.0
0.00018665934842470816,0.0
0.0001867705213540856,0.0
0.00018688169428346304,0.0
0.00018699286721284047,0.0
0.0001871040401422179,0.0
0.00018721521307159532,0.0
0.00018732638600097275,0.0
0.0001874375589303502,0.0
0.00018754873185972763,0.0
0.00018765990478910506,0.0
0.0001877710777184825,0.0
0.00018788225064785992,0.0
0.00018799342357723735,0.0
0.00018810459650661477,0.0
0.00018821576943599223,0.0
0.00018832694236536966,0.0
0.00018843811529474708,0.0
0.0001885492882241245,0.0
0.00018866046115350194,0.0
0.00018877163408287937,0.0
0.0001888828070122568,0.0
0.00018899397994163425,0.0
0.00018910515287101168,0.0
0.0001892163258003891,0.0
0.00018932749872976654,0.0
0.00018943867165914396,0.0
0.0001895498445885214,0.0
0.00018966101751789882,0.0
0.00018977219044727627,0.0
0.0001898833633766537,0.0
0.00018999453630603113,0.0
0.00019010570923540856,0.0
0.00019021688216478599,0.0
0.00019032805509416341,0.0
0.00019043922802354084,0.0
0.0001905504009529183,0.0
0.00019066157388229573,0.0
0.00019077274681167315,0.0
0.00019088391974105058,0.0
0.000190995092670428,0.0
0.00019110626559980544,0.0
0.00019121743852918287,0.0
0.00019132861145856032,0.0
0.00019143978438793775,0.0
0.00019155095731731518,0.0
0.0001916621302466926,0.0
0.00019177330317607003,0.0
0.00019188447610544746,0.0
0.0001919956490348249,0.0
0.00019210682196420234,0.0
0.00019221799489357977,0.0
0.0001923291678229572,0.0
0.00019244034075233463,0.0
0.00019255151368171206,0.0
0.00019266268661108948,0.0
0.0001927738595404669,0.0
0.00019288503246984437,0.0
0.0001929962053992218,0.0
0.00019310737832859922,0.0
0.00019321855125797665,0.0
0.00019332972418735408,0.0
0.0001934408971167315,0.0
0.00019355207004610893,0.0
0.0001936632429754864,0.0
0.00019377441590486382,0.0
0.00019388558883424125,0.0
0.00019399676176361867,0.0
0.0001941079346929961,0.0
0.00019421910762237353,0.0
0.00019433028055175096,0.0
0.0001944414534811284,0.0
0.00019455262641050584,0.0
0.00019466379933988327,0.0
0.0001947749722692607,0.0
0.00019488614519863812,0.0
0.00019499731812801555,0.0
0.000195108491057393,0.0
0.00019521966398677043,0.0
0.00019533083691614786,0.0
0.0001954420098455253,0.0
0.00019555318277490272,0.0
0.00019566435570428015,0.0
0.00019577552863365757,0.0
0.00019588670156303503,0.0
0.00019599787449241246,0.0
0.00019610904742178989,0.0
0.00019622022035116731,0.0
0.00019633139328054474,0.0
0.00019644256620992217,0.0
0.0001965537391392996,0.0
0.00019666491206867705,0.0
0.00019677608499805448,0.0
0.0001968872579274319,0.0
0.00019699843085680934,0.0
0.00019710960378618676,0.0
0.0001972207767155642,0.0
0.00019733194964494162,0.0
0.00019744312257431908,0.0
0.0001975542955036965,0.0
0.00019766546843307393,0.0
0.00019777664136245136,0.0
0.0001978878142918288,0.0
0.00019799898722120622,0.0
0.00019811016015058364,0.0
0.0001982213330799611,0.0
0.00019833250600933853,0.0
0.00019844367893871595,0.0
0.00019855485186809338,0.0
0.0001986660247974708,0.0
0.00019877719772684824,0.0
0.00019888837065622567,0.0
0.00019899954358560312,0.0
0.00019911071651498055,0.0
0.00019922188944435798,0.0
0.0001993330623737354,0.0
0.00019944423530311283,0.0
0.00019955540823249026,0.0
0.0001996665811618677,0.0
0.00019977775409124514,0.0
0.00019988892702062257,0.0
0.00020000009995,0.0
