Time,Amplitude
0.0,15.041230380272221
1.111729293774319e-07,15.040641058274755
2.223458587548638e-07,15.040107431919921
3.3351878813229573e-07,15.039628058924865
4.446917175097276e-07,15.039201497006735
5.558646468871596e-07,15.038826303882676
6.670375762645915e-07,15.038501037269837
7.782105056420233e-07,15.038224254885364
8.893834350194552e-07,15.037994514446403
1.0005563643968871e-06,15.037810373670103
1.1117292937743191e-06,15.037670390273608
1.222902223151751e-06,15.037573121974066
1.334075152529183e-06,15.037517126488623
1.4452480819066147e-06,15.037500961534429
1.5564210112840467e-06,15.037523184828627
1.6675939406614785e-06,15.037582354088364
1.7787668700389105e-06,15.03767702703079
1.8899397994163425e-06,15.03780576137305
2.0011127287937743e-06,15.03796711483229
2.112285658171206e-06,15.038159645125658
2.2234585875486383e-06,15.0383819099703
2.33463151692607e-06,15.038632467083362
2.445804446303502e-06,15.038909874181993
2.5569773756809336e-06,15.039212688983339
2.668150305058366e-06,15.039539469204545
2.7793232344357976e-06,15.03988877256276
2.8904961638132294e-06,15.04025915677513
3.0016690931906616e-06,15.040649179558804
3.1128420225680934e-06,15.041057398630924
3.224014951945525e-06,15.041482371708641
3.335187881322957e-06,15.041922656509099
3.446360810700389e-06,15.042376810749447
3.557533740077821e-06,15.042843392146832
3.6687066694552528e-06,15.043320958418397
3.779879598832685e-06,15.043808067281294
3.891052528210116e-06,15.044303276452666
4.0022254575875485e-06,15.044805143649661
4.113398386964981e-06,15.045312226589425
4.224571316342412e-06,15.045823082989108
4.335744245719844e-06,15.046336270565854
4.4469171750972765e-06,15.04685034703681
4.558090104474708e-06,15.047363870119122
4.66926303385214e-06,15.047875397529939
4.780435963229572e-06,15.048383486986408
4.891608892607004e-06,15.048886696205672
5.002781821984436e-06,15.049383582904882
5.113954751361867e-06,15.049872704801183
5.2251276807392995e-06,15.05035261961172
5.336300610116732e-06,15.050821885053644
5.447473539494163e-06,15.051279058844099
5.558646468871595e-06,15.051722698698093
5.6698193982490274e-06,15.051603334615914
5.780992327626459e-06,15.051657466186068
5.892165257003891e-06,15.051160273044873
6.003338186381323e-06,15.051843310074618
6.114511115758755e-06,15.051311974058248
6.225684045136187e-06,15.050739957564382
6.336856974513619e-06,15.050795326243659
6.44802990389105e-06,15.051226936668744
6.559202833268483e-06,15.050423795552991
6.670375762645914e-06,15.050571881325004
6.781548692023346e-06,15.051005378777512
6.892721621400778e-06,15.050275261423256
7.00389455077821e-06,15.05032748925061
7.115067480155642e-06,15.051636332421687
7.226240409533074e-06,15.05103630950686
7.3374133389105055e-06,15.051166499717406
7.448586268287938e-06,15.05140907911578
7.55975919766537e-06,15.051726534024903
7.670932127042801e-06,15.052169898571437
7.782105056420233e-06,15.052154976860864
7.893277985797666e-06,15.05220318487891
8.004450915175097e-06,15.053037668084107
8.115623844552528e-06,15.053169549201467
8.226796773929961e-06,15.052852376750838
8.337969703307393e-06,15.052522020503456
8.449142632684824e-06,15.051993529567586
8.560315562062257e-06,15.050997145885765
8.671488491439689e-06,15.050202468015451
8.78266142081712e-06,15.049163030674126
8.893834350194553e-06,15.048210394291349
9.005007279571984e-06,15.047977749985852
9.116180208949416e-06,15.047801066330884
9.227353138326849e-06,15.0484422020266
9.33852606770428e-06,15.04851485277845
9.449698997081712e-06,15.047973891313804
9.560871926459145e-06,15.047507417170037
9.672044855836576e-06,15.04751241297259
9.783217785214007e-06,15.046145040874137
9.89439071459144e-06,15.045919580078976
1.0005563643968872e-05,15.044259333179902
1.0116736573346303e-05,15.044273890895944
1.0227909502723734e-05,15.044089821351337
1.0339082432101168e-05,15.045174228130215
1.0450255361478599e-05,15.044594151424006
1.056142829085603e-05,15.044131515759117
1.0672601220233463e-05,15.043626269635602
1.0783774149610895e-05,15.043196657727444
1.0894947078988326e-05,15.043636993018714
1.1006120008365759e-05,15.044798300899037
1.111729293774319e-05,15.044512402806614
1.1228465867120622e-05,15.044352459229525
1.1339638796498055e-05,15.044449258934112
1.1450811725875486e-05,15.04405130726126
1.1561984655252918e-05,15.044271250464195
1.167315758463035e-05,15.044117880726601
1.1784330514007782e-05,15.044199959206232
1.1895503443385213e-05,15.045060487097633
1.2006676372762646e-05,15.045213266645044
1.2117849302140078e-05,15.045191065440868
1.222902223151751e-05,15.044971156846799
1.2340195160894942e-05,15.043555759154847
1.2451368090272374e-05,15.044405220160122
1.2562541019649805e-05,15.044083584970588
1.2673713949027238e-05,15.043342214219532
1.278488687840467e-05,15.043146643895398
1.28960598077821e-05,15.044188616215514
1.3007232737159532e-05,15.043479665790818
1.3118405666536965e-05,15.043476646265571
1.3229578595914397e-05,15.042852583114868
1.3340751525291828e-05,15.043639077881556
1.3451924454669261e-05,15.042868162498745
1.3563097384046692e-05,15.04436203517483
1.3674270313424124e-05,15.044622799701417
1.3785443242801557e-05,15.045379293237676
1.3896616172178988e-05,15.045719718489124
1.400778910155642e-05,15.046202439871191
1.4118962030933853e-05,15.046658991311995
1.4230134960311284e-05,15.04795671732725
1.4341307889688715e-05,15.048096351933568
1.4452480819066148e-05,15.0493728667594
1.456365374844358e-05,15.049380690626082
1.4674826677821011e-05,15.049712803511232
1.4785999607198444e-05,15.050744590418722
1.4897172536575875e-05,15.051334526089706
1.5008345465953307e-05,15.052507804908043
1.511951839533074e-05,15.052699606055908
1.5230691324708171e-05,15.05339627387726
1.5341864254085603e-05,15.053704765724893
1.5453037183463034e-05,15.053853605754018
1.5564210112840465e-05,15.053534675143638
1.56753830422179e-05,15.053610085417123
1.578655597159533e-05,15.052765978170813
1.5897728900972763e-05,15.05289444654099
1.6008901830350194e-05,15.053677376281334
1.6120074759727626e-05,15.054733000024505
1.6231247689105057e-05,15.05454500189203
1.634242061848249e-05,15.054049387954095
1.6453593547859923e-05,15.053318642431
1.6564766477237354e-05,15.054093906934058
1.6675939406614786e-05,15.054852314249953
1.6787112335992217e-05,15.05568535103022
1.689828526536965e-05,15.055489893422976
1.7009458194747083e-05,15.056016830601688
1.7120631124124515e-05,15.056283399369574
1.7231804053501946e-05,15.056198038327196
1.7342976982879377e-05,15.056962319117787
1.745414991225681e-05,15.057121677733273
1.756532284163424e-05,15.057065719335611
1.767649577101167e-05,15.057680971228484
1.7787668700389106e-05,15.058067911408564
1.7898841629766537e-05,15.057885077484272
1.801001455914397e-05,15.057859297341789
1.81211874885214e-05,15.059158945032106
1.823236041789883e-05,15.05761938501745
1.8343533347276263e-05,15.056518724402244
1.8454706276653698e-05,15.056495719747362
1.856587920603113e-05,15.056041306469274
1.867705213540856e-05,15.05596941040853
1.8788225064785992e-05,15.05632866007523
1.8899397994163423e-05,15.055927252433309
1.9010570923540854e-05,15.05556082366305
1.912174385291829e-05,15.054928193243416
1.923291678229572e-05,15.053817499537084
1.9344089711673152e-05,15.053374857493537
1.9455262641050583e-05,15.052912992439547
1.9566435570428015e-05,15.052974996808588
1.9677608499805446e-05,15.053387502542297
1.978878142918288e-05,15.053658498765481
1.9899954358560312e-05,15.053144946107997
2.0011127287937744e-05,15.053479761426608
2.0122300217315175e-05,15.053562042777651
2.0233473146692606e-05,15.052701388114926
2.0344646076070038e-05,15.052158841412947
2.045581900544747e-05,15.051774477173787
2.0566991934824904e-05,15.051248644703207
2.0678164864202335e-05,15.050771883734198
2.0789337793579766e-05,15.050273611024702
2.0900510722957198e-05,15.049660199398362
2.101168365233463e-05,15.050056421435366
2.112285658171206e-05,15.05026665175688
2.1234029511089495e-05,15.050408713824421
2.1345202440466927e-05,15.04945993583283
2.1456375369844358e-05,15.049351063569471
2.156754829922179e-05,15.04829073316408
2.167872122859922e-05,15.048417314282544
2.1789894157976652e-05,15.048605936203911
2.1901067087354087e-05,15.049328681760677
2.2012240016731518e-05,15.049518432849862
2.212341294610895e-05,15.048619326957029
2.223458587548638e-05,15.047854557328945
2.2345758804863812e-05,15.048105265530683
2.2456931734241244e-05,15.048314357193751
2.256810466361868e-05,15.048021921755806
2.267927759299611e-05,15.047654856894177
2.279045052237354e-05,15.047862550958628
2.2901623451750973e-05,15.047975826894922
2.3012796381128404e-05,15.048038912826419
2.3123969310505835e-05,15.047418806571692
2.3235142239883267e-05,15.047221216913073
2.33463151692607e-05,15.04654779002062
2.3457488098638133e-05,15.04678334306013
2.3568661028015564e-05,15.04691321341999
2.3679833957392995e-05,15.04701296834156
2.3791006886770427e-05,15.048151844864853
2.3902179816147858e-05,15.04909045040176
2.4013352745525293e-05,15.049559151447722
2.4124525674902724e-05,15.049389088389683
2.4235698604280156e-05,15.04935764819501
2.4346871533657587e-05,15.049202371704881
2.445804446303502e-05,15.04989773577008
2.456921739241245e-05,15.05027485585389
2.4680390321789884e-05,15.05022950518965
2.4791563251167316e-05,15.049130049775421
2.4902736180544747e-05,15.049971528410879
2.501390910992218e-05,15.049800191752738
2.512508203929961e-05,15.04947880263894
2.523625496867704e-05,15.049876657559649
2.5347427898054476e-05,15.05010792672953
2.5458600827431907e-05,15.050305282004722
2.556977375680934e-05,15.05058575338562
2.568094668618677e-05,15.048822460751277
2.57921196155642e-05,15.049268579670532
2.5903292544941633e-05,15.049340208128587
2.6014465474319064e-05,15.048851597257435
2.61256384036965e-05,15.049331661540435
2.623681133307393e-05,15.049175159991107
2.634798426245136e-05,15.049520146802871
2.6459157191828793e-05,15.050073350099039
2.6570330121206224e-05,15.050804571870453
2.6681503050583656e-05,15.051272340278075
2.679267597996109e-05,15.0525900156663
2.6903848909338522e-05,15.053898862358912
2.7015021838715953e-05,15.054815970271784
2.7126194768093385e-05,15.054827536599554
2.7237367697470816e-05,15.055309496986812
2.7348540626848247e-05,15.05529157743275
2.7459713556225682e-05,15.055786864016099
2.7570886485603113e-05,15.056448051021738
2.7682059414980545e-05,15.057321480605822
2.7793232344357976e-05,15.057439321943024
2.7904405273735408e-05,15.057098122072272
2.801557820311284e-05,15.05708039080586
2.8126751132490274e-05,15.05796461470233
2.8237924061867705e-05,15.057382374512278
2.8349096991245136e-05,15.057028853684537
2.8460269920622568e-05,15.056052662820726
2.857144285e-05,15.056288316564256
2.868261577937743e-05,15.05627294555078
2.8793788708754862e-05,15.056811784835558
2.8904961638132297e-05,15.055919716241858
2.9016134567509728e-05,15.05582458189991
2.912730749688716e-05,15.055194355558159
2.923848042626459e-05,15.054899415904906
2.9349653355642022e-05,15.053789850003273
2.9460826285019453e-05,15.054856905879069
2.9571999214396888e-05,15.054236728798095
2.968317214377432e-05,15.055150271153792
2.979434507315175e-05,15.05560210214403
2.9905518002529182e-05,15.056008665817863
3.0016690931906614e-05,15.0555153796308
3.0127863861284045e-05,15.056048915133196
3.023903679066148e-05,15.056168428650489
3.035020972003891e-05,15.057356707261118
3.0461382649416342e-05,15.058388528564082
3.057255557879378e-05,15.058350951102389
3.0683728508171205e-05,15.059010625004591
3.079490143754864e-05,15.05866072271952
3.090607436692607e-05,15.057788762958394
3.10172472963035e-05,15.057968552252706
3.112842022568093e-05,15.058590626992437
3.1239593155058365e-05,15.059385167128097
3.13507660844358e-05,15.058930092214723
3.146193901381323e-05,15.059973640333249
3.157311194319066e-05,15.060351711793805
3.168428487256809e-05,15.059884246253063
3.1795457801945526e-05,15.05894784424087
3.1906630731322954e-05,15.059197368074946
3.201780366070039e-05,15.0576971607412
3.212897659007782e-05,15.05826753862312
3.224014951945525e-05,15.058890649253298
3.2351322448832686e-05,15.057941661605783
3.2462495378210114e-05,15.058294466924028
3.257366830758755e-05,15.057781315345803
3.268484123696498e-05,15.056860400834966
3.279601416634241e-05,15.056801143480948
3.2907187095719846e-05,15.057008564732463
3.3018360025097274e-05,15.056955352709418
3.312953295447471e-05,15.055862940863877
3.324070588385214e-05,15.055254229290467
3.335187881322957e-05,15.056381622180432
3.3463051742607006e-05,15.056134803016345
3.3574224671984434e-05,15.056534742314708
3.368539760136187e-05,15.056443385476962
3.37965705307393e-05,15.055924385309979
3.390774346011673e-05,15.056646994933514
3.4018916389494166e-05,15.056608338648672
3.4130089318871594e-05,15.056372803136966
3.424126224824903e-05,15.056929329776159
3.435243517762646e-05,15.057314717701152
3.446360810700389e-05,15.057639409561512
3.457478103638132e-05,15.057991746814574
3.4685953965758755e-05,15.05733954725071
3.479712689513619e-05,15.057729055026206
3.490829982451362e-05,15.057485252120891
3.501947275389105e-05,15.056838621843129
3.513064568326848e-05,15.055687060319938
3.5241818612645915e-05,15.055314256291691
3.535299154202334e-05,15.0543216387784
3.546416447140078e-05,15.053892481303592
3.557533740077821e-05,15.053389356086578
3.568651033015564e-05,15.052596201355371
3.5797683259533075e-05,15.052633749164254
3.59088561889105e-05,15.052635447242647
3.602002911828794e-05,15.052906471271731
3.613120204766537e-05,15.053071985893604
3.62423749770428e-05,15.052771074328682
3.6353547906420235e-05,15.053116994921183
3.646472083579766e-05,15.053075727928844
3.65758937651751e-05,15.052970097058237
3.6687066694552526e-05,15.052697475229412
3.679823962392996e-05,15.052646083505083
3.6909412553307395e-05,15.053469563822269
3.702058548268482e-05,15.053928488232643
3.713175841206226e-05,15.05386869864187
3.7242931341439686e-05,15.055250446790332
3.735410427081712e-05,15.055167148482225
3.746527720019455e-05,15.054672965744297
3.7576450129571984e-05,15.055387314575071
3.768762305894942e-05,15.055736281409924
3.7798795988326846e-05,15.054451396132476
3.790996891770428e-05,15.054271714598254
3.802114184708171e-05,15.05342449334978
3.8132314776459144e-05,15.052613926277017
3.824348770583658e-05,15.05245898080329
3.8354660635214006e-05,15.051797581956846
3.846583356459144e-05,15.051582587452149
3.857700649396887e-05,15.050369287156323
3.8688179423346304e-05,15.050224213189209
3.879935235272373e-05,15.050131787179792
3.891052528210117e-05,15.050220106096752
3.90216982114786e-05,15.0509839716327
3.913287114085603e-05,15.05021270393333
3.9244044070233464e-05,15.049627028112445
3.935521699961089e-05,15.048284597570262
3.946638992898833e-05,15.048513415690786
3.957756285836576e-05,15.049300718695477
3.968873578774319e-05,15.050520876669196
3.9799908717120624e-05,15.050730485097649
3.991108164649805e-05,15.051646561980663
4.002225457587549e-05,15.051237555267756
4.0133427505252915e-05,15.05210906538102
4.024460043463035e-05,15.05259488163633
4.0355773364007785e-05,15.054182684005886
4.046694629338521e-05,15.055157522046215
4.057811922276265e-05,15.056148785430882
4.0689292152140075e-05,15.057236895578534
4.080046508151751e-05,15.0586473528573
4.091163801089494e-05,15.05955006174939
4.102281094027237e-05,15.06017771021175
4.113398386964981e-05,15.060526524188413
4.1245156799027235e-05,15.06123306032232
4.135632972840467e-05,15.062047162572153
4.14675026577821e-05,15.062575294155218
4.157867558715953e-05,15.062648464440764
4.168984851653697e-05,15.063054035995785
4.1801021445914396e-05,15.062996865955176
4.191219437529183e-05,15.06354402643048
4.202336730466926e-05,15.06366706485591
4.213454023404669e-05,15.06454102580129
4.224571316342412e-05,15.06481191608176
4.2356886092801556e-05,15.064574840311685
4.246805902217899e-05,15.063992086523834
4.257923195155642e-05,15.064674814279469
4.269040488093385e-05,15.064319430660593
4.280157781031128e-05,15.064405291351601
4.2912750739688716e-05,15.064576322106097
4.3023923669066144e-05,15.065694494313163
4.313509659844358e-05,15.064944551976719
4.3246269527821014e-05,15.066452866798544
4.335744245719844e-05,15.06544547891971
4.3468615386575876e-05,15.065142389518964
4.3579788315953304e-05,15.065725060987285
4.369096124533074e-05,15.066278806200708
4.3802134174708174e-05,15.066314144853582
4.39133071040856e-05,15.067410273183881
4.4024480033463036e-05,15.067743170236907
4.4135652962840464e-05,15.068166349287045
4.42468258922179e-05,15.068889015111592
4.435799882159533e-05,15.069464426800007
4.446917175097276e-05,15.070128349157342
4.45803446803502e-05,15.070224279240897
4.4691517609727625e-05,15.07055107475326
4.480269053910506e-05,15.07061228787789
4.491386346848249e-05,15.070861176376741
4.502503639785992e-05,15.071709254346644
4.513620932723736e-05,15.071396209422623
4.5247382256614785e-05,15.071719754124018
4.535855518599222e-05,15.071247301091388
4.546972811536965e-05,15.070473087787077
4.558090104474708e-05,15.069120187872846
4.569207397412451e-05,15.068262940915224
4.5803246903501945e-05,15.068108987582512
4.591441983287938e-05,15.068409019294876
4.602559276225681e-05,15.06810812828894
4.613676569163424e-05,15.067764288839433
4.624793862101167e-05,15.068097427460863
4.6359111550389105e-05,15.068593505192045
4.647028447976653e-05,15.06840970654618
4.658145740914397e-05,15.069416872251107
4.66926303385214e-05,15.069786406293122
4.680380326789883e-05,15.069994402821985
4.6914976197276265e-05,15.070677870247973
4.7026149126653693e-05,15.070435644347675
4.713732205603113e-05,15.070236748460234
4.724849498540856e-05,15.069904871796952
4.735966791478599e-05,15.069844250757603
4.7470840844163426e-05,15.070147790255403
4.7582013773540854e-05,15.069913203934053
4.769318670291829e-05,15.069501610370006
4.7804359632295716e-05,15.069524667333287
4.791553256167315e-05,15.069559582277138
4.8026705491050586e-05,15.068554308102156
4.8137878420428014e-05,15.068023075245886
4.824905134980545e-05,15.067367440139515
4.8360224279182877e-05,15.066096015519651
4.847139720856031e-05,15.065172349078948
4.858257013793774e-05,15.064686552086023
4.8693743067315174e-05,15.064267871055089
4.880491599669261e-05,15.063743764310232
4.891608892607004e-05,15.061839473020042
4.902726185544747e-05,15.062232544025383
4.91384347848249e-05,15.061357601696024
4.9249607714202334e-05,15.061515527623323
4.936078064357977e-05,15.061037280926788
4.94719535729572e-05,15.060739693204027
4.958312650233463e-05,15.27399790156326
4.969429943171206e-05,15.464679376355095
4.9805472361089494e-05,15.634786249486549
4.991664529046692e-05,15.783219096269681
5.002781821984436e-05,15.911519408920148
5.013899114922179e-05,16.018814437719303
5.025016407859922e-05,16.10591248364214
5.0361337007976655e-05,16.17558728226205
5.047250993735408e-05,16.226072561151692
5.058368286673152e-05,16.25945336794327
5.069485579610895e-05,16.27417980456096
5.080602872548638e-05,16.27181992249706
5.0917201654863815e-05,16.2522050259099
5.102837458424124e-05,16.21671569776046
5.113954751361868e-05,16.16404549198655
5.1250720442996105e-05,16.096693258792758
5.136189337237354e-05,16.014261318171695
5.1473066301750975e-05,15.91767850801294
5.15842392311284e-05,15.806602378982703
5.169541216050584e-05,15.682379798891432
5.1806585089883266e-05,15.545061836285132
5.19177580192607e-05,15.394869945079105
5.202893094863813e-05,15.232296938050185
5.214010387801556e-05,15.056735697835272
5.2251276807393e-05,14.869585803624966
5.2362449736770426e-05,14.672161021214084
5.247362266614786e-05,14.464134624522227
5.258479559552529e-05,14.245392088637225
5.269596852490272e-05,14.017952742797522
5.280714145428016e-05,13.780946313094795
5.2918314383657586e-05,13.534450365270647
5.302948731303502e-05,13.280700357729714
5.314066024241245e-05,13.018385779868593
5.3251833171789884e-05,12.748464684570411
5.336300610116731e-05,12.472699282190812
5.3474179030544746e-05,12.188142208013167
5.358535195992218e-05,11.898774083125947
5.369652488929961e-05,11.602549585304013
5.3807697818677044e-05,11.302297329562704
5.391887074805447e-05,10.996167031175599
5.4030043677431907e-05,10.685853833698314
5.4141216606809334e-05,10.37080796337411
5.425238953618677e-05,10.051968459835287
5.4363562465564204e-05,9.730942640517496
5.447473539494163e-05,9.406623949779998
5.458590832431907e-05,9.081305860408182
5.4697081253696495e-05,8.752339434594338
5.480825418307393e-05,8.4222367100641
5.4919427112451364e-05,8.090472282634389
5.503060004182879e-05,7.75894831100929
5.514177297120623e-05,7.426044621504645
5.5252945900583655e-05,7.094805922448847
5.536411882996109e-05,6.763224719459925
5.547529175933852e-05,6.43316492676674
5.558646468871595e-05,6.104418307485182
5.569763761809339e-05,5.777708555288009
5.5808810547470815e-05,5.453072321872691
5.591998347684825e-05,5.131741853519301
5.603115640622568e-05,4.812601542207981
5.614232933560311e-05,4.497952519388835
5.625350226498055e-05,4.187015878386068
5.6364675194357975e-05,3.8814286875144672
5.647584812373541e-05,3.5799299553981156
5.658702105311284e-05,3.284306106371232
5.669819398249027e-05,2.994436444160663
5.68093669118677e-05,2.7115238029448645
5.6920539841245135e-05,2.434671065833712
5.703171277062257e-05,2.1650480709382967
5.71428857e-05,1.9017231966759152
5.725405862937743e-05,1.6487787258955766
5.736523155875486e-05,1.4032104754829553
5.7476404488132296e-05,1.166023445618306
5.7587577417509724e-05,0.9381592889411198
5.769875034688716e-05,0.720656220331485
5.780992327626459e-05,0.5122294189178854
5.792109620564202e-05,0.31467307014630086
5.8032269135019456e-05,0.12868653979075245
5.8143442064396884e-05,-0.045964392131965306
5.825461499377432e-05,-0.20889570054716428
5.836578792315175e-05,-0.3592521046933941
5.847696085252918e-05,-0.49671175815223906
5.8588133781906616e-05,-0.6218246819092125
5.8699306711284044e-05,-0.7327576611833045
5.881047964066148e-05,-0.8288831855936188
5.892165257003891e-05,-0.9110630350472415
5.903282549941634e-05,-0.9786862437632396
5.9143998428793776e-05,-1.0313286418149081
5.9255171358171204e-05,-1.0681880217002173
5.936634428754864e-05,-1.0883542126822998
5.947751721692607e-05,-1.0913814627254153
5.95886901463035e-05,-1.0768060663054833
5.9699863075680936e-05,-1.0455637604456816
5.9811036005058364e-05,-0.9956088813575616
5.99222089344358e-05,-0.9276836764404167
6.003338186381323e-05,-0.8400956252217343
6.014455479319066e-05,-0.7330215666207069
6.025572772256809e-05,-0.6072645080679363
6.0366900651945525e-05,-0.4605276286512373
6.047807358132296e-05,-0.2933081307187575
6.058924651070039e-05,-0.1049111699791214
6.070041944007782e-05,0.10572749022646273
6.081159236945525e-05,0.10283768451991247
6.0922765298832685e-05,0.0994078769606777
6.103393822821011e-05,0.09666942877659297
6.114511115758755e-05,0.09384315564565726
6.125628408696498e-05,0.09140563146219716
6.136745701634241e-05,0.08936934546732447
6.147862994571984e-05,0.08696336251827064
6.158980287509728e-05,0.08455904823704738
6.170097580447471e-05,0.08347615192433842
6.181214873385214e-05,0.08118192774881007
6.192332166322958e-05,0.07968629389717616
6.2034494592607e-05,0.07877100345121477
6.214566752198443e-05,0.07703923995644221
6.225684045136186e-05,0.07606341990122224
6.23680133807393e-05,0.07566465794692956
6.247918631011673e-05,0.0750241694384181
6.259035923949416e-05,0.0756813411697563
6.27015321688716e-05,0.07539838375254587
6.281270509824903e-05,0.07586302436187442
6.292387802762646e-05,0.07575006966797865
6.303505095700388e-05,0.0750370369778354
6.314622388638133e-05,0.07388178159622438
6.325739681575875e-05,0.07411591442039453
6.336856974513618e-05,0.07398908701232428
6.347974267451362e-05,0.07537449782743826
6.359091560389105e-05,0.07648111332441229
6.370208853326848e-05,0.07709277758308802
6.381326146264591e-05,0.07784275923211711
6.392443439202335e-05,0.07870672310211976
6.403560732140078e-05,0.07997656691503846
6.41467802507782e-05,0.08168450181862175
6.425795318015565e-05,0.08255074070369374
6.436912610953307e-05,0.08511743210526289
6.44802990389105e-05,0.08700413770670909
6.459147196828794e-05,0.08731346899604135
6.470264489766537e-05,0.09001011140902788
6.48138178270428e-05,0.0919526690515624
6.492499075642023e-05,0.09501471821063578
6.503616368579767e-05,0.0966652286012298
6.51473366151751e-05,0.09864224499629716
6.525850954455252e-05,0.0997734184958907
6.536968247392997e-05,0.10142256208125619
6.54808554033074e-05,0.10335279689164852
6.559202833268482e-05,0.10509330525805136
6.570320126206225e-05,0.10651738929866723
6.581437419143969e-05,0.10849541656008409
6.592554712081712e-05,0.11073087821413255
6.603672005019455e-05,0.1127580799775792
6.614789297957199e-05,0.11564047907112289
6.625906590894942e-05,0.11842540212920141
6.637023883832685e-05,0.1204853256531772
6.648141176770427e-05,0.12291190963802041
6.659258469708171e-05,0.12460784532843189
6.670375762645914e-05,0.1257877584150928
6.681493055583657e-05,0.12735075137789365
6.692610348521401e-05,0.12909825913513168
6.703727641459144e-05,0.12957899074401802
6.714844934396887e-05,0.13040557881279086
6.72596222733463e-05,0.13105746785607028
6.737079520272374e-05,0.1318548966805945
6.748196813210117e-05,0.13220966820917046
6.75931410614786e-05,0.13283366867460028
6.770431399085604e-05,0.13347802918985374
6.781548692023346e-05,0.13405454670748787
6.792665984961089e-05,0.13469017252161591
6.803783277898833e-05,0.1348192041812564
6.814900570836576e-05,0.13602839547284723
6.826017863774319e-05,0.1362890847810605
6.837135156712062e-05,0.13720364725432366
6.848252449649806e-05,0.13690803221988893
6.859369742587549e-05,0.13699763820145405
6.870487035525291e-05,0.1370765945919765
6.881604328463036e-05,0.13645740854297828
6.892721621400778e-05,0.13521564204209682
6.903838914338521e-05,0.13504916912072906
6.914956207276264e-05,0.13501776740499077
6.926073500214008e-05,0.13406066564597335
6.937190793151751e-05,0.13218155188202863
6.948308086089494e-05,0.13103246425431261
6.959425379027238e-05,0.1293874300173841
6.97054267196498e-05,0.12856762152102938
6.981659964902723e-05,0.12696610133613678
6.992777257840466e-05,0.12583465921686204
7.00389455077821e-05,0.12358440543626409
7.015011843715953e-05,0.12162074978346075
7.026129136653696e-05,0.11978541821124775
7.03724642959144e-05,0.11783675256479385
7.048363722529183e-05,0.1160521608375473
7.059481015466926e-05,0.11467307052009894
7.070598308404669e-05,0.11211509370073575
7.081715601342413e-05,0.10911180543255623
7.092832894280155e-05,0.10687887524347096
7.103950187217898e-05,0.10464486873258502
7.115067480155642e-05,0.10251088019475955
7.126184773093385e-05,0.09995099367117366
7.137302066031128e-05,0.09813083486726631
7.148419358968871e-05,0.09638605017008096
7.159536651906615e-05,0.09372226446725687
7.170653944844358e-05,0.09058287645679836
7.1817712377821e-05,0.08820345110174976
7.192888530719845e-05,0.08557701442618484
7.204005823657588e-05,0.08251365926319529
7.21512311659533e-05,0.0794364508277019
7.226240409533074e-05,0.07745957627434304
7.237357702470817e-05,0.07518867416974624
7.24847499540856e-05,0.07244045434017135
7.259592288346303e-05,0.07019763147970463
7.270709581284047e-05,0.06875757813578463
7.28182687422179e-05,0.06602074200458387
7.292944167159533e-05,0.06326107263342154
7.304061460097277e-05,0.06168220307521835
7.31517875303502e-05,0.0600094441668316
7.326296045972762e-05,0.0573449679224916
7.337413338910505e-05,0.0554455861701696
7.348530631848249e-05,0.05273403982399553
7.359647924785992e-05,0.05076158619289866
7.370765217723735e-05,0.04916509134524542
7.381882510661479e-05,0.047182483513298124
7.392999803599222e-05,0.04494883795918482
7.404117096536965e-05,0.042335709954783335
7.415234389474707e-05,0.04020572771672465
7.426351682412452e-05,0.0388826450739684
7.437468975350194e-05,0.03819261029205904
7.448586268287937e-05,0.0356541904009856
7.459703561225681e-05,0.03515631489471929
7.470820854163424e-05,0.03315275847482388
7.481938147101167e-05,0.032117089018871905
7.49305544003891e-05,0.03133656902237731
7.504172732976654e-05,0.031140550979477464
7.515290025914397e-05,0.030903472438007545
7.52640731885214e-05,0.03038923891858665
7.537524611789884e-05,0.028895963073170987
7.548641904727626e-05,0.02898008427562858
7.559759197665369e-05,0.02713830348694659
7.570876490603113e-05,0.027135490545735053
7.581993783540856e-05,0.027018061540271598
7.593111076478599e-05,0.02706338713802102
7.604228369416342e-05,0.026551170260842444
7.615345662354086e-05,0.02594115643201054
7.626462955291829e-05,0.024980074789811107
7.637580248229572e-05,0.025512546312659354
7.648697541167316e-05,0.025920663415919594
7.659814834105058e-05,0.02709682868876061
7.670932127042801e-05,0.027476828883829907
7.682049419980544e-05,0.028257540866176482
7.693166712918288e-05,0.029575859245463618
7.704284005856031e-05,0.02961068017479433
7.715401298793774e-05,0.029403805126565468
7.726518591731518e-05,0.03051007841589009
7.737635884669261e-05,0.030749071254733935
7.748753177607004e-05,0.031167407048213747
7.759870470544746e-05,0.03215175640032017
7.77098776348249e-05,0.03274298572228175
7.782105056420233e-05,0.033566033291829625
7.793222349357976e-05,0.03426311588306863
7.80433964229572e-05,0.035532191373900165
7.815456935233463e-05,0.036230701406131556
7.826574228171206e-05,0.03821092080467666
7.837691521108949e-05,0.0397543791231575
7.848808814046693e-05,0.041678486107957116
7.859926106984436e-05,0.04272686423343257
7.871043399922178e-05,0.04469343810251364
7.882160692859923e-05,0.045808279709846224
7.893277985797665e-05,0.04736821737774835
7.904395278735408e-05,0.04902705695287577
7.915512571673152e-05,0.0509101204623002
7.926629864610895e-05,0.05223267618458867
7.937747157548638e-05,0.05340055484230805
7.948864450486381e-05,0.05413667578682153
7.959981743424125e-05,0.05621997189222343
7.971099036361868e-05,0.05658584412497836
7.98221632929961e-05,0.05801546300953998
7.993333622237355e-05,0.059084531419128464
8.004450915175097e-05,0.060822417047760556
8.01556820811284e-05,0.061799806822663304
8.026685501050583e-05,0.06215165229603406
8.037802793988327e-05,0.06285827467749922
8.04892008692607e-05,0.06315104230611371
8.060037379863813e-05,0.06450049867023021
8.071154672801557e-05,0.06546294777928058
8.0822719657393e-05,0.06629345860601475
8.093389258677043e-05,0.06674857168257801
8.104506551614785e-05,0.06840916094744766
8.11562384455253e-05,0.0689262943495885
8.126741137490272e-05,0.06943682103702721
8.137858430428015e-05,0.07018432900957379
8.148975723365759e-05,0.07090991937074105
8.160093016303502e-05,0.07100039440193866
8.171210309241245e-05,0.07179354279583285
8.182327602178988e-05,0.07178979584955766
8.193444895116732e-05,0.07254866817472612
8.204562188054475e-05,0.07369535456512472
8.215679480992217e-05,0.07410004639094254
8.226796773929961e-05,0.0731741526240319
8.237914066867704e-05,0.07308077354739846
8.249031359805447e-05,0.0719838846613199
8.26014865274319e-05,0.0719231305425512
8.271265945680934e-05,0.07122343627731001
8.282383238618677e-05,0.07141095042737049
8.29350053155642e-05,0.07158438413133324
8.304617824494164e-05,0.07164464396452278
8.315735117431907e-05,0.07113249943121723
8.32685241036965e-05,0.0712687464523578
8.337969703307394e-05,0.07116261426764274
8.349086996245136e-05,0.07026121980800902
8.360204289182879e-05,0.06980275010416431
8.371321582120622e-05,0.06868173816204509
8.382438875058366e-05,0.067446388296988
8.393556167996109e-05,0.06648208595572332
8.404673460933852e-05,0.0661014358184778
8.415790753871596e-05,0.0657533746579232
8.426908046809339e-05,0.06481327326925335
8.438025339747081e-05,0.06275353578225758
8.449142632684824e-05,0.062028218726672975
8.460259925622568e-05,0.06132959550819941
8.471377218560311e-05,0.06001817051816037
8.482494511498054e-05,0.058761507541769765
8.493611804435798e-05,0.05748981570110652
8.504729097373541e-05,0.055375306061746704
8.515846390311284e-05,0.05494391633128675
8.526963683249027e-05,0.05428479021165479
8.53808097618677e-05,0.053205602100679796
8.549198269124513e-05,0.05231772540497463
8.560315562062256e-05,0.05111783633005227
8.571432855e-05,0.05046900060225869
8.582550147937743e-05,0.04922965995422304
8.593667440875486e-05,0.048016352135913286
8.604784733813229e-05,0.0468308727385678
8.615902026750973e-05,0.045578399821562636
8.627019319688716e-05,0.04493287998847366
8.638136612626459e-05,0.043110862184649476
8.649253905564203e-05,0.04185519081647457
8.660371198501945e-05,0.041734447987635544
8.671488491439688e-05,0.04120247492410134
8.682605784377432e-05,0.0404106523469215
8.693723077315175e-05,0.03909592404562163
8.704840370252918e-05,0.03788242649865883
8.715957663190661e-05,0.036823717474590914
8.727074956128405e-05,0.03627886259517169
8.738192249066148e-05,0.035831482850434165
8.74930954200389e-05,0.03602797545651341
8.760426834941635e-05,0.03494408325985756
8.771544127879378e-05,0.03417720670792412
8.78266142081712e-05,0.03320422576844306
8.793778713754863e-05,0.03297891084764582
8.804896006692607e-05,0.03201398185983904
8.81601329963035e-05,0.030449277948947404
8.827130592568093e-05,0.030071072251474422
8.838247885505837e-05,0.031246185152735053
8.84936517844358e-05,0.030561959807477078
8.860482471381323e-05,0.030581266440284083
8.871599764319065e-05,0.029981237728936995
8.88271705725681e-05,0.030697793536082745
8.893834350194552e-05,0.030310457873272946
8.904951643132295e-05,0.030511896602930556
8.91606893607004e-05,0.030433354338634495
8.927186229007782e-05,0.030659889606438128
8.938303521945525e-05,0.030680857043137902
8.949420814883268e-05,0.03029119371821759
8.960538107821012e-05,0.029913195158418143
8.971655400758755e-05,0.030662979645975325
8.982772693696497e-05,0.031238194073279515
8.993889986634242e-05,0.031340146746201274
9.005007279571984e-05,0.03227733347212397
9.016124572509727e-05,0.032461550421334535
9.027241865447471e-05,0.03281227694913118
9.038359158385214e-05,0.03293759555571375
9.049476451322957e-05,0.03398972969748441
9.0605937442607e-05,0.034965412112476765
9.071711037198444e-05,0.0366342742615798
9.082828330136187e-05,0.037356833326993015
9.09394562307393e-05,0.03917412910076116
9.105062916011674e-05,0.03922524134046406
9.116180208949416e-05,0.03939202368080025
9.127297501887159e-05,0.03970008908698458
9.138414794824902e-05,0.041607789310231715
9.149532087762646e-05,0.04308764810761509
9.160649380700389e-05,0.04403083426516296
9.171766673638132e-05,0.045934417124915854
9.182883966575876e-05,0.047054530724658754
9.194001259513619e-05,0.048251646576461193
9.205118552451362e-05,0.04920107906021819
9.216235845389104e-05,0.05076438190421874
9.227353138326848e-05,0.05166713057816042
9.238470431264591e-05,0.05243515794688063
9.249587724202334e-05,0.053511702115173566
9.260705017140078e-05,0.0538770085038967
9.271822310077821e-05,0.05467748955445581
9.282939603015564e-05,0.05569604953650396
9.294056895953307e-05,0.05659498743652573
9.305174188891051e-05,0.05681549307832612
9.316291481828794e-05,0.05730555283266854
9.327408774766536e-05,0.05729044491162537
9.33852606770428e-05,0.05817030294597422
9.349643360642023e-05,0.05909601416090275
9.360760653579766e-05,0.05979910140299925
9.37187794651751e-05,0.061426059224312934
9.382995239455253e-05,0.0623959408725129
9.394112532392996e-05,0.0629812285337582
9.405229825330739e-05,0.06292516943857825
9.416347118268483e-05,0.06281373249720534
9.427464411206226e-05,0.06324778907756924
9.438581704143968e-05,0.06347020458531488
9.449698997081713e-05,0.06380968754640556
9.460816290019455e-05,0.0641229639009085
9.471933582957198e-05,0.06461573211067835
9.483050875894941e-05,0.06501561523461838
9.494168168832685e-05,0.06519243901622133
9.505285461770428e-05,0.06565752892558357
9.516402754708171e-05,0.06574619820499132
9.527520047645915e-05,0.06623062003474695
9.538637340583658e-05,0.06620964128415963
9.5497546335214e-05,0.06612169856549595
9.560871926459143e-05,0.0667252134484777
9.571989219396887e-05,0.06670008835896278
9.58310651233463e-05,0.06615789860572885
9.594223805272373e-05,0.06683667841005506
9.605341098210117e-05,0.06743244213549744
9.61645839114786e-05,0.06854291976162126
9.627575684085603e-05,0.06869706765432067
9.638692977023346e-05,0.06934890123000094
9.64981026996109e-05,0.06914454963186066
9.660927562898833e-05,0.06952461419594674
9.672044855836575e-05,0.06875042864712665
9.68316214877432e-05,0.06837874913346138
9.694279441712062e-05,0.06860835566670326
9.705396734649805e-05,0.06791410778594828
9.716514027587548e-05,0.06838653735680372
9.727631320525292e-05,0.0675991777314009
9.738748613463035e-05,0.06755176112841144
9.749865906400778e-05,0.0660281308644053
9.760983199338522e-05,0.06625818516760096
9.772100492276265e-05,0.06567691358155757
9.783217785214007e-05,0.06459767054822248
9.794335078151751e-05,0.06396542516127122
9.805452371089494e-05,0.06361200175002987
9.816569664027237e-05,0.0628957820056076
9.82768695696498e-05,0.06285308882676426
9.838804249902724e-05,0.06172228754082012
9.849921542840467e-05,0.06118882905153017
9.86103883577821e-05,0.06024185619253589
9.872156128715954e-05,0.05911767254531872
9.883273421653697e-05,0.05765818818753879
9.89439071459144e-05,0.056875481238206134
9.905508007529182e-05,0.05601986658360336
9.916625300466926e-05,0.055197767313311795
9.927742593404669e-05,0.0550255686420361
9.938859886342412e-05,0.05510203337053379
9.949977179280156e-05,0.05512054841706862
9.961094472217899e-05,0.05453490658494969
9.972211765155642e-05,0.053747577945190035
9.983329058093384e-05,0.053461295158846595
9.994446351031129e-05,0.05289659799963214
0.00010005563643968871,0.051941749019224215
0.00010016680936906614,0.050990800074041866
0.00010027798229844358,0.05052155103051804
0.00010038915522782101,0.05047055508201591
0.00010050032815719844,0.04947717362113292
0.00010061150108657587,0.04859104010152569
0.00010072267401595331,0.04862922130112849
0.00010083384694533074,0.048299465982506576
0.00010094501987470817,0.04740704806293499
0.0001010561928040856,0.04737592363532182
0.00010116736573346303,0.0470038945065788
0.00010127853866284046,0.04704362923250969
0.0001013897115922179,0.04707401609289582
0.00010150088452159533,0.04664330369562535
0.00010161205745097276,0.045777841425318856
0.00010172323038035019,0.04533568674417027
0.00010183440330972763,0.04466233915743716
0.00010194557623910506,0.04340499436578357
0.00010205674916848249,0.043277411252833554
0.00010216792209785993,0.04295712729881248
0.00010227909502723736,0.04290889781729479
0.00010239026795661478,0.04337656461266307
0.00010250144088599221,0.0432965372883438
0.00010261261381536965,0.042798447487653046
0.00010272378674474708,0.04247898810197531
0.00010283495967412451,0.04247964518304076
0.00010294613260350195,0.04194409317663811
0.00010305730553287938,0.04202956384735169
0.0001031684784622568,0.04183517641414041
0.00010327965139163423,0.042725452683030386
0.00010339082432101168,0.04225045073048373
0.0001035019972503891,0.04245115484419515
0.00010361317017976653,0.04316580572488807
0.00010372434310914397,0.04356526145385208
0.0001038355160385214,0.04371674067615259
0.00010394668896789883,0.04327488319274933
0.00010405786189727626,0.04260040732219142
0.0001041690348266537,0.042257758690496035
0.00010428020775603113,0.04265895054866215
0.00010439138068540855,0.04233811813043511
0.000104502553614786,0.04313835848770294
0.00010461372654416342,0.04274786908452975
0.00010472489947354085,0.04325848159131563
0.0001048360724029183,0.04317762039979468
0.00010494724533229572,0.04340617149340112
0.00010505841826167315,0.04230321700383204
0.00010516959119105058,0.042504264725345284
0.00010528076412042802,0.04278142663259856
0.00010539193704980545,0.04384106355581578
0.00010550310997918287,0.04355124845673862
0.00010561428290856032,0.04406789501269531
0.00010572545583793774,0.0438648221818145
0.00010583662876731517,0.044840015158767024
0.0001059478016966926,0.04512388105074994
0.00010605897462607004,0.04494928386571671
0.00010617014755544747,0.045705497873984376
0.0001062813204848249,0.04664344892454647
0.00010639249341420234,0.046642170784165174
0.00010650366634357977,0.047622716435474284
0.0001066148392729572,0.04770543872351981
0.00010672601220233462,0.04824048891268388
0.00010683718513171206,0.04859541539114434
0.00010694835806108949,0.04872272405060564
0.00010705953099046692,0.04930432429090923
0.00010717070391984436,0.04971662441021271
0.00010728187684922179,0.04949061276252463
0.00010739304977859922,0.048956456106504606
0.00010750422270797665,0.0492796329929648
0.00010761539563735409,0.04934447286290103
0.00010772656856673152,0.04957077961408117
0.00010783774149610894,0.05004109058874674
0.00010794891442548639,0.050820752465452944
0.00010806008735486381,0.050626325122476536
0.00010817126028424124,0.050316640463825495
0.00010828243321361867,0.051033466415918625
0.00010839360614299611,0.051348159688891726
0.00010850477907237354,0.051733337902193595
0.00010861595200175097,0.05249274066297971
0.00010872712493112841,0.0532684865335968
0.00010883829786050584,0.05372546010123166
0.00010894947078988326,0.053548497331831646
0.0001090606437192607,0.053946483084560605
0.00010917181664863813,0.053144506842971805
0.00010928298957801556,0.05341300819190924
0.00010939416250739299,0.05290021479361267
0.00010950533543677043,0.05324464016173827
0.00010961650836614786,0.05312141145795641
0.00010972768129552529,0.052703396909281844
0.00010983885422490273,0.05248842169139299
0.00010995002715428016,0.05245583913288332
0.00011006120008365758,0.05306837384284569
0.00011017237301303501,0.05344782015510499
0.00011028354594241245,0.053003216116492155
0.00011039471887178988,0.052504186057180886
0.00011050589180116731,0.05191982709012403
0.00011061706473054475,0.051912607841369834
0.00011072823765992218,0.05090393691278661
0.00011083941058929961,0.05017222676070506
0.00011095058351867704,0.04983275161888778
0.00011106175644805448,0.04896598281063902
0.0001111729293774319,0.04894888810430591
0.00011128410230680933,0.047627938595109956
0.00011139527523618677,0.04706166015223647
0.0001115064481655642,0.046063638201240875
0.00011161762109494163,0.04581115813178354
0.00011172879402431906,0.04508588935208343
0.0001118399669536965,0.04527359910061737
0.00011195113988307393,0.04405843060025473
0.00011206231281245136,0.04430143558125012
0.0001121734857418288,0.04364826737896212
0.00011228465867120623,0.043122117104744645
0.00011239583160058365,0.04236035181985874
0.0001125070045299611,0.04101638701728309
0.00011261817745933852,0.03983045356537011
0.00011272935038871595,0.04024560419547222
0.00011284052331809338,0.04011623026472649
0.00011295169624747082,0.04057196313409116
0.00011306286917684825,0.04034291135480112
0.00011317404210622568,0.041280590468352134
0.00011328521503560312,0.040407965539719315
0.00011339638796498055,0.039932566026937996
0.00011350756089435797,0.039997626491324254
0.0001136187338237354,0.0397065873752223
0.00011372990675311284,0.03932515501127004
0.00011384107968249027,0.03912826884419078
0.0001139522526118677,0.03896999230836867
0.00011406342554124514,0.03915617501261386
0.00011417459847062257,0.03889485157516735
0.0001142857714,0.03876392081901898
0.00011439694432937742,0.038597852528474856
0.00011450811725875487,0.0377991591687618
0.0001146192901881323,0.03765117440619335
0.00011473046311750972,0.03672845654449779
0.00011484163604688716,0.03593955032359937
0.00011495280897626459,0.034654392455528996
0.00011506398190564202,0.03434913225573562
0.00011517515483501945,0.03427203010032377
0.00011528632776439689,0.03471079816813269
0.00011539750069377432,0.03481306742673476
0.00011550867362315174,0.03461134824422216
0.00011561984655252919,0.03467671703120225
0.00011573101948190661,0.034292773383583226
0.00011584219241128404,0.034276556513281944
0.00011595336534066148,0.03379417068395242
0.00011606453827003891,0.03419584127573426
0.00011617571119941634,0.03356316400697812
0.00011628688412879377,0.03395530312048091
0.00011639805705817121,0.03415209671007528
0.00011650922998754864,0.03408077941139739
0.00011662040291692607,0.03395670701569001
0.0001167315758463035,0.03389679772059819
0.00011684274877568093,0.03374953935999602
0.00011695392170505836,0.03329498032292606
0.00011706509463443579,0.03302411366474858
0.00011717626756381323,0.03259863199886803
0.00011728744049319066,0.033465215870407454
0.00011739861342256809,0.03354803841563907
0.00011750978635194553,0.032170401328121774
0.00011762095928132296,0.03229734847928958
0.00011773213221070039,0.031051360326260536
0.00011784330514007781,0.031938267964035705
0.00011795447806945526,0.0319884114919086
0.00011806565099883268,0.032732700784930804
0.00011817682392821011,0.03335057990077763
0.00011828799685758755,0.033973727016932485
0.00011839916978696498,0.03439309630949221
0.00011851034271634241,0.03521143439366384
0.00011862151564571984,0.03607370818480833
0.00011873268857509728,0.03679798001365965
0.0001188438615044747,0.036912722445204216
0.00011895503443385213,0.03769226890072817
0.00011906620736322958,0.03732421253602826
0.000119177380292607,0.03789074867363036
0.00011928855322198443,0.03893512283718048
0.00011939972615136187,0.039405441703913954
0.0001195108990807393,0.04000136050909801
0.00011962207201011673,0.040549799358673415
0.00011973324493949416,0.04103466329808165
0.0001198444178688716,0.04093787016395753
0.00011995559079824903,0.04054497920535921
0.00012006676372762645,0.040122208547737945
0.0001201779366570039,0.04006137281554831
0.00012028910958638132,0.03988963380609914
0.00012040028251575875,0.04017498284906485
0.00012051145544513618,0.04002164362869633
0.00012062262837451362,0.04085522787282042
0.00012073380130389105,0.040650375821077084
0.00012084497423326848,0.040828214207426
0.00012095614716264592,0.041472023949317
0.00012106732009202335,0.04101062498527754
0.00012117849302140077,0.04082248571092841
0.0001212896659507782,0.040460280803376415
0.00012140083888015564,0.03999484836023025
0.00012151201180953307,0.0397697127906927
0.0001216231847389105,0.03925442904342292
0.00012173435766828794,0.0393286491072565
0.00012184553059766537,0.038839357277695725
0.0001219567035270428,0.03941296482170112
0.00012206787645642023,0.03899852081725875
0.00012217904938579765,0.03979344497641412
0.0001222902223151751,0.039336487437059205
0.00012240139524455254,0.03910333882458875
0.00012251256817392996,0.039824541453937295
0.0001226237411033074,0.04061778982617896
0.00012273491403268482,0.04052652756705251
0.00012284608696206225,0.04014732911304735
0.00012295725989143968,0.04078775890023148
0.00012306843282081713,0.04061928580168137
0.00012317960575019456,0.041151057776111596
0.000123290778679572,0.040621821184608074
0.00012340195160894942,0.040801877722039824
0.00012351312453832684,0.04078092861774597
0.00012362429746770427,0.04088787983487853
0.0001237354703970817,0.041531291362291875
0.00012384664332645915,0.04182767270307165
0.00012395781625583658,0.04128483852109945
0.000124068989185214,0.04151015820066556
0.00012418016211459144,0.041515589653824764
0.00012429133504396887,0.041338041416973774
0.0001244025079733463,0.04032444475879041
0.00012451368090272372,0.040388602922952904
0.00012462485383210118,0.04003138064139401
0.0001247360267614786,0.04015761065037533
0.00012484719969085603,0.03950787304648834
0.00012495837262023346,0.040002509751296024
0.0001250695455496109,0.03959342712142971
0.00012518071847898832,0.039822030962099596
0.00012529189140836575,0.039313617358025174
0.0001254030643377432,0.04002000352534472
0.00012551423726712063,0.039780279703531776
0.00012562541019649806,0.039504361796188776
0.00012573658312587548,0.039790622562495485
0.0001258477560552529,0.04025019352730597
0.00012595892898463034,0.04030381074840884
0.00012607010191400777,0.04006401724558618
0.00012618127484338522,0.039262187621280954
0.00012629244777276265,0.03973696248882072
0.00012640362070214008,0.03981576289730302
0.0001265147936315175,0.03962314750558782
0.00012662596656089494,0.039677974149751216
0.00012673713949027236,0.03940339861999098
0.0001268483124196498,0.03860188918185269
0.00012695948534902725,0.03801317524257132
0.00012707065827840467,0.038417222955463584
0.0001271818312077821,0.03843187091158901
0.00012729300413715953,0.03763117951806313
0.00012740417706653696,0.037669263236688726
0.00012751534999591439,0.03754155829482424
0.00012762652292529181,0.03756963810121694
0.00012773769585466927,0.037784960845290774
0.0001278488687840467,0.03686177769270379
0.00012796004171342413,0.03743224242687021
0.00012807121464280155,0.03746385345078012
0.00012818238757217898,0.038151123946125055
0.0001282935605015564,0.037401866529139766
0.00012840473343093384,0.03782615328557656
0.0001285159063603113,0.036999245825284584
0.00012862707928968872,0.03678252823806366
0.00012873825221906615,0.037423475612509145
0.00012884942514844358,0.03774591761892073
0.000128960598077821,0.039532340818494084
0.00012907177100719843,0.038679540531311035
0.0001291829439365759,0.038745153352935206
0.00012929411686595332,0.03846876512542348
0.00012940528979533074,0.037412900791378496
0.00012951646272470817,0.03741225830269319
0.0001296276356540856,0.03768277374570832
0.00012973880858346303,0.038040459821131314
0.00012984998151284045,0.037883635962155236
0.0001299611544422179,0.03762217029342687
0.00013007232737159534,0.03705726716375517
0.00013018350030097277,0.03676882434164294
0.0001302946732303502,0.03723115944274788
0.00013040584615972762,0.03694852007092555
0.00013051701908910505,0.03701145593938557
0.00013062819201848248,0.036779569188851384
0.00013073936494785993,0.036698257285579
0.00013085053787723736,0.036050824726526244
0.0001309617108066148,0.03605293989972502
0.00013107288373599222,0.03577205706474374
0.00013118405666536964,0.03635903874548732
0.00013129522959474707,0.03639666080319597
0.0001314064025241245,0.037736457776251224
0.00013151757545350196,0.03818364974268466
0.00013162874838287938,0.03891167179550186
0.0001317399213122568,0.03954778290893599
0.00013185109424163424,0.04035871777969806
0.00013196226717101167,0.040470605097914704
0.0001320734401003891,0.04121773867539277
0.00013218461302976652,0.041492226870312676
0.00013229578595914398,0.04239517915863006
0.0001324069588885214,0.04204879485204799
0.00013251813181789883,0.04280591635134441
0.00013262930474727626,0.04332373468820224
0.0001327404776766537,0.044370499746806805
0.00013285165060603112,0.04566475969618992
0.00013296282353540855,0.046697697593674634
0.000133073996464786,0.047976622753632056
0.00013318516939416343,0.04856556424635983
0.00013329634232354086,0.04900061148904535
0.00013340751525291829,0.04901308096883823
0.00013351868818229571,0.05006564755413508
0.00013362986111167314,0.049849994284417526
0.00013374103404105057,0.04998631466211468
0.00013385220697042802,0.049195305829670744
0.00013396337989980545,0.05009593865447536
0.00013407455282918288,0.04996657888610389
0.0001341857257585603,0.04985302355545785
0.00013429689868793774,0.05003802525164867
0.00013440807161731516,0.05089062314966633
0.0001345192445466926,0.05086574492950984
0.00013463041747607005,0.05112277365022661
0.00013474159040544748,0.051028289825494566
0.0001348527633348249,0.05224555128659652
0.00013496393626420233,0.051635839118643986
0.00013507510919357976,0.05182085548776581
0.0001351862821229572,0.05130595215979214
0.00013529745505233462,0.051847971149929985
0.00013540862798171207,0.05168804705358765
0.0001355198009110895,0.0520334181663842
0.00013563097384046693,0.05247996073471509
0.00013574214676984435,0.05325795474652758
0.00013585331969922178,0.053021302197606604
0.0001359644926285992,0.05391358622129524
0.00013607566555797667,0.05448354672612663
0.0001361868384873541,0.054889458411255684
0.00013629801141673152,0.05529654656348544
0.00013640918434610895,0.055391577143031924
0.00013652035727548638,0.055169742646522635
0.0001366315302048638,0.05451003755815386
0.00013674270313424123,0.05451657116260838
0.0001368538760636187,0.05437276066498571
0.00013696504899299612,0.054266925326201434
0.00013707622192237354,0.054245501647293304
0.00013718739485175097,0.05486434857516201
0.0001372985677811284,0.05433602506886264
0.00013740974071050583,0.0551065290120033
0.00013752091363988326,0.05515068017070586
0.0001376320865692607,0.055220253876783955
0.00013774325949863814,0.054686568859377435
0.00013785443242801557,0.05402434244040208
0.000137965605357393,0.05411025075373281
0.00013807677828677042,0.05455188935458914
0.00013818795121614785,0.054686182537804884
0.00013829912414552528,0.05449524623558225
0.00013841029707490273,0.05393418986129905
0.00013852147000428016,0.05441035218730419
0.0001386326429336576,0.05349831005013176
0.00013874381586303502,0.053502237918034726
0.00013885498879241245,0.05260849558323477
0.00013896616172178987,0.05267654396835766
0.0001390773346511673,0.05289298751368521
0.00013918850758054476,0.05250308169308644
0.00013929968050992219,0.052222832289181606
0.0001394108534392996,0.051872137570765156
0.00013952202636867704,0.05172612796530419
0.00013963319929805447,0.05139027396712294
0.0001397443722274319,0.05076367702433512
0.00013985554515680933,0.050537385320742034
0.00013996671808618678,0.05068021411672792
0.0001400778910155642,0.04965554738575543
0.00014018906394494164,0.04873288156296032
0.00014030023687431906,0.048624369530991356
0.0001404114098036965,0.048747803821801675
0.00014052258273307392,0.048502519270194895
0.00014063375566245135,0.049673061764315615
0.0001407449285918288,0.04981773835391898
0.00014085610152120623,0.049447656205535505
0.00014096727445058366,0.049603519482314236
0.0001410784473799611,0.04971170712728287
0.00014118962030933851,0.05038351972831915
0.00014130079323871594,0.051772651791326826
0.00014141196616809337,0.052250254224666184
0.00014152313909747083,0.052172818573589054
0.00014163431202684825,0.05269412831119755
0.00014174548495622568,0.053406450877952684
0.0001418566578856031,0.053538095521009944
0.00014196783081498054,0.05394204569258538
0.00014207900374435797,0.05449376578572655
0.0001421901766737354,0.05452595621806918
0.00014230134960311285,0.05480299849054385
0.00014241252253249028,0.05498502161540889
0.0001425236954618677,0.05573433646407882
0.00014263486839124513,0.05493698725150526
0.00014274604132062256,0.05534337345194805
0.00014285721425,0.05550511566388487
0.00014296838717937742,0.05581308759305712
0.00014307956010875487,0.055440892419264025
0.0001431907330381323,0.05586989296460934
0.00014330190596750973,0.05568226780620071
0.00014341307889688716,0.055411641768276766
0.00014352425182626458,0.05512181595359863
0.000143635424755642,0.05573355214369592
0.00014374659768501947,0.055436618382983645
0.0001438577706143969,0.05515439846384165
0.00014396894354377432,0.054328315984370934
0.00014408011647315175,0.05445333770415147
0.00014419128940252918,0.053853870451841
0.0001443024623319066,0.05325414551274259
0.00014441363526128403,0.05266425534155991
0.0001445248081906615,0.052294307297465314
0.00014463598112003892,0.05181636287666561
0.00014474715404941635,0.05117415474475984
0.00014485832697879377,0.050718891099692846
0.0001449694999081712,0.051195754067251575
0.00014508067283754863,0.05129520091868068
0.00014519184576692606,0.050793850908932854
0.0001453030186963035,0.050682084128889575
0.00014541419162568094,0.05104708385355369
0.00014552536455505837,0.05114201995009345
0.0001456365374844358,0.05008068288944444
0.00014574771041381322,0.05005433348129287
0.00014585888334319065,0.050331810385121856
0.00014597005627256808,0.05029715370431668
0.00014608122920194554,0.049108576051201946
0.00014619240213132296,0.049500528912304775
0.0001463035750607004,0.049771170632325744
0.00014641474799007782,0.05004900445017457
0.00014652592091945525,0.049659674538325996
0.00014663709384883268,0.049785400549477235
0.0001467482667782101,0.04933006713205834
0.00014685943970758756,0.048736743536086286
0.00014697061263696499,0.0488807645472585
0.00014708178556634241,0.04931814797287476
0.00014719295849571984,0.047941022330079956
0.00014730413142509727,0.04801166273337758
0.0001474153043544747,0.04682923854521067
0.00014752647728385213,0.04694080283876825
0.00014763765021322958,0.046141824032685234
0.000147748823142607,0.04665519687729012
0.00014785999607198444,0.04661774752589422
0.00014797116900136187,0.04666924375741797
0.0001480823419307393,0.046702380979884946
0.00014819351486011672,0.0468398081287533
0.00014830468778949415,0.04596216996485943
0.0001484158607188716,0.04535444430740872
0.00014852703364824903,0.04580134667399086
0.00014863820657762646,0.04629180588338946
0.0001487493795070039,0.04572917325531868
0.00014886055243638132,0.045152306014914004
0.00014897172536575874,0.045443762464102935
0.00014908289829513617,0.045519281483350965
0.00014919407122451363,0.04542963395507923
0.00014930524415389106,0.04604189775393669
0.00014941641708326848,0.04588632414071616
0.0001495275900126459,0.04485559678006809
0.00014963876294202334,0.01310982581366276
0.00014974993587140077,-0.2701391561442482
0.0001498611088007782,-0.5231605043062475
0.00014997228173015565,-0.5771313069080729
0.00015008345465953308,-0.6993830903942303
0.0001501946275889105,-0.8823993777186552
0.00015030580051828793,-0.9629482034564303
0.00015041697344766536,-1.0177321398530106
0.0001505281463770428,-1.0978399184035772
0.00015063931930642025,-1.1474264646311836
0.00015075049223579767,-1.157533707751808
0.0001508616651651751,-1.1675071991019859
0.00015097283809455253,-1.1622317063673013
0.00015108401102392996,-1.1298149429891027
0.00015119518395330738,-1.0842133777023966
0.0001513063568826848,-1.0261655333012085
0.00015141752981206227,-0.9498477316134104
0.0001515287027414397,-0.8584262770527209
0.00015163987567081712,-0.7558861863301798
0.00015175104860019455,-0.6368160923676909
0.00015186222152957198,-0.5048827193721824
0.0001519733944589494,-0.3607470478050855
0.00015208456738832684,-0.20332776775397135
0.0001521957403177043,-0.03304910017970029
0.00015230691324708172,0.14738804924505577
0.00015241808617645915,0.3393962752399734
0.00015252925910583657,0.542944326949004
0.000152640432035214,0.7565816124701762
0.00015275160496459143,0.9802444006024225
0.00015286277789396886,1.2130679317084656
0.00015297395082334631,1.454628226146911
0.00015308512375272374,1.705618625109158
0.00015319629668210117,1.9640108263672031
0.0001533074696114786,2.230141497183314
0.00015341864254085603,2.50425650477843
0.00015352981547023345,2.785064365940831
0.00015364098839961088,3.072248279523786
0.00015375216132898834,3.36477063568363
0.00015386333425836576,3.664153353951079
0.0001539745071877432,3.9680636596544594
0.00015408568011712062,4.276325238953261
0.00015419685304649805,4.58855022270381
0.00015430802597587548,4.905912093992334
0.0001544191989052529,5.226903107888219
0.00015453037183463036,5.550033020855831
0.0001546415447640078,5.87698615965395
0.00015475271769338522,6.205358571692246
0.00015486389062276264,6.535565815733106
0.00015497506355214007,6.865829908798564
0.0001550862364815175,7.198181464332956
0.00015519740941089493,7.53169923962025
0.00015530858234027238,7.864175182293253
0.0001554197552696498,8.196538271348304
0.00015553092819902724,8.529143698511575
0.00015564210112840467,8.859449473610336
0.0001557532740577821,9.188731526819677
0.00015586444698715952,9.515368821031311
0.00015597561991653695,9.83924103502511
0.0001560867928459144,10.160528482970175
0.00015619796577529183,10.477872372510637
0.00015630913870466926,10.791757796990128
0.0001564203116340467,11.101790780308338
0.00015653148456342412,11.406806716522844
0.00015664265749280155,11.705524446828074
0.00015675383042217897,11.999299214317485
0.00015686500335155643,12.287106053732414
0.00015697617628093386,12.568047375454112
0.00015708734921031128,12.841538811611727
0.0001571985221396887,13.108472657066809
0.00015730969506906614,13.367990284031947
0.00015742086799844357,13.618483380483541
0.000157532040927821,13.860756503840848
0.00015764321385719845,14.094455866176455
0.00015775438678657588,14.318474206555601
0.0001578655597159533,14.53189001229428
0.00015797673264533074,14.735276198947656
0.00015808790557470816,14.928698709512048
0.0001581990785040856,15.109409530933648
0.00015831025143346305,15.278873348360754
0.00015842142436284047,15.436764327281777
0.0001585325972922179,15.581039664557773
0.00015864377022159533,15.713359507109221
0.00015875494315097276,15.83121544469976
0.00015886611608035019,15.935691217301276
0.00015897728900972761,16.02580866430853
0.00015908846193910507,16.100954750116323
0.0001591996348684825,16.16053626795714
0.00015931080779785993,16.204875414848267
0.00015942198072723735,16.233252178667385
0.00015953315365661478,16.244972799370686
0.0001596443265859922,16.2390131311078
0.00015975549951536964,16.214966099735417
0.0001598666724447471,16.173852013809537
0.00015997784537412452,16.11512860820417
0.00016008901830350195,16.037029066694327
0.00016020019123287938,15.939689845631042
0.0001603113641622568,15.823119964445976
0.00016042253709163423,15.685664160989923
0.00016053371002101166,15.527232084078081
0.00016064488295038912,15.348989856820829
0.00016075605587976654,15.150354697593581
0.00016086722880914397,14.964392660376888
0.0001609784017385214,15.039598874369391
0.00016108957466789883,15.123147325312765
0.00016120074759727626,15.024649329171973
0.00016131192052665368,15.004521345270003
0.00016142309345603114,15.06811984311683
0.00016153426638540857,15.055127563295457
0.000161645439314786,15.030871032743368
0.00016175661224416342,15.049469064181206
0.00016186778517354085,15.05891462430864
0.00016197895810291828,15.046948297656911
0.0001620901310322957,15.051213665292076
0.00016220130396167316,15.058800568557434
0.0001623124768910506,15.055609465408592
0.00016242364982042802,15.053934475528019
0.00016253482274980544,15.056718992130028
0.00016264599567918287,15.055287288742978
0.0001627571686085603,15.05382987386697
0.00016286834153793773,15.054760625588434
0.00016297951446731518,15.054087168172444
0.0001630906873966926,15.052441117831753
0.00016320186032607004,15.051610870104483
0.00016331303325544747,15.049822979218044
0.0001634242061848249,15.047676280441987
0.00016353537911420232,15.046545919521527
0.00016364655204357975,15.04460243711524
0.0001637577249729572,15.041906088010846
0.00016386889790233463,15.039860513140551
0.00016398007083171206,15.03808317048654
0.0001640912437610895,15.0357028392653
0.00016420241669046692,15.033566038551136
0.00016431358961984435,15.031276233462311
0.00016442476254922177,15.029676945651996
0.00016453593547859923,15.028230731296134
0.00016464710840797666,15.025635657498576
0.00016475828133735409,15.02403464068751
0.00016486945426673151,15.021401922004284
0.00016498062719610894,15.0204460153059
0.00016509180012548637,15.019035239831217
0.0001652029730548638,15.017089848219484
0.00016531414598424125,15.016285941221415
0.00016542531891361868,15.015350973900949
0.0001655364918429961,15.01274291872623
0.00016564766477237354,15.010199623242679
0.00016575883770175096,15.00920233629726
0.0001658700106311284,15.006912431744224
0.00016598118356050585,15.004812034216302
0.00016609235648988328,15.00382471260366
0.0001662035294192607,15.003066549645274
0.00016631470234863813,15.002545056940574
0.00016642587527801556,15.001338417590173
0.000166537048207393,15.000933341208178
0.00016664822113677042,15.000017694429586
0.00016675939406614787,14.99800473463374
0.0001668705669955253,14.996954578721466
0.00016698173992490273,14.995631475880419
0.00016709291285428015,14.994299556755756
0.00016720408578365758,14.992753155109327
0.000167315258713035,14.993026049118994
0.00016742643164241244,14.99206716046717
0.0001675376045717899,14.99152861839303
0.00016764877750116732,14.990579464693694
0.00016775995043054475,14.990898429484378
0.00016787112335992218,14.991527950009367
0.0001679822962892996,14.992304773382655
0.00016809346921867703,14.992259204820314
0.00016820464214805446,14.993803343633806
0.00016831581507743192,14.994472460925092
0.00016842698800680934,14.995770576475556
0.00016853816093618677,14.996783779824533
0.0001686493338655642,14.998877553026295
0.00016876050679494163,15.000592016874668
0.00016887167972431906,15.001872286675358
0.00016898285265369648,15.003133536806011
0.00016909402558307394,15.005027602081972
0.00016920519851245137,15.006442799986358
0.0001693163714418288,15.007657592447531
0.00016942754437120622,15.009062022890424
0.00016953871730058365,15.011279822907674
0.00016964989022996108,15.012539997112462
0.0001697610631593385,15.014676844521787
0.00016987223608871596,15.01659873345465
0.0001699834090180934,15.018289687701282
0.00017009458194747082,15.02067117017592
0.00017020575487684825,15.021542860226802
0.00017031692780622567,15.024257444701055
0.0001704281007356031,15.026308606594155
0.00017053927366498053,15.028814797547303
0.00017065044659435799,15.031070639586051
0.0001707616195237354,15.03406560244328
0.00017087279245311284,15.03735872873994
0.00017098396538249027,15.040664373292266
0.0001710951383118677,15.043853228291088
0.00017120631124124513,15.046779369168561
0.00017131748417062255,15.04975514663468
0.0001714286571,15.053610245921657
0.00017153983002937744,15.057093871743206
0.00017165100295875486,15.06102492513062
0.0001717621758881323,15.06455455237927
0.00017187334881750972,15.0687999989093
0.00017198452174688715,15.071350147683772
0.00017209569467626458,15.07421857435677
0.00017220686760564203,15.077223244135718
0.00017231804053501946,15.081163972156597
0.0001724292134643969,15.084886261176147
0.00017254038639377432,15.087344079021362
0.00017265155932315174,15.090372543186955
0.00017276273225252917,15.092783096556264
0.00017287390518190663,15.094471820773421
0.00017298507811128405,15.09727624581174
0.00017309625104066148,15.099401129321972
0.0001732074239700389,15.101414634573498
0.00017331859689941634,15.103068948082214
0.00017342976982879377,15.105138229926235
0.0001735409427581712,15.106444047292337
0.00017365211568754865,15.108249166056998
0.00017376328861692608,15.109193190432576
0.0001738744615463035,15.110863217149044
0.00017398563447568093,15.111704765374466
0.00017409680740505836,15.112734247206884
0.0001742079803344358,15.113327492856202
0.00017431915326381322,15.11456197411575
0.00017443032619319067,15.115728667364266
0.0001745414991225681,15.117434454148546
0.00017465267205194553,15.118648730138906
0.00017476384498132296,15.120116890295538
0.00017487501791070038,15.121995238918723
0.0001749861908400778,15.122476258212892
0.00017509736376945524,15.122715839751548
0.0001752085366988327,15.123441183695732
0.00017531970962821012,15.124786855215149
0.00017543088255758755,15.125110775757658
0.00017554205548696498,15.125619463625823
0.0001756532284163424,15.12510555987783
0.00017576440134571983,15.12596573813321
0.00017587557427509726,15.126222412824928
0.00017598674720447472,15.125524205780076
0.00017609792013385215,15.125753943360792
0.00017620909306322957,15.125436148421013
0.000176320265992607,15.124003577666057
0.00017643143892198443,15.123318023236024
0.00017654261185136186,15.121724874691878
0.00017665378478073929,15.120808488843627
0.00017676495771011674,15.120256319273366
0.00017687613063949417,15.118683647720061
0.0001769873035688716,15.116928619687247
0.00017709847649824902,15.115620138653728
0.00017720964942762645,15.114708685171092
0.00017732082235700388,15.112295901664716
0.0001774319952863813,15.111589623805948
0.00017754316821575876,15.109396205199548
0.0001776543411451362,15.107840726796491
0.00017776551407451362,15.10584388742619
0.00017787668700389105,15.104962924195672
0.00017798785993326848,15.102969355341994
0.0001780990328626459,15.101227648797138
0.00017821020579202333,15.099543713441296
0.0001783213787214008,15.098986675106028
0.00017843255165077821,15.09850062999864
0.00017854372458015564,15.09726555609392
0.00017865489750953307,15.095707452580292
0.0001787660704389105,15.093607014153283
0.00017887724336828793,15.092990388798004
0.00017898841629766535,15.091278922389249
0.0001790995892270428,15.08966569153121
0.00017921076215642024,15.08737249432806
0.00017932193508579767,15.085258182148472
0.0001794331080151751,15.08294030500883
0.00017954428094455252,15.081973760284917
0.00017965545387392995,15.080572243755638
0.00017976662680330738,15.079589851578708
0.00017987779973268483,15.077347998805767
0.00017998897266206226,15.075498795227311
0.0001801001455914397,15.073680803852607
0.00018021131852081712,15.07228589482216
0.00018032249145019454,15.07027197853769
0.00018043366437957197,15.069562257582852
0.00018054483730894943,15.06859658447101
0.00018065601023832686,15.067537292082113
0.00018076718316770428,15.065276059672671
0.0001808783560970817,15.065875538375463
0.00018098952902645914,15.06603290238095
0.00018110070195583657,15.06566880085728
0.000181211874885214,15.066257258478828
0.00018132304781459145,15.067137774755262
0.00018143422074396888,15.06814715883973
0.0001815453936733463,15.0684760787143
0.00018165656660272373,15.069078114137277
0.00018176773953210116,15.069874325243047
0.0001818789124614786,15.070719699001122
0.00018199008539085602,15.071701534603918
0.00018210125832023347,15.072020697951935
0.0001822124312496109,15.0734011542486
0.00018232360417898833,15.073316551756403
0.00018243477710836576,15.073736271182558
0.00018254595003774319,15.07468437659493
0.0001826571229671206,15.074431073497028
0.00018276829589649804,15.074758435263032
0.0001828794688258755,15.074719234272644
0.00018299064175525292,15.076200726059326
0.00018310181468463035,15.075781361808485
0.00018321298761400778,15.077237899436996
0.0001833241605433852,15.07841121986253
0.00018343533347276264,15.079559593736676
0.00018354650640214006,15.078415264455488
0.00018365767933151752,15.07944567785825
0.00018376885226089495,15.080317537843033
0.00018388002519027238,15.081791444670149
0.0001839911981196498,15.082822408391385
0.00018410237104902723,15.084851750354915
0.00018421354397840466,15.086399414212849
0.0001843247169077821,15.08789412402191
0.00018443588983715954,15.089426974443573
0.00018454706276653697,15.090545345289872
0.0001846582356959144,15.091614976762216
0.00018476940862529183,15.092615753255657
0.00018488058155466925,15.094359680220258
0.00018499175448404668,15.096188601586146
0.0001851029274134241,15.097225477895789
0.00018521410034280156,15.099696971425324
0.000185325273272179,15.102087196024343
0.00018543644620155642,15.104245253203302
0.00018554761913093385,15.105125766951819
0.00018565879206031128,15.10696610365029
0.0001857699649896887,15.108092992144984
0.00018588113791906613,15.109391954471228
0.0001859923108484436,15.109614993927547
0.00018610348377782102,15.11022741170959
0.00018621465670719844,15.11188360228571
0.00018632582963657587,15.113981484123212
0.0001864370025659533,15.114631223323867
0.00018654817549533073,15.115084109060566
0.00018665934842470816,15.116567615503564
0.0001867705213540856,15.117953193356572
0.00018688169428346304,15.118668340821724
0.00018699286721284047,15.118777356571961
0.0001871040401422179,15.119812768379902
0.00018721521307159532,15.120504136224874
0.00018732638600097275,15.1219726644019
0.0001874375589303502,15.122410818720958
0.00018754873185972763,15.123481518393518
0.00018765990478910506,15.124715721046446
0.0001877710777184825,15.12612473491751
0.00018788225064785992,15.126630004593892
0.00018799342357723735,15.128046319804819
0.00018810459650661477,15.129636457631785
0.00018821576943599223,15.130488448945462
0.00018832694236536966,15.13140000354487
0.00018843811529474708,15.132636271550535
0.0001885492882241245,15.134012141383339
0.00018866046115350194,15.133872424675843
0.00018877163408287937,15.134341262567249
0.0001888828070122568,15.134485185698217
0.00018899397994163425,15.134371780070826
0.00018910515287101168,15.13344734006086
0.0001892163258003891,15.133048620448703
0.00018932749872976654,15.133169667695219
0.00018943867165914396,15.132909638289966
0.0001895498445885214,15.131923271403354
0.00018966101751789882,15.131342644824635
0.00018977219044727627,15.129919209137439
0.0001898833633766537,15.129050379076622
0.00018999453630603113,15.128458733180794
0.00019010570923540856,15.12691753186183
0.00019021688216478599,15.126261384368448
0.00019032805509416341,15.125742605444582
0.00019043922802354084,15.125334960585937
0.0001905504009529183,15.126481108417433
0.00019066157388229573,15.12594753296799
0.00019077274681167315,15.125277504094203
0.00019088391974105058,15.123942673141332
0.000190995092670428,15.12252943049327
0.00019110626559980544,15.122417518649266
0.00019121743852918287,15.12178884999947
0.00019132861145856032,15.121350348428072
0.00019143978438793775,15.12105405562134
0.00019155095731731518,15.120835342402668
0.0001916621302466926,15.120404947653162
0.00019177330317607003,15.120221608380783
0.00019188447610544746,15.119639109061435
0.0001919956490348249,15.120334137155567
0.00019210682196420234,15.119153379236291
0.00019221799489357977,15.117662310225965
0.0001923291678229572,15.11653360381242
0.00019244034075233463,15.115650658118492
0.00019255151368171206,15.11390853159763
0.00019266268661108948,15.113023099791365
0.0001927738595404669,15.110809800176291
0.00019288503246984437,15.109690108011673
0.0001929962053992218,15.108298461620908
0.00019310737832859922,15.106676836059371
0.00019321855125797665,15.105047888479412
0.00019332972418735408,15.103879039814801
0.0001934408971167315,15.102132262487459
0.00019355207004610893,15.101433365905011
0.0001936632429754864,15.100635340460839
0.00019377441590486382,15.099583024944577
0.00019388558883424125,15.099099815977135
0.00019399676176361867,15.098543148099532
0.0001941079346929961,15.098163229592892
0.00019421910762237353,15.097017147481443
0.00019433028055175096,15.096530580504705
0.0001944414534811284,15.095017086494057
0.00019455262641050584,15.094137244492494
0.00019466379933988327,15.093282407832044
0.0001947749722692607,15.092454216049388
0.00019488614519863812,15.091654308679045
0.00019499731812801555,15.090884325255542
0.000195108491057393,15.0901459053134
0.00019521966398677043,15.089440688387146
0.00019533083691614786,15.0887703140113
0.0001954420098455253,15.088136421720389
0.00019555318277490272,15.087540651048933
0.00019566435570428015,15.086984641531457
0.00019577552863365757,15.086470032702486
0.00019588670156303503,15.08599846409654
0.00019599787449241246,15.085571575248148
0.00019610904742178989,15.08519100569183
0.00019622022035116731,15.084858394962108
0.00019633139328054474,15.08457538259351
0.00019644256620992217,15.084343608120555
0.0001965537391392996,15.08416471107777
0.00019666491206867705,15.08404033099968
0.00019677608499805448,15.083972107420802
0.0001968872579274319,15.083961679875665
0.00019699843085680934,15.084010687898791
0.00019710960378618676,15.084120771024706
0.0001972207767155642,15.08429356878793
0.00019733194964494162,15.084530720722986
0.00019744312257431908,15.084833866364402
0.0001975542955036965,15.085204645246698
0.00019766546843307393,15.0856446969044
0.00019777664136245136,15.086155660872029
0.0001978878142918288,15.086739176684109
0.00019799898722120622,15.087396883875167
0.00019811016015058364,15.088130421979722
0.0001982213330799611,15.0889414305323
0.00019833250600933853,15.089831549067425
0.00019844367893871595,15.090802417119619
0.00019855485186809338,15.091855674223407
0.0001986660247974708,15.09299295991331
0.00019877719772684824,15.094215913723856
0.00019888837065622567,15.095526175189564
0.00019899954358560312,15.096925383844962
0.00019911071651498055,15.098415179224569
0.00019922188944435798,15.099997200862912
0.0001993330623737354,15.101673088294513
0.00019944423530311283,15.103444481053897
0.00019955540823249026,15.105313018675586
0.0001996665811618677,15.107280340694103
0.00019977775409124514,15.109348086643974
0.00019988892702062257,15.111517896059722
0.00020000009995,15.113791408475869
