Time,Amplitude
0.0,15.03271849519697
1.111729293774319e-07,15.032053198961927
2.223458587548638e-07,15.031429504761187
3.3351878813229573e-07,15.03084640056589
4.446917175097276e-07,15.030302874347173
5.558646468871596e-07,15.029797914076175
6.670375762645915e-07,15.029330507724035
7.782105056420233e-07,15.028899643261893
8.893834350194552e-07,15.028504308660885
1.0005563643968871e-06,15.028143491892152
1.1117292937743191e-06,15.02781618092683
1.222902223151751e-06,15.027521363736062
1.334075152529183e-06,15.027258028290984
1.4452480819066147e-06,15.027025162562733
1.5564210112840467e-06,15.026821754522452
1.6675939406614785e-06,15.026646792141277
1.7787668700389105e-06,15.026499263390345
1.8899397994163425e-06,15.0263781562408
2.0011127287937743e-06,15.026282458663774
2.112285658171206e-06,15.02621115863041
2.2234585875486383e-06,15.026163244111848
2.33463151692607e-06,15.026137703079222
2.445804446303502e-06,15.026133523503674
2.5569773756809336e-06,15.026149693356343
2.668150305058366e-06,15.026185200608365
2.7793232344357976e-06,15.026239033230882
2.8904961638132294e-06,15.026310179195029
3.0016690931906616e-06,15.026397626471947
3.1128420225680934e-06,15.026500363032776
3.224014951945525e-06,15.026617376848652
3.335187881322957e-06,15.026747655890716
3.446360810700389e-06,15.026890188130103
3.557533740077821e-06,15.027043961537956
3.6687066694552528e-06,15.027207964085411
3.779879598832685e-06,15.027381183743609
3.891052528210116e-06,15.027562608483686
4.0022254575875485e-06,15.027751226276783
4.113398386964981e-06,15.027946025094035
4.224571316342412e-06,15.028145992906586
4.335744245719844e-06,15.028350117685571
4.4469171750972765e-06,15.028557387402131
4.558090104474708e-06,15.028766790027403
4.66926303385214e-06,15.028977313532524
4.780435963229572e-06,15.029187945888637
4.891608892607004e-06,15.029397675066878
5.002781821984436e-06,15.029605489038385
5.113954751361867e-06,15.0298103757743
5.2251276807392995e-06,15.030011323245757
5.336300610116732e-06,15.0302073194239
5.447473539494163e-06,15.030397352279863
5.558646468871595e-06,15.030580409782642
5.6698193982490274e-06,15.031749436234483
5.780992327626459e-06,15.031076686870467
5.892165257003891e-06,15.031035155267999
6.003338186381323e-06,15.031023583255212
6.114511115758755e-06,15.031137508834131
6.225684045136187e-06,15.031023471733072
6.336856974513619e-06,15.03062635454426
6.44802990389105e-06,15.029780396183545
6.559202833268483e-06,15.02955422558547
6.670375762645914e-06,15.029542318022022
6.781548692023346e-06,15.0284211481714
6.892721621400778e-06,15.027803946936757
7.00389455077821e-06,15.027234215757076
7.115067480155642e-06,15.02651820999744
7.226240409533074e-06,15.026669527870084
7.3374133389105055e-06,15.026935336194676
7.448586268287938e-06,15.026629687075753
7.55975919766537e-06,15.026475444088735
7.670932127042801e-06,15.027516792469376
7.782105056420233e-06,15.027682804541149
7.893277985797666e-06,15.02745225713656
8.004450915175097e-06,15.027135047414742
8.115623844552528e-06,15.027152452349995
8.226796773929961e-06,15.027186445493
8.337969703307393e-06,15.02742968065027
8.449142632684824e-06,15.027322431425755
8.560315562062257e-06,15.026603150759083
8.671488491439689e-06,15.027057114927297
8.78266142081712e-06,15.027221733822687
8.893834350194553e-06,15.027526805162026
9.005007279571984e-06,15.026672915434508
9.116180208949416e-06,15.025989094303592
9.227353138326849e-06,15.026087699652084
9.33852606770428e-06,15.02538511161927
9.449698997081712e-06,15.024860521903895
9.560871926459145e-06,15.024950723429722
9.672044855836576e-06,15.02577910384455
9.783217785214007e-06,15.025712281031595
9.89439071459144e-06,15.026271604425967
1.0005563643968872e-05,15.025522061518146
1.0116736573346303e-05,15.025073420124615
1.0227909502723734e-05,15.02434536871921
1.0339082432101168e-05,15.024239255690444
1.0450255361478599e-05,15.024169052828187
1.056142829085603e-05,15.023462663297837
1.0672601220233463e-05,15.023504688070025
1.0783774149610895e-05,15.022252549260152
1.0894947078988326e-05,15.021369382855264
1.1006120008365759e-05,15.021017848114326
1.111729293774319e-05,15.021304744233928
1.1228465867120622e-05,15.021702967600678
1.1339638796498055e-05,15.020560705225755
1.1450811725875486e-05,15.021570844695521
1.1561984655252918e-05,15.022008204264631
1.167315758463035e-05,15.020938587265558
1.1784330514007782e-05,15.020148377685235
1.1895503443385213e-05,15.021926024120061
1.2006676372762646e-05,15.02312049118122
1.2117849302140078e-05,15.022761121743267
1.222902223151751e-05,15.022741342384965
1.2340195160894942e-05,15.022904324571407
1.2451368090272374e-05,15.023069557144899
1.2562541019649805e-05,15.023270261600844
1.2673713949027238e-05,15.022569890714916
1.278488687840467e-05,15.022832498900026
1.28960598077821e-05,15.02257465448485
1.3007232737159532e-05,15.02183306096585
1.3118405666536965e-05,15.021107791711357
1.3229578595914397e-05,15.020678673044108
1.3340751525291828e-05,15.02127871140541
1.3451924454669261e-05,15.020158423924816
1.3563097384046692e-05,15.019777720139437
1.3674270313424124e-05,15.01971584712499
1.3785443242801557e-05,15.019589335873183
1.3896616172178988e-05,15.019314191426787
1.400778910155642e-05,15.019366944594521
1.4118962030933853e-05,15.01925870716452
1.4230134960311284e-05,15.018694137905136
1.4341307889688715e-05,15.01820882740061
1.4452480819066148e-05,15.018210196765533
1.456365374844358e-05,15.018772173743562
1.4674826677821011e-05,15.018928787956277
1.4785999607198444e-05,15.019271927052525
1.4897172536575875e-05,15.018182663157026
1.5008345465953307e-05,15.018599757041567
1.511951839533074e-05,15.018860188014129
1.5230691324708171e-05,15.01940781810057
1.5341864254085603e-05,15.019647749696434
1.5453037183463034e-05,15.019301263344587
1.5564210112840465e-05,15.019578759118199
1.56753830422179e-05,15.020023493446045
1.578655597159533e-05,15.019657937302151
1.5897728900972763e-05,15.018723375131993
1.6008901830350194e-05,15.0197663037476
1.6120074759727626e-05,15.019543518272613
1.6231247689105057e-05,15.019454923163599
1.634242061848249e-05,15.019421692485409
1.6453593547859923e-05,15.019680700492051
1.6564766477237354e-05,15.01862149804489
1.6675939406614786e-05,15.01846789407268
1.6787112335992217e-05,15.018425203166318
1.689828526536965e-05,15.017007281737232
1.7009458194747083e-05,15.017541209147469
1.7120631124124515e-05,15.017365332652378
1.7231804053501946e-05,15.017143700570813
1.7342976982879377e-05,15.016887344914414
1.745414991225681e-05,15.01799038555355
1.756532284163424e-05,15.01852712406857
1.767649577101167e-05,15.019979658383367
1.7787668700389106e-05,15.01986268587049
1.7898841629766537e-05,15.019419570317826
1.801001455914397e-05,15.020239693063095
1.81211874885214e-05,15.020966015304865
1.823236041789883e-05,15.021797688617907
1.8343533347276263e-05,15.022196066811157
1.8454706276653698e-05,15.022303714037166
1.856587920603113e-05,15.022267120515428
1.867705213540856e-05,15.022777522866576
1.8788225064785992e-05,15.023057564566768
1.8899397994163423e-05,15.021736371986652
1.9010570923540854e-05,15.021811575320292
1.912174385291829e-05,15.02191798219113
1.923291678229572e-05,15.02220428152355
1.9344089711673152e-05,15.022325879396634
1.9455262641050583e-05,15.023426529878824
1.9566435570428015e-05,15.023112470025895
1.9677608499805446e-05,15.022756059996853
1.978878142918288e-05,15.023381858671796
1.9899954358560312e-05,15.022316733757599
2.0011127287937744e-05,15.02185366403777
2.0122300217315175e-05,15.021345918109999
2.0233473146692606e-05,15.02167921477605
2.0344646076070038e-05,15.021897855711197
2.045581900544747e-05,15.022144634255739
2.0566991934824904e-05,15.02180033080922
2.0678164864202335e-05,15.021647235070873
2.0789337793579766e-05,15.022129217998206
2.0900510722957198e-05,15.021705331472006
2.101168365233463e-05,15.021245726228244
2.112285658171206e-05,15.020508240114282
2.1234029511089495e-05,15.019998388679216
2.1345202440466927e-05,15.020084853941094
2.1456375369844358e-05,15.019597310195548
2.156754829922179e-05,15.019382737593906
2.167872122859922e-05,15.019911446906171
2.1789894157976652e-05,15.020075280243287
2.1901067087354087e-05,15.018725468036411
2.2012240016731518e-05,15.01907875827918
2.212341294610895e-05,15.018821235191021
2.223458587548638e-05,15.01961905015876
2.2345758804863812e-05,15.018951537114658
2.2456931734241244e-05,15.019013904019584
2.256810466361868e-05,15.018720657206234
2.267927759299611e-05,15.018154189578684
2.279045052237354e-05,15.017921639303783
2.2901623451750973e-05,15.018334440484578
2.3012796381128404e-05,15.018367466803191
2.3123969310505835e-05,15.017892722834489
2.3235142239883267e-05,15.018183814556966
2.33463151692607e-05,15.019023537371194
2.3457488098638133e-05,15.019002950691538
2.3568661028015564e-05,15.018927358466712
2.3679833957392995e-05,15.019550796170662
2.3791006886770427e-05,15.018688643798313
2.3902179816147858e-05,15.018443484300908
2.4013352745525293e-05,15.018495275866481
2.4124525674902724e-05,15.01785658031865
2.4235698604280156e-05,15.017491986405096
2.4346871533657587e-05,15.017538875798325
2.445804446303502e-05,15.017578996971132
2.456921739241245e-05,15.017615893012824
2.4680390321789884e-05,15.017331460358623
2.4791563251167316e-05,15.017327854075509
2.4902736180544747e-05,15.017525506687457
2.501390910992218e-05,15.017599981976968
2.512508203929961e-05,15.017897193205174
2.523625496867704e-05,15.018101226901399
2.5347427898054476e-05,15.017764023795275
2.5458600827431907e-05,15.01850467542681
2.556977375680934e-05,15.018623230930418
2.568094668618677e-05,15.019203918350124
2.57921196155642e-05,15.019563922841137
2.5903292544941633e-05,15.019556274869712
2.6014465474319064e-05,15.019953885615697
2.61256384036965e-05,15.021133029408839
2.623681133307393e-05,15.020776422287007
2.634798426245136e-05,15.021127187422739
2.6459157191828793e-05,15.0205097045602
2.6570330121206224e-05,15.021028437585697
2.6681503050583656e-05,15.021315321954845
2.679267597996109e-05,15.021661530092427
2.6903848909338522e-05,15.02235091139461
2.7015021838715953e-05,15.023484067662764
2.7126194768093385e-05,15.02453109856103
2.7237367697470816e-05,15.024848762363659
2.7348540626848247e-05,15.025149706527994
2.7459713556225682e-05,15.025565087711845
2.7570886485603113e-05,15.026268256460122
2.7682059414980545e-05,15.026835976787165
2.7793232344357976e-05,15.028097629706098
2.7904405273735408e-05,15.028152783135697
2.801557820311284e-05,15.028533728454608
2.8126751132490274e-05,15.029233703364143
2.8237924061867705e-05,15.02957169082988
2.8349096991245136e-05,15.030182871327758
2.8460269920622568e-05,15.031129862555341
2.857144285e-05,15.032010232886266
2.868261577937743e-05,15.032780775010597
2.8793788708754862e-05,15.03227779716292
2.8904961638132297e-05,15.03225424310225
2.9016134567509728e-05,15.033045567512037
2.912730749688716e-05,15.03330143897943
2.923848042626459e-05,15.033095669880339
2.9349653355642022e-05,15.033232750935095
2.9460826285019453e-05,15.032646559856252
2.9571999214396888e-05,15.033135130509857
2.968317214377432e-05,15.032510698444542
2.979434507315175e-05,15.032612633787249
2.9905518002529182e-05,15.031670843270813
3.0016690931906614e-05,15.031023634160714
3.0127863861284045e-05,15.03126604025828
3.023903679066148e-05,15.030630406793987
3.035020972003891e-05,15.030361285228338
3.0461382649416342e-05,15.029654422892063
3.057255557879378e-05,15.029631381223837
3.0683728508171205e-05,15.027639830441755
3.079490143754864e-05,15.028323317505246
3.090607436692607e-05,15.028603661795598
3.10172472963035e-05,15.02907492877967
3.112842022568093e-05,15.029414927251548
3.1239593155058365e-05,15.029075949782191
3.13507660844358e-05,15.029147941004029
3.146193901381323e-05,15.029389306374147
3.157311194319066e-05,15.029109638367427
3.168428487256809e-05,15.029076529938846
3.1795457801945526e-05,15.028530939288265
3.1906630731322954e-05,15.028101596340928
3.201780366070039e-05,15.026494877085645
3.212897659007782e-05,15.026224387995727
3.224014951945525e-05,15.02671553120014
3.2351322448832686e-05,15.026799344679612
3.2462495378210114e-05,15.027003397247379
3.257366830758755e-05,15.026406845531973
3.268484123696498e-05,15.02642457069388
3.279601416634241e-05,15.026700082289079
3.2907187095719846e-05,15.025281207333116
3.3018360025097274e-05,15.024292440415978
3.312953295447471e-05,15.025542225055
3.324070588385214e-05,15.02434135257445
3.335187881322957e-05,15.02451783052673
3.3463051742607006e-05,15.022809320607198
3.3574224671984434e-05,15.023112729682937
3.368539760136187e-05,15.022705186017275
3.37965705307393e-05,15.024090379754314
3.390774346011673e-05,15.024159017163207
3.4018916389494166e-05,15.024000851405148
3.4130089318871594e-05,15.0246115610467
3.424126224824903e-05,15.025935966250167
3.435243517762646e-05,15.024926352159206
3.446360810700389e-05,15.02556631146382
3.457478103638132e-05,15.024653854386388
3.4685953965758755e-05,15.024530707384852
3.479712689513619e-05,15.023927671293434
3.490829982451362e-05,15.023093000945673
3.501947275389105e-05,15.023648745443454
3.513064568326848e-05,15.024014540798252
3.5241818612645915e-05,15.024799786841681
3.535299154202334e-05,15.025334297043173
3.546416447140078e-05,15.026988697938776
3.557533740077821e-05,15.027026965961843
3.568651033015564e-05,15.027569260869896
3.5797683259533075e-05,15.02736662010852
3.59088561889105e-05,15.028819729784248
3.602002911828794e-05,15.02903764340047
3.613120204766537e-05,15.029232393917093
3.62423749770428e-05,15.029230994390785
3.6353547906420235e-05,15.029268724813042
3.646472083579766e-05,15.02889161032801
3.65758937651751e-05,15.029803644438466
3.6687066694552526e-05,15.029639219564128
3.679823962392996e-05,15.02977964803331
3.6909412553307395e-05,15.029263315545233
3.702058548268482e-05,15.029058209745655
3.713175841206226e-05,15.029451223065736
3.7242931341439686e-05,15.02948193616914
3.735410427081712e-05,15.029791847968399
3.746527720019455e-05,15.030927885395993
3.7576450129571984e-05,15.031158778910312
3.768762305894942e-05,15.032207225155975
3.7798795988326846e-05,15.032149040324798
3.790996891770428e-05,15.032994039335389
3.802114184708171e-05,15.032719989359954
3.8132314776459144e-05,15.033319650676567
3.824348770583658e-05,15.032867388640325
3.8354660635214006e-05,15.03383511059016
3.846583356459144e-05,15.034300637237152
3.857700649396887e-05,15.034874200277306
3.8688179423346304e-05,15.034386489618253
3.879935235272373e-05,15.034816662238224
3.891052528210117e-05,15.03492150815563
3.90216982114786e-05,15.035414448649004
3.913287114085603e-05,15.0357055305374
3.9244044070233464e-05,15.035932694496069
3.935521699961089e-05,15.036072957023533
3.946638992898833e-05,15.036169190398285
3.957756285836576e-05,15.036297644253896
3.968873578774319e-05,15.036188379829703
3.9799908717120624e-05,15.036165949359773
3.991108164649805e-05,15.035261106348907
4.002225457587549e-05,15.03541579636859
4.0133427505252915e-05,15.03476375638912
4.024460043463035e-05,15.034082273089549
4.0355773364007785e-05,15.034216189155686
4.046694629338521e-05,15.033730353770222
4.057811922276265e-05,15.032456063536392
4.0689292152140075e-05,15.032817243261649
4.080046508151751e-05,15.032003578251187
4.091163801089494e-05,15.032384590092015
4.102281094027237e-05,15.031512917999319
4.113398386964981e-05,15.031911717203672
4.1245156799027235e-05,15.032577169610486
4.135632972840467e-05,15.032858357445528
4.14675026577821e-05,15.033104285150971
4.157867558715953e-05,15.033663411012938
4.168984851653697e-05,15.034346815527886
4.1801021445914396e-05,15.033999889627918
4.191219437529183e-05,15.034580110547871
4.202336730466926e-05,15.034435625662965
4.213454023404669e-05,15.033489534700196
4.224571316342412e-05,15.032344934916175
4.2356886092801556e-05,15.032887130793327
4.246805902217899e-05,15.033229502582426
4.257923195155642e-05,15.032684660681468
4.269040488093385e-05,15.032012608626065
4.280157781031128e-05,15.031835691168936
4.2912750739688716e-05,15.030860057392596
4.3023923669066144e-05,15.030790716559416
4.313509659844358e-05,15.0297059210058
4.3246269527821014e-05,15.030359690383845
4.335744245719844e-05,15.030028718564186
4.3468615386575876e-05,15.028881535864953
4.3579788315953304e-05,15.027943243657809
4.369096124533074e-05,15.027180068155293
4.3802134174708174e-05,15.026520997535021
4.39133071040856e-05,15.026169008832698
4.4024480033463036e-05,15.02583411029359
4.4135652962840464e-05,15.025338804154053
4.42468258922179e-05,15.0252095638853
4.435799882159533e-05,15.024866171284582
4.446917175097276e-05,15.026030249980193
4.45803446803502e-05,15.026090523423973
4.4691517609727625e-05,15.027514065568782
4.480269053910506e-05,15.02783021760623
4.491386346848249e-05,15.02912975921334
4.502503639785992e-05,15.028642638538376
4.513620932723736e-05,15.029277634680032
4.5247382256614785e-05,15.02992553002012
4.535855518599222e-05,15.03022031975692
4.546972811536965e-05,15.029966077911505
4.558090104474708e-05,15.03112788449912
4.569207397412451e-05,15.029781351076052
4.5803246903501945e-05,15.029988897474702
4.591441983287938e-05,15.030086198401856
4.602559276225681e-05,15.031591093145419
4.613676569163424e-05,15.031288319718064
4.624793862101167e-05,15.03141513604673
4.6359111550389105e-05,15.031581307516028
4.647028447976653e-05,15.03085488369414
4.658145740914397e-05,15.03021829022274
4.66926303385214e-05,15.029487233386504
4.680380326789883e-05,15.029389758256395
4.6914976197276265e-05,15.029726567029378
4.7026149126653693e-05,15.029557070487261
4.713732205603113e-05,15.0287812856275
4.724849498540856e-05,15.028451301512877
4.735966791478599e-05,15.028165602577321
4.7470840844163426e-05,15.028214754881306
4.7582013773540854e-05,15.028372318961688
4.769318670291829e-05,15.028337027406726
4.7804359632295716e-05,15.027890359054988
4.791553256167315e-05,15.028275423418131
4.8026705491050586e-05,15.028798389234204
4.8137878420428014e-05,15.030615459848804
4.824905134980545e-05,15.032010184363761
4.8360224279182877e-05,15.03199817717054
4.847139720856031e-05,15.032726795469586
4.858257013793774e-05,15.03298730345844
4.8693743067315174e-05,15.230838372792704
4.880491599669261e-05,15.42328450549825
4.891608892607004e-05,15.5940580422414
4.902726185544747e-05,15.74431475055261
4.91384347848249e-05,15.873934775916632
4.9249607714202334e-05,15.983185136673889
4.936078064357977e-05,16.072131846453814
4.94719535729572e-05,16.143189923207494
4.958312650233463e-05,16.19458169926683
4.969429943171206e-05,16.228722065321534
4.9805472361089494e-05,16.245174458133985
4.991664529046692e-05,16.2442307382928
5.002781821984436e-05,16.22564696241983
5.013899114922179e-05,16.190214068278195
5.025016407859922e-05,16.139067497521303
5.0361337007976655e-05,16.073349979517083
5.047250993735408e-05,15.991470872574938
5.058368286673152e-05,15.896392906419722
5.069485579610895e-05,15.786382456207702
5.080602872548638e-05,15.663197144211761
5.0917201654863815e-05,15.526835632939372
5.102837458424124e-05,15.377502908052188
5.113954751361868e-05,15.21555867675334
5.1250720442996105e-05,15.042691638192972
5.136189337237354e-05,14.85729788439318
5.1473066301750975e-05,14.661690548117118
5.15842392311284e-05,14.454177361952175
5.169541216050584e-05,14.237911662842961
5.1806585089883266e-05,14.01237046140901
5.19177580192607e-05,13.776444429237644
5.202893094863813e-05,13.531658441977244
5.214010387801556e-05,13.27918270601576
5.2251276807393e-05,13.018458246805286
5.2362449736770426e-05,12.749559401324767
5.247362266614786e-05,12.473021675881437
5.258479559552529e-05,12.191000015689358
5.269596852490272e-05,11.90195626707145
5.280714145428016e-05,11.607146860350827
5.2918314383657586e-05,11.306379139969504
5.302948731303502e-05,11.001569449540385
5.314066024241245e-05,10.692575593108891
5.3251833171789884e-05,10.378662128529022
5.336300610116731e-05,10.061791030767523
5.3474179030544746e-05,9.74115917925978
5.358535195992218e-05,9.415848391637017
5.369652488929961e-05,9.089505886730851
5.3807697818677044e-05,8.761087076791279
5.391887074805447e-05,8.431948981742826
5.4030043677431907e-05,8.10107484252382
5.4141216606809334e-05,7.7696177800259925
5.425238953618677e-05,7.437840569265102
5.4363562465564204e-05,7.1061516439809855
5.447473539494163e-05,6.774715802843336
5.458590832431907e-05,6.443637672621589
5.4697081253696495e-05,6.1152325976521
5.480825418307393e-05,5.788094787327096
5.4919427112451364e-05,5.463925619834371
5.503060004182879e-05,5.143475867437608
5.514177297120623e-05,4.825428826385744
5.5252945900583655e-05,4.5101992214355935
5.536411882996109e-05,4.20030666569329
5.547529175933852e-05,3.8946935556210165
5.558646468871595e-05,3.5927257676593496
5.569763761809339e-05,3.296595129701457
5.5808810547470815e-05,3.0073113093934043
5.591998347684825e-05,2.723228027449844
5.603115640622568e-05,2.445438633946815
5.614232933560311e-05,2.1742434605860854
5.625350226498055e-05,1.9109331240735958
5.6364675194357975e-05,1.6558858291520222
5.647584812373541e-05,1.4091963930064753
5.658702105311284e-05,1.1710002547767904
5.669819398249027e-05,0.9418863916397198
5.68093669118677e-05,0.7229020566624638
5.6920539841245135e-05,0.5130400734392131
5.703171277062257e-05,0.3152783292066727
5.71428857e-05,0.1277726481457905
5.725405862937743e-05,-0.04920524309367898
5.736523155875486e-05,-0.2128617407651752
5.7476404488132296e-05,-0.36461712956725467
5.7587577417509724e-05,-0.5036046760059779
5.769875034688716e-05,-0.6285916585184146
5.780992327626459e-05,-0.7401489219876436
5.792109620564202e-05,-0.8373805924200607
5.8032269135019456e-05,-0.9203678377999758
5.8143442064396884e-05,-0.9895309927864766
5.825461499377432e-05,-1.0426981764701009
5.836578792315175e-05,-1.0790422150462424
5.847696085252918e-05,-1.1001487554633755
5.8588133781906616e-05,-1.104209530843325
5.8699306711284044e-05,-1.0910967768942645
5.881047964066148e-05,-1.0607491226483827
5.892165257003891e-05,-1.0125676681192883
5.903282549941634e-05,-0.9453071973350521
5.9143998428793776e-05,-0.859183045492196
5.9255171358171204e-05,-0.754389006232327
5.936634428754864e-05,-0.6305410449620558
5.947751721692607e-05,-0.48656165024760967
5.95886901463035e-05,-0.32005781379659093
5.9699863075680936e-05,-0.1333567855240351
5.9811036005058364e-05,0.075134267103106
5.99222089344358e-05,0.0867901971666576
6.003338186381323e-05,0.0835589089078794
6.014455479319066e-05,0.0809278424278637
6.025572772256809e-05,0.0786260376045798
6.0366900651945525e-05,0.0756787625356053
6.047807358132296e-05,0.07402731982809478
6.058924651070039e-05,0.07236150281829484
6.070041944007782e-05,0.07096978239341949
6.081159236945525e-05,0.06901240619571164
6.0922765298832685e-05,0.06658552533842602
6.103393822821011e-05,0.064746127336861
6.114511115758755e-05,0.06386121613122488
6.125628408696498e-05,0.06334153805776548
6.136745701634241e-05,0.06326886002360042
6.147862994571984e-05,0.06245635147490598
6.158980287509728e-05,0.06298599221783575
6.170097580447471e-05,0.06339861139955166
6.181214873385214e-05,0.063681912839315
6.192332166322958e-05,0.06480752134562935
6.2034494592607e-05,0.06527610003716348
6.214566752198443e-05,0.06607100266499799
6.225684045136186e-05,0.06673828159790857
6.23680133807393e-05,0.06810413933555301
6.247918631011673e-05,0.06939600503676399
6.259035923949416e-05,0.07198754295917265
6.27015321688716e-05,0.07384195868237894
6.281270509824903e-05,0.07647675947766609
6.292387802762646e-05,0.07798877682953119
6.303505095700388e-05,0.07951643294859496
6.314622388638133e-05,0.08140953492469823
6.325739681575875e-05,0.08333632122191771
6.336856974513618e-05,0.08474787603538965
6.347974267451362e-05,0.08667168285651837
6.359091560389105e-05,0.09009941148809858
6.370208853326848e-05,0.09335641551046185
6.381326146264591e-05,0.09477495250119419
6.392443439202335e-05,0.0978173488967076
6.403560732140078e-05,0.10126259881140122
6.41467802507782e-05,0.10457113810834891
6.425795318015565e-05,0.10731121471805344
6.436912610953307e-05,0.10917231709533562
6.44802990389105e-05,0.11110110632917194
6.459147196828794e-05,0.11340844278901573
6.470264489766537e-05,0.1160193584168862
6.48138178270428e-05,0.11924369694910439
6.492499075642023e-05,0.12111751883557986
6.503616368579767e-05,0.12404746886108563
6.51473366151751e-05,0.12599193169712336
6.525850954455252e-05,0.12831582963545252
6.536968247392997e-05,0.13017500576752317
6.54808554033074e-05,0.13255115143198185
6.559202833268482e-05,0.13560094363628986
6.570320126206225e-05,0.13842156965871955
6.581437419143969e-05,0.14177699228866397
6.592554712081712e-05,0.14368229695142978
6.603672005019455e-05,0.14590129990091583
6.614789297957199e-05,0.1469664315933903
6.625906590894942e-05,0.14745424801224455
6.637023883832685e-05,0.14899011215920321
6.648141176770427e-05,0.1502187150961212
6.659258469708171e-05,0.1509900040269418
6.670375762645914e-05,0.1517705775057544
6.681493055583657e-05,0.1529619853530481
6.692610348521401e-05,0.15319717664548035
6.703727641459144e-05,0.1533332326416069
6.714844934396887e-05,0.15357405874058208
6.72596222733463e-05,0.15387748186559347
6.737079520272374e-05,0.15385150963586225
6.748196813210117e-05,0.15392253295115138
6.75931410614786e-05,0.1529506481434872
6.770431399085604e-05,0.15225688628909415
6.781548692023346e-05,0.15119311680451722
6.792665984961089e-05,0.15018355709391606
6.803783277898833e-05,0.14813801094422255
6.814900570836576e-05,0.1478934695854351
6.826017863774319e-05,0.1465953595731355
6.837135156712062e-05,0.14591514881596984
6.848252449649806e-05,0.14391373205574412
6.859369742587549e-05,0.14243918461242028
6.870487035525291e-05,0.14120353584465564
6.881604328463036e-05,0.13966103003736308
6.892721621400778e-05,0.13696788213362576
6.903838914338521e-05,0.13526281678055516
6.914956207276264e-05,0.13273622707110957
6.926073500214008e-05,0.13008007128065985
6.937190793151751e-05,0.1273117148855366
6.948308086089494e-05,0.12453308279620431
6.959425379027238e-05,0.12164500885072933
6.97054267196498e-05,0.11922682255020943
6.981659964902723e-05,0.11657843546357298
6.992777257840466e-05,0.1134920463047237
7.00389455077821e-05,0.11013197519398177
7.015011843715953e-05,0.10736244784150406
7.026129136653696e-05,0.10505464876424728
7.03724642959144e-05,0.10209595768378875
7.048363722529183e-05,0.10012550386456572
7.059481015466926e-05,0.09756944226403771
7.070598308404669e-05,0.09508700418555391
7.081715601342413e-05,0.0919658720993388
7.092832894280155e-05,0.08827198544863796
7.103950187217898e-05,0.08505325917290728
7.115067480155642e-05,0.08230410415481192
7.126184773093385e-05,0.08038097749913597
7.137302066031128e-05,0.07719296164585912
7.148419358968871e-05,0.07425495438609556
7.159536651906615e-05,0.07215004558422496
7.170653944844358e-05,0.06929095232651375
7.1817712377821e-05,0.06664540953209426
7.192888530719845e-05,0.06437850514430479
7.204005823657588e-05,0.06291229794147925
7.21512311659533e-05,0.06104687101836797
7.226240409533074e-05,0.05860521607916603
7.237357702470817e-05,0.056237713457099055
7.24847499540856e-05,0.05339283910258402
7.259592288346303e-05,0.05089274653009978
7.270709581284047e-05,0.04974863976936474
7.28182687422179e-05,0.04722306387988701
7.292944167159533e-05,0.045773145857087055
7.304061460097277e-05,0.04381467095221423
7.31517875303502e-05,0.04194285017510688
7.326296045972762e-05,0.04084781325541866
7.337413338910505e-05,0.03940458499955309
7.348530631848249e-05,0.03720610844973609
7.359647924785992e-05,0.036689630784345846
7.370765217723735e-05,0.035275112931345574
7.381882510661479e-05,0.03380491003161725
7.392999803599222e-05,0.03236020986599715
7.404117096536965e-05,0.030942411766004475
7.415234389474707e-05,0.02998577277419771
7.426351682412452e-05,0.029427517812333256
7.437468975350194e-05,0.027932369058107927
7.448586268287937e-05,0.028458266524867683
7.459703561225681e-05,0.028551535239324997
7.470820854163424e-05,0.02908644998880249
7.481938147101167e-05,0.028237863685434357
7.49305544003891e-05,0.027810101482168927
7.504172732976654e-05,0.02808161568924719
7.515290025914397e-05,0.028512346001619577
7.52640731885214e-05,0.02727514358764375
7.537524611789884e-05,0.02703474689356975
7.548641904727626e-05,0.02733602973389988
7.559759197665369e-05,0.02803534408392357
7.570876490603113e-05,0.02884662636560957
7.581993783540856e-05,0.029947312449533442
7.593111076478599e-05,0.03105153966848836
7.604228369416342e-05,0.03184921253581195
7.615345662354086e-05,0.033412209607413625
7.626462955291829e-05,0.0341180111639422
7.637580248229572e-05,0.03525202683788599
7.648697541167316e-05,0.03538168298221475
7.659814834105058e-05,0.03660591413303983
7.670932127042801e-05,0.03657324331530931
7.682049419980544e-05,0.037542982676565397
7.693166712918288e-05,0.03841059864185519
7.704284005856031e-05,0.03968295291312244
7.715401298793774e-05,0.0409480958087672
7.726518591731518e-05,0.041635220773887024
7.737635884669261e-05,0.043451276242259335
7.748753177607004e-05,0.045104954319409925
7.759870470544746e-05,0.04499412798266641
7.77098776348249e-05,0.046705832217457235
7.782105056420233e-05,0.048207539892590294
7.793222349357976e-05,0.049516539656632996
7.80433964229572e-05,0.05061810360796045
7.815456935233463e-05,0.052294850202174746
7.826574228171206e-05,0.052240555030157176
7.837691521108949e-05,0.05334612310076836
7.848808814046693e-05,0.054820570582736074
7.859926106984436e-05,0.05581152174804589
7.871043399922178e-05,0.057176671883269345
7.882160692859923e-05,0.05867638515306549
7.893277985797665e-05,0.05977364476907004
7.904395278735408e-05,0.06127118304950366
7.915512571673152e-05,0.06250067743827899
7.926629864610895e-05,0.06409460292693887
7.937747157548638e-05,0.06493718947736948
7.948864450486381e-05,0.06588084591186968
7.959981743424125e-05,0.06684857826492016
7.971099036361868e-05,0.0688592072772217
7.98221632929961e-05,0.06994088421548432
7.993333622237355e-05,0.07063393244530772
8.004450915175097e-05,0.07180712297794625
8.01556820811284e-05,0.0732278593971946
8.026685501050583e-05,0.07355433248981903
8.037802793988327e-05,0.07342276133403294
8.04892008692607e-05,0.07454593527384794
8.060037379863813e-05,0.07536802310906308
8.071154672801557e-05,0.07632797836947115
8.0822719657393e-05,0.07626417576917698
8.093389258677043e-05,0.07697805458181418
8.104506551614785e-05,0.07712649017168305
8.11562384455253e-05,0.07807315160948117
8.126741137490272e-05,0.07927155665008923
8.137858430428015e-05,0.08030971789741835
8.148975723365759e-05,0.08032729031185992
8.160093016303502e-05,0.07990693044536565
8.171210309241245e-05,0.07963188879719103
8.182327602178988e-05,0.07988075017546785
8.193444895116732e-05,0.07992860075587394
8.204562188054475e-05,0.07990980212411918
8.215679480992217e-05,0.08008305895799081
8.226796773929961e-05,0.08037461846400275
8.237914066867704e-05,0.08015702180489774
8.249031359805447e-05,0.07951485081597867
8.26014865274319e-05,0.0790992229384784
8.271265945680934e-05,0.07819399404326115
8.282383238618677e-05,0.0771667338885591
8.29350053155642e-05,0.07621638195166733
8.304617824494164e-05,0.07600171225599234
8.315735117431907e-05,0.07466570140235365
8.32685241036965e-05,0.07333993255063738
8.337969703307394e-05,0.07237161184282573
8.349086996245136e-05,0.0708926216253121
8.360204289182879e-05,0.06965679141932865
8.371321582120622e-05,0.06843886982325027
8.382438875058366e-05,0.06773936354761675
8.393556167996109e-05,0.06593871167930034
8.404673460933852e-05,0.0649338992586522
8.415790753871596e-05,0.06380973156326886
8.426908046809339e-05,0.0626423484404252
8.438025339747081e-05,0.060992950526811
8.449142632684824e-05,0.058536079526397895
8.460259925622568e-05,0.05663804859481171
8.471377218560311e-05,0.05541995465763947
8.482494511498054e-05,0.05313277310715951
8.493611804435798e-05,0.05098173832878242
8.504729097373541e-05,0.04931281498005184
8.515846390311284e-05,0.047288517643337524
8.526963683249027e-05,0.046224622867449876
8.53808097618677e-05,0.04434865412649916
8.549198269124513e-05,0.042415014530191655
8.560315562062256e-05,0.041320489796625864
8.571432855e-05,0.03948214655464499
8.582550147937743e-05,0.03807102909653054
8.593667440875486e-05,0.03599437947686903
8.604784733813229e-05,0.03461828629276959
8.615902026750973e-05,0.0330447088144247
8.627019319688716e-05,0.03264562414878479
8.638136612626459e-05,0.03133973891370372
8.649253905564203e-05,0.030502734382455432
8.660371198501945e-05,0.029507217422513474
8.671488491439688e-05,0.028639340724906603
8.682605784377432e-05,0.02815743688363314
8.693723077315175e-05,0.0273213141124629
8.704840370252918e-05,0.025834146069217585
8.715957663190661e-05,0.02444394114764563
8.727074956128405e-05,0.024513386461824407
8.738192249066148e-05,0.02368767497748807
8.74930954200389e-05,0.023431343567084872
8.760426834941635e-05,0.022600430136568213
8.771544127879378e-05,0.023002939575427688
8.78266142081712e-05,0.022691408893074545
8.793778713754863e-05,0.02294794630957342
8.804896006692607e-05,0.02322427061762417
8.81601329963035e-05,0.02245850987266353
8.827130592568093e-05,0.02189596131080951
8.838247885505837e-05,0.021063845904476908
8.84936517844358e-05,0.021430432945269716
8.860482471381323e-05,0.02106403847136625
8.871599764319065e-05,0.020327227943648114
8.88271705725681e-05,0.020387808012777467
8.893834350194552e-05,0.01984369504760027
8.904951643132295e-05,0.020552727481999964
8.91606893607004e-05,0.019957230747971448
8.927186229007782e-05,0.020516122175176767
8.938303521945525e-05,0.020382674274603
8.949420814883268e-05,0.021259683202875343
8.960538107821012e-05,0.022018443061787747
8.971655400758755e-05,0.022864762057492997
8.982772693696497e-05,0.023108485540961347
8.993889986634242e-05,0.023660106335356448
9.005007279571984e-05,0.0245548490862902
9.016124572509727e-05,0.02485022385231535
9.027241865447471e-05,0.025061576003930375
9.038359158385214e-05,0.02559277558328625
9.049476451322957e-05,0.026330982468705955
9.0605937442607e-05,0.027463333749608035
9.071711037198444e-05,0.027693133710959442
9.082828330136187e-05,0.028133145013961167
9.09394562307393e-05,0.02785726571739391
9.105062916011674e-05,0.02933973786076334
9.116180208949416e-05,0.029558183473405424
9.127297501887159e-05,0.03016144216865936
9.138414794824902e-05,0.030776043511997093
9.149532087762646e-05,0.031928687994292236
9.160649380700389e-05,0.032668026661829434
9.171766673638132e-05,0.03335834749978005
9.182883966575876e-05,0.034491491935266114
9.194001259513619e-05,0.03524790438900379
9.205118552451362e-05,0.03650335271283581
9.216235845389104e-05,0.037767766283816694
9.227353138326848e-05,0.03881415295691355
9.238470431264591e-05,0.03913981134858678
9.249587724202334e-05,0.03994442938196275
9.260705017140078e-05,0.040127394870153335
9.271822310077821e-05,0.04072759080198054
9.282939603015564e-05,0.042221521381249585
9.294056895953307e-05,0.04303006662842284
9.305174188891051e-05,0.04297800078851509
9.316291481828794e-05,0.04333861538163522
9.327408774766536e-05,0.04332014904743261
9.33852606770428e-05,0.04398431759882782
9.349643360642023e-05,0.04404563159243231
9.360760653579766e-05,0.04478642977411964
9.37187794651751e-05,0.044805152473365084
9.382995239455253e-05,0.04529774400732773
9.394112532392996e-05,0.04544571655193319
9.405229825330739e-05,0.04529424893564793
9.416347118268483e-05,0.045712705227011985
9.427464411206226e-05,0.045612169020829145
9.438581704143968e-05,0.04494731544764601
9.449698997081713e-05,0.04519066365492886
9.460816290019455e-05,0.04521318854097189
9.471933582957198e-05,0.04590247030866909
9.483050875894941e-05,0.045320633394089496
9.494168168832685e-05,0.04560826952729985
9.505285461770428e-05,0.04556319584050807
9.516402754708171e-05,0.04538617290373077
9.527520047645915e-05,0.045269838738754765
9.538637340583658e-05,0.044418924790302614
9.5497546335214e-05,0.04361304779417634
9.560871926459143e-05,0.042311558236732966
9.571989219396887e-05,0.04258878905608348
9.58310651233463e-05,0.04272043255485027
9.594223805272373e-05,0.04251487613173291
9.605341098210117e-05,0.04227318904539199
9.61645839114786e-05,0.04197698344803991
9.627575684085603e-05,0.041317087699648626
9.638692977023346e-05,0.04124062291193437
9.64981026996109e-05,0.04055323115780382
9.660927562898833e-05,0.04068195862048761
9.672044855836575e-05,0.04080049053502358
9.68316214877432e-05,0.04100119560884791
9.694279441712062e-05,0.040650463502729876
9.705396734649805e-05,0.04012834183307694
9.716514027587548e-05,0.03971102390643749
9.727631320525292e-05,0.0391151737684967
9.738748613463035e-05,0.03880281074197613
9.749865906400778e-05,0.03818430397686109
9.760983199338522e-05,0.037594478350358375
9.772100492276265e-05,0.03802243129565684
9.783217785214007e-05,0.037646852326523324
9.794335078151751e-05,0.03700271708874347
9.805452371089494e-05,0.035687312895977825
9.816569664027237e-05,0.03488079909233209
9.82768695696498e-05,0.03384645065295751
9.838804249902724e-05,0.03359297962535477
9.849921542840467e-05,0.03252739214608856
9.86103883577821e-05,0.032234089094039374
9.872156128715954e-05,0.03168031198436324
9.883273421653697e-05,0.030684479267672732
9.89439071459144e-05,0.029829052704472094
9.905508007529182e-05,0.028918973470666652
9.916625300466926e-05,0.027727065815044718
9.927742593404669e-05,0.02706956598677857
9.938859886342412e-05,0.02690548492358047
9.949977179280156e-05,0.02633813371109833
9.961094472217899e-05,0.026615960532905228
9.972211765155642e-05,0.026438416437143317
9.983329058093384e-05,0.026328807192298836
9.994446351031129e-05,0.02628358964778807
0.00010005563643968871,0.02649724493275868
0.00010016680936906614,0.02598457694903599
0.00010027798229844358,0.025504957175755766
0.00010038915522782101,0.025662778090143036
0.00010050032815719844,0.025281549794103613
0.00010061150108657587,0.024918797205466817
0.00010072267401595331,0.0254231814961354
0.00010083384694533074,0.0247292019781992
0.00010094501987470817,0.023899003024312228
0.0001010561928040856,0.024172590154671263
0.00010116736573346303,0.02411000773620687
0.00010127853866284046,0.02378969817656633
0.0001013897115922179,0.024084627757851754
0.00010150088452159533,0.023914661078970875
0.00010161205745097276,0.02429599153161903
0.00010172323038035019,0.02449313739559422
0.00010183440330972763,0.024737407372300797
0.00010194557623910506,0.024801199978955087
0.00010205674916848249,0.02529520404517515
0.00010216792209785993,0.02616517098623865
0.00010227909502723736,0.026476927436597113
0.00010239026795661478,0.027745880139878342
0.00010250144088599221,0.028538074763897223
0.00010261261381536965,0.02874379875081983
0.00010272378674474708,0.029277338272607648
0.00010283495967412451,0.03010181930824458
0.00010294613260350195,0.030485130453320693
0.00010305730553287938,0.03125733618369931
0.0001031684784622568,0.031782073384729194
0.00010327965139163423,0.0319626273933898
0.00010339082432101168,0.031579956754620796
0.0001035019972503891,0.03236061333707794
0.00010361317017976653,0.03306538704887552
0.00010372434310914397,0.03368636656845737
0.0001038355160385214,0.03390373378723784
0.00010394668896789883,0.03400682312500294
0.00010405786189727626,0.03383887577073384
0.0001041690348266537,0.03414615354068458
0.00010428020775603113,0.0342423285806694
0.00010439138068540855,0.03480669435689198
0.000104502553614786,0.035717652389054534
0.00010461372654416342,0.03605881853471807
0.00010472489947354085,0.036287153465953424
0.0001048360724029183,0.036308422040417045
0.00010494724533229572,0.03753036719919898
0.00010505841826167315,0.03796690349050059
0.00010516959119105058,0.03839111461280463
0.00010528076412042802,0.03922571652542397
0.00010539193704980545,0.040149367022255786
0.00010550310997918287,0.04103230336192446
0.00010561428290856032,0.042193213627103224
0.00010572545583793774,0.04281880926333316
0.00010583662876731517,0.04308840936516828
0.0001059478016966926,0.043124067982147636
0.00010605897462607004,0.04400532688817414
0.00010617014755544747,0.044251302153430275
0.0001062813204848249,0.0445592976273507
0.00010639249341420234,0.04525969943608785
0.00010650366634357977,0.04543390147214172
0.0001066148392729572,0.04566349242509647
0.00010672601220233462,0.046442273023215574
0.00010683718513171206,0.047094018069135574
0.00010694835806108949,0.04736245545278589
0.00010705953099046692,0.047210222069842614
0.00010717070391984436,0.04764053972589396
0.00010728187684922179,0.04771744509622657
0.00010739304977859922,0.04858940163241865
0.00010750422270797665,0.04902686239267948
0.00010761539563735409,0.048913479726445816
0.00010772656856673152,0.04946387016620619
0.00010783774149610894,0.04940779687454099
0.00010794891442548639,0.04983212148130141
0.00010806008735486381,0.04995976765107678
0.00010817126028424124,0.05001050497860068
0.00010828243321361867,0.049490704117533056
0.00010839360614299611,0.049778145622141654
0.00010850477907237354,0.05014703140847028
0.00010861595200175097,0.04991256210728524
0.00010872712493112841,0.04920379807269004
0.00010883829786050584,0.04975331535648669
0.00010894947078988326,0.04960290958775872
0.0001090606437192607,0.04969225270183651
0.00010917181664863813,0.04909995443623305
0.00010928298957801556,0.04923523705158433
0.00010939416250739299,0.049432412364382436
0.00010950533543677043,0.05035405951421956
0.00010961650836614786,0.05001882930431754
0.00010972768129552529,0.04961915077164211
0.00010983885422490273,0.04945584105397008
0.00010995002715428016,0.049707211763142
0.00011006120008365758,0.050399387858617764
0.00011017237301303501,0.0507406061592371
0.00011028354594241245,0.05011474767457742
0.00011039471887178988,0.050803984917857314
0.00011050589180116731,0.050076927888404725
0.00011061706473054475,0.049687763849751806
0.00011072823765992218,0.04902281075338794
0.00011083941058929961,0.04823641507924234
0.00011095058351867704,0.04698010549781957
0.00011106175644805448,0.04682581842085435
0.0001111729293774319,0.04673854418991443
0.00011128410230680933,0.04679363036339244
0.00011139527523618677,0.046579799766627246
0.0001115064481655642,0.04602289640363249
0.00011161762109494163,0.04587728536017759
0.00011172879402431906,0.045578225997034705
0.0001118399669536965,0.045402403631900706
0.00011195113988307393,0.04437677575780822
0.00011206231281245136,0.04466145898855578
0.0001121734857418288,0.04400302800331377
0.00011228465867120623,0.043830649398344315
0.00011239583160058365,0.043662947296256735
0.0001125070045299611,0.0436517704401819
0.00011261817745933852,0.042785783155318946
0.00011272935038871595,0.043016115104883415
0.00011284052331809338,0.04256223636934035
0.00011295169624747082,0.042045231225679804
0.00011306286917684825,0.041311353923318785
0.00011317404210622568,0.04133395308935897
0.00011328521503560312,0.040587370404982344
0.00011339638796498055,0.04064025238706549
0.00011350756089435797,0.03990607076813296
0.0001136187338237354,0.038975860005015885
0.00011372990675311284,0.03764737098798923
0.00011384107968249027,0.03688336689812852
0.0001139522526118677,0.03624752089047027
0.00011406342554124514,0.03564077876324731
0.00011417459847062257,0.035191481550742025
0.0001142857714,0.034290421694156685
0.00011439694432937742,0.033293899964224286
0.00011450811725875487,0.03297947006990938
0.0001146192901881323,0.03223802237504896
0.00011473046311750972,0.031673714919349026
0.00011484163604688716,0.03113703480628898
0.00011495280897626459,0.029903993605978684
0.00011506398190564202,0.029939972496439198
0.00011517515483501945,0.02896694536838836
0.00011528632776439689,0.028673475854980295
0.00011539750069377432,0.028286628803428943
0.00011550867362315174,0.028450633403872164
0.00011561984655252919,0.028300940004128763
0.00011573101948190661,0.02786361465069135
0.00011584219241128404,0.027643854530309438
0.00011595336534066148,0.027769651835338194
0.00011606453827003891,0.027474803656142317
0.00011617571119941634,0.026371321957899683
0.00011628688412879377,0.02600504567286235
0.00011639805705817121,0.025917539012077922
0.00011650922998754864,0.025240113822435097
0.00011662040291692607,0.02478614308955256
0.0001167315758463035,0.02407200077532029
0.00011684274877568093,0.023541364586369285
0.00011695392170505836,0.023311456493813398
0.00011706509463443579,0.02379289513518379
0.00011717626756381323,0.02357035998588892
0.00011728744049319066,0.023555921821446876
0.00011739861342256809,0.02328812022045507
0.00011750978635194553,0.023113283568823716
0.00011762095928132296,0.022746059066507618
0.00011773213221070039,0.023026816403903486
0.00011784330514007781,0.023091844709144098
0.00011795447806945526,0.02324029912973873
0.00011806565099883268,0.024166712951322996
0.00011817682392821011,0.02444195070994362
0.00011828799685758755,0.02478142114571544
0.00011839916978696498,0.025060954486872036
0.00011851034271634241,0.02594970441482184
0.00011862151564571984,0.02611936323840814
0.00011873268857509728,0.02589995561702244
0.0001188438615044747,0.026254593224584215
0.00011895503443385213,0.025476682838361665
0.00011906620736322958,0.025972416929325087
0.000119177380292607,0.02583853846038366
0.00011928855322198443,0.02613007578584104
0.00011939972615136187,0.02578955322927756
0.0001195108990807393,0.02628987765263476
0.00011962207201011673,0.026244230980273175
0.00011973324493949416,0.02608941426439332
0.0001198444178688716,0.026725240905977953
0.00011995559079824903,0.02698938978692808
0.00012006676372762645,0.02670778236803246
0.0001201779366570039,0.026318515709393947
0.00012028910958638132,0.025979172366324795
0.00012040028251575875,0.026395233062656957
0.00012051145544513618,0.02683171953971152
0.00012062262837451362,0.026361750099981776
0.00012073380130389105,0.026559274287136322
0.00012084497423326848,0.02690683348118609
0.00012095614716264592,0.027184444140816725
0.00012106732009202335,0.026748407285617233
0.00012117849302140077,0.02625641948071831
0.0001212896659507782,0.025726602718245138
0.00012140083888015564,0.025016871330285958
0.00012151201180953307,0.026088232140802994
0.0001216231847389105,0.025176485696156187
0.00012173435766828794,0.025676016109122218
0.00012184553059766537,0.026050252338230637
0.0001219567035270428,0.026237212293999716
0.00012206787645642023,0.02579033003637434
0.00012217904938579765,0.026216650898267163
0.0001222902223151751,0.025866008727768085
0.00012240139524455254,0.025463333593904566
0.00012251256817392996,0.02565736595904491
0.0001226237411033074,0.026215767585839704
0.00012273491403268482,0.02656035950820475
0.00012284608696206225,0.02670617060518472
0.00012295725989143968,0.02622694664980565
0.00012306843282081713,0.02601031679619266
0.00012317960575019456,0.02632589704048808
0.000123290778679572,0.026074719200347533
0.00012340195160894942,0.02626092348099671
0.00012351312453832684,0.02646806981906121
0.00012362429746770427,0.02580051272611186
0.0001237354703970817,0.025199649357215567
0.00012384664332645915,0.02515788216379667
0.00012395781625583658,0.024986502458432345
0.000124068989185214,0.024578550053257493
0.00012418016211459144,0.02450129224616418
0.00012429133504396887,0.02453344071742899
0.0001244025079733463,0.02464498844176896
0.00012451368090272372,0.024946715770867392
0.00012462485383210118,0.025080689527457845
0.0001247360267614786,0.024762755964743574
0.00012484719969085603,0.02522588366004439
0.00012495837262023346,0.025254180230401952
0.0001250695455496109,0.025627333479765736
0.00012518071847898832,0.025584559004412546
0.00012529189140836575,0.025473257623728478
0.0001254030643377432,0.025836555676966636
0.00012551423726712063,0.025779443117107222
0.00012562541019649806,0.025480201644318197
0.00012573658312587548,0.02511875929020951
0.0001258477560552529,0.02556897344922781
0.00012595892898463034,0.02558794444887302
0.00012607010191400777,0.025460005254345042
0.00012618127484338522,0.024637777532158896
0.00012629244777276265,0.024287668614674587
0.00012640362070214008,0.025378955976130928
0.0001265147936315175,0.02576327472097137
0.00012662596656089494,0.025432092568611273
0.00012673713949027236,0.025900184037601585
0.0001268483124196498,0.024831601409761376
0.00012695948534902725,0.024860312569056058
0.00012707065827840467,0.024546700041374995
0.0001271818312077821,0.024083212251529953
0.00012729300413715953,0.024022075884786942
0.00012740417706653696,0.023807320410882724
0.00012751534999591439,0.024303511843189837
0.00012762652292529181,0.02454975103206623
0.00012773769585466927,0.025068836685672616
0.0001278488687840467,0.025564570439641537
0.00012796004171342413,0.02581224498404399
0.00012807121464280155,0.026571446544214842
0.00012818238757217898,0.02715532356656953
0.0001282935605015564,0.027045788003327517
0.00012840473343093384,0.027679062993998707
0.0001285159063603113,0.028377104277950916
0.00012862707928968872,0.02913526362898033
0.00012873825221906615,0.030165488902852516
0.00012884942514844358,0.030366712841314723
0.000128960598077821,0.030580840810548876
0.00012907177100719843,0.03141809481854708
0.0001291829439365759,0.03172807286530814
0.00012929411686595332,0.03244958210859108
0.00012940528979533074,0.03304810478754564
0.00012951646272470817,0.033115394549257264
0.0001296276356540856,0.03330936528319625
0.00012973880858346303,0.0330060895980931
0.00012984998151284045,0.031988031458712894
0.0001299611544422179,0.03263012394377083
0.00013007232737159534,0.03269010789337787
0.00013018350030097277,0.03360285406692038
0.0001302946732303502,0.03331882042322523
0.00013040584615972762,0.03373112947432181
0.00013051701908910505,0.03362676407133001
0.00013062819201848248,0.03442259851024821
0.00013073936494785993,0.03409642311107626
0.00013085053787723736,0.0345143986450806
0.0001309617108066148,0.035066582960185846
0.00013107288373599222,0.0357601818266911
0.00013118405666536964,0.03633887208474532
0.00013129522959474707,0.03689832689383432
0.0001314064025241245,0.037558612774931534
0.00013151757545350196,0.037830261920903364
0.00013162874838287938,0.03823236305034471
0.0001317399213122568,0.03847532788925072
0.00013185109424163424,0.03948560253398424
0.00013196226717101167,0.03939707275827711
0.0001320734401003891,0.03971834288557903
0.00013218461302976652,0.039629532827216436
0.00013229578595914398,0.03962444905733565
0.0001324069588885214,0.03958922391891201
0.00013251813181789883,0.039754032210167684
0.00013262930474727626,0.040487220596262356
0.0001327404776766537,0.04041949943577767
0.00013285165060603112,0.041190160745503704
0.00013296282353540855,0.04058336312213924
0.000133073996464786,0.04039180344350259
0.00013318516939416343,0.040723194934978724
0.00013329634232354086,0.040911690678942035
0.00013340751525291829,0.04087700535154434
0.00013351868818229571,0.04101571229703626
0.00013362986111167314,0.04157537271425991
0.00013374103404105057,0.04157175836118834
0.00013385220697042802,0.0420563929991584
0.00013396337989980545,0.04138006876430218
0.00013407455282918288,0.04066340681131892
0.0001341857257585603,0.04117418889600943
0.00013429689868793774,0.04158198375264273
0.00013440807161731516,0.041859035573122476
0.0001345192445466926,0.042204669621639435
0.00013463041747607005,0.042682404241497454
0.00013474159040544748,0.04274446059790335
0.0001348527633348249,0.04339049381878871
0.00013496393626420233,0.04382847016528335
0.00013507510919357976,0.04449210345467707
0.0001351862821229572,0.04376395432893249
0.00013529745505233462,0.043699263931966124
0.00013540862798171207,0.043705777299165284
0.0001355198009110895,0.04361210245664444
0.00013563097384046693,0.0443541071409882
0.00013574214676984435,0.04461685566955001
0.00013585331969922178,0.043924771101637824
0.0001359644926285992,0.04449942521738033
0.00013607566555797667,0.043309372715598905
0.0001361868384873541,0.04325552848303057
0.00013629801141673152,0.04304539185144325
0.00013640918434610895,0.04209045805362583
0.00013652035727548638,0.04172979482481935
0.0001366315302048638,0.041227104691209354
0.00013674270313424123,0.04112897702373549
0.0001368538760636187,0.0418962579621556
0.00013696504899299612,0.041973108391566205
0.00013707622192237354,0.042171769341223186
0.00013718739485175097,0.041367750345208724
0.0001372985677811284,0.04077297192579901
0.00013740974071050583,0.041196572626931174
0.00013752091363988326,0.04101965912180022
0.0001376320865692607,0.03982030319956099
0.00013774325949863814,0.039606269991165816
0.00013785443242801557,0.039107947535606265
0.000137965605357393,0.03808024508687813
0.00013807677828677042,0.03832430291480671
0.00013818795121614785,0.03820736599405869
0.00013829912414552528,0.03736409975322435
0.00013841029707490273,0.03839605572622297
0.00013852147000428016,0.03877572831839346
0.0001386326429336576,0.039151549894493334
0.00013874381586303502,0.03834305434727435
0.00013885498879241245,0.03806706142151754
0.00013896616172178987,0.0384112987310867
0.0001390773346511673,0.03857506092181238
0.00013918850758054476,0.03893568612060788
0.00013929968050992219,0.03901921563684776
0.0001394108534392996,0.03882455660655668
0.00013952202636867704,0.039439989174693754
0.00013963319929805447,0.03997956721741463
0.0001397443722274319,0.04027546681851819
0.00013985554515680933,0.03976072780976312
0.00013996671808618678,0.03936635964653686
0.0001400778910155642,0.03956843581734815
0.00014018906394494164,0.03872608887682674
0.00014030023687431906,0.038679007441193534
0.0001404114098036965,0.038463695065943874
0.00014052258273307392,0.03821230083596924
0.00014063375566245135,0.03723323778468493
0.0001407449285918288,0.037237050532006995
0.00014085610152120623,0.03713070697826462
0.00014096727445058366,0.037550850918296366
0.0001410784473799611,0.038482382203872664
0.00014118962030933851,0.03804512341426112
0.00014130079323871594,0.03882287060290037
0.00014141196616809337,0.039187774499398136
0.00014152313909747083,0.039920649447411236
0.00014163431202684825,0.039927581420040645
0.00014174548495622568,0.040149474962018886
0.0001418566578856031,0.03981550048706233
0.00014196783081498054,0.04011672324656956
0.00014207900374435797,0.039997674202758085
0.0001421901766737354,0.04025758639633375
0.00014230134960311285,0.03961923039427855
0.00014241252253249028,0.04009428773288223
0.0001425236954618677,0.040004247326139185
0.00014263486839124513,0.03994832633220666
0.00014274604132062256,0.04005083015608573
0.00014285721425,0.03965481395533848
0.00014296838717937742,0.0397771365517273
0.00014307956010875487,0.039106811345928236
0.0001431907330381323,0.0385755319160094
0.00014330190596750973,0.03858641414123548
0.00014341307889688716,0.03838887786866459
0.00014352425182626458,0.03911585775957423
0.000143635424755642,0.03888910841898223
0.00014374659768501947,0.038999265732462936
0.0001438577706143969,0.0386207179870712
0.00014396894354377432,0.038304886279959365
0.00014408011647315175,0.037891099133196486
0.00014419128940252918,0.03856530168141626
0.0001443024623319066,0.03837781335420586
0.00014441363526128403,0.039062682864032264
0.0001445248081906615,0.03945037706729142
0.00014463598112003892,0.0406674335232053
0.00014474715404941635,0.04085648357812828
0.00014485832697879377,0.041263676080500654
0.0001449694999081712,0.04088451353659519
0.00014508067283754863,0.04075615707362227
0.00014519184576692606,0.04138634888546741
0.0001453030186963035,0.04226033990613096
0.00014541419162568094,0.04244877239830653
0.00014552536455505837,0.042359160885818155
0.0001456365374844358,0.04227677963089195
0.00014574771041381322,0.04206767943506451
0.00014585888334319065,0.04210557036131984
0.00014597005627256808,0.04209300133502431
0.00014608122920194554,0.042173445017069384
0.00014619240213132296,0.042071586995550046
0.0001463035750607004,0.0420150800656729
0.00014641474799007782,0.04234593444440046
0.00014652592091945525,0.04270105280999864
0.00014663709384883268,0.04309300330072659
0.0001467482667782101,0.04350873216685517
0.00014685943970758756,0.04250273557881403
0.00014697061263696499,0.042364350226711284
0.00014708178556634241,0.042356256608143635
0.00014719295849571984,0.042111171292469315
0.00014730413142509727,0.04273260832005596
0.0001474153043544747,0.043359705540212484
0.00014752647728385213,0.043426959859464466
0.00014763765021322958,0.0439546479385245
0.000147748823142607,0.04434379724273406
0.00014785999607198444,0.044389985207457246
0.00014797116900136187,0.04419919166310829
0.0001480823419307393,0.04413154482454476
0.00014819351486011672,0.044667364746085625
0.00014830468778949415,0.044650793768480634
0.0001484158607188716,0.0451995279859564
0.00014852703364824903,0.04559398044747023
0.00014863820657762646,0.04504045418047586
0.0001487493795070039,0.045103875344522995
0.00014886055243638132,0.045274631371653454
0.00014897172536575874,0.04527395765271749
0.00014908289829513617,0.04616399508994575
0.00014919407122451363,0.0469310326627599
0.00014930524415389106,0.046844312851578945
0.00014941641708326848,0.04225524726330241
0.0001495275900126459,0.028979642707169295
0.00014963876294202334,-0.008680191157083263
0.00014974993587140077,-0.16714924016331015
0.0001498611088007782,-0.43116682643902077
0.00014997228173015565,-0.6657996306741032
0.00015008345465953308,-0.7297390977576218
0.0001501946275889105,-0.8404244206371118
0.00015030580051828793,-0.9790915532233633
0.00015041697344766536,-1.045170611176305
0.0001505281463770428,-1.0902992586915123
0.00015063931930642025,-1.144533587689548
0.00015075049223579767,-1.1720929771987625
0.0001508616651651751,-1.1706393955089676
0.00015097283809455253,-1.1622721342600977
0.00015108401102392996,-1.1377872732297856
0.00015119518395330738,-1.0906618956883158
0.0001513063568826848,-1.0299710728047338
0.00015141752981206227,-0.9560541688085077
0.0001515287027414397,-0.8662490171726769
0.00015163987567081712,-0.7614583571398319
0.00015175104860019455,-0.6453093688813939
0.00015186222152957198,-0.5141297314565467
0.0001519733944589494,-0.37015690877618745
0.00015208456738832684,-0.2134474612112044
0.0001521957403177043,-0.044904503781224424
0.00015230691324708172,0.13599733202981035
0.00015241808617645915,0.3275362257018196
0.00015252925910583657,0.5299929286140028
0.000152640432035214,0.7425292969813664
0.00015275160496459143,0.9647453211091703
0.00015286277789396886,1.1966430169419855
0.00015297395082334631,1.4387292799805211
0.00015308512375272374,1.6894627927810886
0.00015319629668210117,1.9483429935960845
0.0001533074696114786,2.2152869916836995
0.00015341864254085603,2.490127464922741
0.00015352981547023345,2.7704365324989753
0.00015364098839961088,3.056953845263398
0.00015375216132898834,3.3494835342098104
0.00015386333425836576,3.647941348103243
0.0001539745071877432,3.9519700533220323
0.00015408568011712062,4.25987601842929
0.00015419685304649805,4.571873794460708
0.00015430802597587548,4.887997314457935
0.0001544191989052529,5.207949740372895
0.00015453037183463036,5.531033639235697
0.0001546415447640078,5.85747795362987
0.00015475271769338522,6.1841863097884655
0.00015486389062276264,6.515179881699749
0.00015497506355214007,6.846505620871049
0.0001550862364815175,7.178651184149414
0.00015519740941089493,7.510782875392445
0.00015530858234027238,7.844203655815804
0.0001554197552696498,8.176070496908624
0.00015553092819902724,8.508103695717026
0.00015564210112840467,8.837477802006473
0.0001557532740577821,9.16640641263044
0.00015586444698715952,9.49165448391832
0.00015597561991653695,9.816080160636822
0.0001560867928459144,10.136924827092349
0.00015619796577529183,10.454992340365465
0.00015630913870466926,10.76829458563678
0.0001564203116340467,11.077858440516197
0.00015653148456342412,11.382540555661134
0.00015664265749280155,11.681575692204008
0.00015675383042217897,11.97574285141586
0.00015686500335155643,12.264052253517052
0.00015697617628093386,12.546024587684853
0.00015708734921031128,12.82050859638671
0.0001571985221396887,13.08762917674151
0.00015730969506906614,13.347559344893096
0.00015742086799844357,13.598312325441665
0.000157532040927821,13.840165335359943
0.00015764321385719845,14.073956541466295
0.00015775438678657588,14.298250697095336
0.0001578655597159533,14.51158195103075
0.00015797673264533074,14.714999176524406
0.00015808790557470816,14.908997826933941
0.0001581990785040856,15.09106214728913
0.00015831025143346305,15.260856175909243
0.00015842142436284047,15.417749357677812
0.0001585325972922179,15.563113749007254
0.00015864377022159533,15.695882684121116
0.00015875494315097276,15.814806311811228
0.00015886611608035019,15.920163308518493
0.00015897728900972761,16.011200073845462
0.00015908846193910507,16.087072026208695
0.0001591996348684825,16.147764045941877
0.00015931080779785993,16.19275228557706
0.00015942198072723735,16.22152690222538
0.00015953315365661478,16.233689851964957
0.0001596443265859922,16.228605181679477
0.00015975549951536964,16.206143136801135
0.0001598666724447471,16.16628393720736
0.00015997784537412452,16.10785544954268
0.00016008901830350195,16.031851377337432
0.00016020019123287938,15.935034678259225
0.0001603113641622568,15.818855691593605
0.00016042253709163423,15.681772212879832
0.00016053371002101166,15.524798723680345
0.00016064488295038912,15.351700362621383
0.00016075605587976654,15.17024259733329
0.00016086722880914397,14.99508464638611
0.0001609784017385214,14.939243344933006
0.00016108957466789883,15.013404871363175
0.00016120074759727626,15.095157900578915
0.00016131192052665368,15.027186595585471
0.00016142309345603114,15.017852786485893
0.00016153426638540857,15.05869016828854
0.000161645439314786,15.04935242748968
0.00016175661224416342,15.035394343686237
0.00016186778517354085,15.047705631328375
0.00016197895810291828,15.051749091298367
0.0001620901310322957,15.045518062837694
0.00016220130396167316,15.047355895170384
0.0001623124768910506,15.05071919113805
0.00016242364982042802,15.047707633246343
0.00016253482274980544,15.046456681075068
0.00016264599567918287,15.046921646059587
0.0001627571686085603,15.045566579781658
0.00016286834153793773,15.044312836914486
0.00016297951446731518,15.044714436585474
0.0001630906873966926,15.044098892664529
0.00016320186032607004,15.042826851361353
0.00016331303325544747,15.041482369643564
0.0001634242061848249,15.040320871531982
0.00016353537911420232,15.038967888160755
0.00016364655204357975,15.03754306190559
0.0001637577249729572,15.035504487871744
0.00016386889790233463,15.033678349028609
0.00016398007083171206,15.03183626467487
0.0001640912437610895,15.030210701017348
0.00016420241669046692,15.02764437659231
0.00016431358961984435,15.02524705801906
0.00016442476254922177,15.02245207376777
0.00016453593547859923,15.019381174030608
0.00016464710840797666,15.015247521429895
0.00016475828133735409,15.011808340480735
0.00016486945426673151,15.009336705588415
0.00016498062719610894,15.006382101637623
0.00016509180012548637,15.003351264832334
0.0001652029730548638,14.999979510706314
0.00016531414598424125,14.998118608379523
0.00016542531891361868,14.996416752018213
0.0001655364918429961,14.994082161904052
0.00016564766477237354,14.992334233910084
0.00016575883770175096,14.98997654449412
0.0001658700106311284,14.987358707917734
0.00016598118356050585,14.986719330870898
0.00016609235648988328,14.984172518231292
0.0001662035294192607,14.98201008261471
0.00016631470234863813,14.97969567442168
0.00016642587527801556,14.978831392172975
0.000166537048207393,14.976870706015768
0.00016664822113677042,14.975268374919091
0.00016675939406614787,14.973343515333482
0.0001668705669955253,14.97203213070585
0.00016698173992490273,14.970739933614878
0.00016709291285428015,14.96987828108327
0.00016720408578365758,14.968861380992154
0.000167315258713035,14.967306075806716
0.00016742643164241244,14.966645029598808
0.0001675376045717899,14.966043040199459
0.00016764877750116732,14.964854054227287
0.00016775995043054475,14.964079548149131
0.00016787112335992218,14.964067261373538
0.0001679822962892996,14.964068784250674
0.00016809346921867703,14.963592923747287
0.00016820464214805446,14.96279086211339
0.00016831581507743192,14.96253490652918
0.00016842698800680934,14.962421935466255
0.00016853816093618677,14.96240598221862
0.0001686493338655642,14.96353105362656
0.00016876050679494163,14.965242707947953
0.00016887167972431906,14.967049704129856
0.00016898285265369648,14.9685572587234
0.00016909402558307394,14.970246244299036
0.00016920519851245137,14.972170711704335
0.0001693163714418288,14.97364559975784
0.00016942754437120622,14.974398306307954
0.00016953871730058365,14.977542367180652
0.00016964989022996108,14.980750676829055
0.0001697610631593385,14.98303082213805
0.00016987223608871596,14.984664418945187
0.0001699834090180934,14.98716770127261
0.00017009458194747082,14.98914829343514
0.00017020575487684825,14.991813515631598
0.00017031692780622567,14.994567150791497
0.0001704281007356031,14.996841459133654
0.00017053927366498053,14.999373288312345
0.00017065044659435799,15.002226875721899
0.0001707616195237354,15.00524773637292
0.00017087279245311284,15.00829509656955
0.00017098396538249027,15.01140256525084
0.0001710951383118677,15.01419875517058
0.00017120631124124513,15.017711109317558
0.00017131748417062255,15.020483515991959
0.0001714286571,15.02409515079799
0.00017153983002937744,15.026786394621245
0.00017165100295875486,15.030400919714072
0.0001717621758881323,15.034029634306552
0.00017187334881750972,15.037474709494624
0.00017198452174688715,15.039885699462921
0.00017209569467626458,15.042189768627075
0.00017220686760564203,15.044793203747425
0.00017231804053501946,15.047771396109997
0.0001724292134643969,15.050503800022232
0.00017254038639377432,15.053635949077117
0.00017265155932315174,15.057063866317213
0.00017276273225252917,15.059836471854345
0.00017287390518190663,15.062140926555168
0.00017298507811128405,15.064450525943641
0.00017309625104066148,15.067726535103468
0.0001732074239700389,15.071270063667592
0.00017331859689941634,15.073503186019165
0.00017342976982879377,15.07578400111931
0.0001735409427581712,15.078551616380196
0.00017365211568754865,15.081193070008121
0.00017376328861692608,15.082570020301398
0.0001738744615463035,15.08552533396702
0.00017398563447568093,15.087717741937643
0.00017409680740505836,15.08867797209495
0.0001742079803344358,15.08936900593787
0.00017431915326381322,15.090276653744128
0.00017443032619319067,15.092073833525424
0.0001745414991225681,15.092785854883111
0.00017465267205194553,15.093363777126429
0.00017476384498132296,15.093236762006928
0.00017487501791070038,15.093427506808823
0.0001749861908400778,15.094038539692137
0.00017509736376945524,15.094305993599678
0.0001752085366988327,15.095180043465797
0.00017531970962821012,15.09494766449364
0.00017543088255758755,15.09465515181289
0.00017554205548696498,15.093788352365038
0.0001756532284163424,15.093853433540618
0.00017576440134571983,15.093628813246827
0.00017587557427509726,15.09386739588176
0.00017598674720447472,15.094360586687744
0.00017609792013385215,15.093759245113501
0.00017620909306322957,15.094022499099927
0.000176320265992607,15.093897768964071
0.00017643143892198443,15.093837774184298
0.00017654261185136186,15.092807211563716
0.00017665378478073929,15.091408163152762
0.00017676495771011674,15.090893103951428
0.00017687613063949417,15.09028401725714
0.0001769873035688716,15.088984057328606
0.00017709847649824902,15.087268495382357
0.00017720964942762645,15.084821610548643
0.00017732082235700388,15.082740036721765
0.0001774319952863813,15.080867004764865
0.00017754316821575876,15.078877755317967
0.0001776543411451362,15.076947758068728
0.00017776551407451362,15.074692607229595
0.00017787668700389105,15.072454951411334
0.00017798785993326848,15.070124217686768
0.0001780990328626459,15.068386292408581
0.00017821020579202333,15.06609193447921
0.0001783213787214008,15.064632282420133
0.00017843255165077821,15.062076555831041
0.00017854372458015564,15.06003120425517
0.00017865489750953307,15.058090481930131
0.0001787660704389105,15.056092563676408
0.00017887724336828793,15.054127004166377
0.00017898841629766535,15.05255082235971
0.0001790995892270428,15.050306150210831
0.00017921076215642024,15.048487658821168
0.00017932193508579767,15.046639220431747
0.0001794331080151751,15.04551250525356
0.00017954428094455252,15.043775065182407
0.00017965545387392995,15.042776748612516
0.00017976662680330738,15.04203195823484
0.00017987779973268483,15.03985479333945
0.00017998897266206226,15.03796185071045
0.0001801001455914397,15.036229369144099
0.00018021131852081712,15.034096240517144
0.00018032249145019454,15.032609832035842
0.00018043366437957197,15.031487574428798
0.00018054483730894943,15.030488701104401
0.00018065601023832686,15.029930770049724
0.00018076718316770428,15.028622830378474
0.0001808783560970817,15.02796896183222
0.00018098952902645914,15.027117429405099
0.00018110070195583657,15.027041961758364
0.000181211874885214,15.026644426294256
0.00018132304781459145,15.026272709161294
0.00018143422074396888,15.025282636609985
0.0001815453936733463,15.025216240869216
0.00018165656660272373,15.025330548202149
0.00018176773953210116,15.026147031963418
0.0001818789124614786,15.026133414688541
0.00018199008539085602,15.025340308733504
0.00018210125832023347,15.02492594170068
0.0001822124312496109,15.024923424585861
0.00018232360417898833,15.025959932372148
0.00018243477710836576,15.026815565870638
0.00018254595003774319,15.027473046497633
0.0001826571229671206,15.028601921348304
0.00018276829589649804,15.029731509497662
0.0001828794688258755,15.030668607985541
0.00018299064175525292,15.031845807926386
0.00018310181468463035,15.03237673138925
0.00018321298761400778,15.032865189650844
0.0001833241605433852,15.03404614017343
0.00018343533347276264,15.0355085352996
0.00018354650640214006,15.036955848068793
0.00018365767933151752,15.038699704170899
0.00018376885226089495,15.039805703275492
0.00018388002519027238,15.040130958246113
0.0001839911981196498,15.041392412676771
0.00018410237104902723,15.042917501507189
0.00018421354397840466,15.043990130773897
0.0001843247169077821,15.04520982817843
0.00018443588983715954,15.046217452801432
0.00018454706276653697,15.04758488477089
0.0001846582356959144,15.04921159189731
0.00018476940862529183,15.050568592232697
0.00018488058155466925,15.051063222496214
0.00018499175448404668,15.053019454065684
0.0001851029274134241,15.053635525750952
0.00018521410034280156,15.055301398624897
0.000185325273272179,15.056475300528552
0.00018543644620155642,15.058673366315661
0.00018554761913093385,15.060622097336646
0.00018565879206031128,15.062484710233917
0.0001857699649896887,15.063542087539094
0.00018588113791906613,15.065708276962193
0.0001859923108484436,15.067222190251218
0.00018610348377782102,15.069557843545347
0.00018621465670719844,15.070873362860485
0.00018632582963657587,15.07298218348193
0.0001864370025659533,15.073815500399034
0.00018654817549533073,15.07593628013516
0.00018665934842470816,15.077875198709553
0.0001867705213540856,15.079389580213745
0.00018688169428346304,15.08053684313096
0.00018699286721284047,15.08172369457948
0.0001871040401422179,15.082195023827445
0.00018721521307159532,15.082778340678004
0.00018732638600097275,15.083806461172887
0.0001874375589303502,15.083905255477823
0.00018754873185972763,15.084399972907459
0.00018765990478910506,15.085664050728708
0.0001877710777184825,15.086830778975244
0.00018788225064785992,15.0868146016881
0.00018799342357723735,15.08784451591955
0.00018810459650661477,15.0870377982389
0.00018821576943599223,15.087329999026418
0.00018832694236536966,15.087790955524431
0.00018843811529474708,15.088040591341318
0.0001885492882241245,15.088348887563923
0.00018866046115350194,15.088800261092178
0.00018877163408287937,15.089672661081888
0.0001888828070122568,15.08875973323265
0.00018899397994163425,15.088750265115028
0.00018910515287101168,15.089361847796365
0.0001892163258003891,15.089256231459533
0.00018932749872976654,15.089764309572434
0.00018943867165914396,15.089717933165606
0.0001895498445885214,15.088993577402547
0.00018966101751789882,15.089254851227686
0.00018977219044727627,15.089419122579775
0.0001898833633766537,15.088454926321196
0.00018999453630603113,15.087707228634851
0.00019010570923540856,15.087075062011396
0.00019021688216478599,15.086741599107265
0.00019032805509416341,15.086187027840355
0.00019043922802354084,15.085839437451778
0.0001905504009529183,15.085109562914699
0.00019066157388229573,15.083649465279361
0.00019077274681167315,15.083016560894562
0.00019088391974105058,15.081506800023499
0.000190995092670428,15.079836136862378
0.00019110626559980544,15.079347306194178
0.00019121743852918287,15.078686971006908
0.00019132861145856032,15.077417647566485
0.00019143978438793775,15.076773994380057
0.00019155095731731518,15.076046330144496
0.0001916621302466926,15.075255925023807
0.00019177330317607003,15.07464155551296
0.00019188447610544746,15.073915569621468
0.0001919956490348249,15.073094161433456
0.00019210682196420234,15.071761886844211
0.00019221799489357977,15.071035087973733
0.0001923291678229572,15.069845219887815
0.00019244034075233463,15.068304206008062
0.00019255151368171206,15.068745151671475
0.00019266268661108948,15.068245788170612
0.0001927738595404669,15.067551841648573
0.00019288503246984437,15.06733729131636
0.0001929962053992218,15.066030510129353
0.00019310737832859922,15.064209110272767
0.00019321855125797665,15.063823912345516
0.00019332972418735408,15.064168673148663
0.0001934408971167315,15.063828986936933
0.00019355207004610893,15.063183877325685
0.0001936632429754864,15.062083165701374
0.00019377441590486382,15.061164841938966
0.00019388558883424125,15.059785729692214
0.00019399676176361867,15.058821646246857
0.0001941079346929961,15.057392026424372
0.00019421910762237353,15.056295151169039
0.00019433028055175096,15.055630249983778
0.0001944414534811284,15.055105914044699
0.00019455262641050584,15.054667974241063
0.00019466379933988327,15.054268834336556
0.0001947749722692607,15.053909680370893
0.00019488614519863812,15.05359169838165
0.00019499731812801555,15.053316074406402
0.000195108491057393,15.053083994482723
0.00019521966398677043,15.052896644648186
0.00019533083691614786,15.052755210940367
0.0001954420098455253,15.052660879396843
0.00019555318277490272,15.052614836055184
0.00019566435570428015,15.05261826695297
0.00019577552863365757,15.052672358127772
0.00019588670156303503,15.052778295617166
0.00019599787449241246,15.052937265458725
0.00019610904742178989,15.053150453690028
0.00019622022035116731,15.053419046348646
0.00019633139328054474,15.053744229472153
0.00019644256620992217,15.054127189098127
0.0001965537391392996,15.05456911126414
0.00019666491206867705,15.055071182007769
0.00019677608499805448,15.055634587366585
0.0001968872579274319,15.056260513378168
0.00019699843085680934,15.056950146080089
0.00019710960378618676,15.057704671509923
0.0001972207767155642,15.058525275705245
0.00019733194964494162,15.05941314470363
0.00019744312257431908,15.060369464542653
0.0001975542955036965,15.061395421259888
0.00019766546843307393,15.06249220089291
0.00019777664136245136,15.063660989479295
0.0001978878142918288,15.064902973056617
0.00019799898722120622,15.066219337662448
0.00019811016015058364,15.067611269334366
0.0001982213330799611,15.069079954109943
0.00019833250600933853,15.070626578026758
0.00019844367893871595,15.072252327122381
0.00019855485186809338,15.07395838743439
0.0001986660247974708,15.075745945000357
0.00019877719772684824,15.07761618585786
0.00019888837065622567,15.07957029604447
0.00019899954358560312,15.081609461597765
0.00019911071651498055,15.083734868555316
0.00019922188944435798,15.085947702954702
0.0001993330623737354,15.088249150833496
0.00019944423530311283,15.09064039822927
0.00019955540823249026,15.093122631179604
0.0001996665811618677,15.095697035722068
0.00019977775409124514,15.098364797894238
0.00019988892702062257,15.10112710373369
0.00020000009995,15.103985139277999
