Time,Amplitude
0.0,15.036020691576722
1.111729293774319e-07,15.036098424811849
2.223458587548638e-07,15.03618995065166
3.3351878813229573e-07,15.036294793837863
4.446917175097276e-07,15.036412479112153
5.558646468871596e-07,15.036542531216236
6.670375762645915e-07,15.036684474891812
7.782105056420233e-07,15.036837834880581
8.893834350194552e-07,15.037002135924247
1.0005563643968871e-06,15.037176902764509
1.1117292937743191e-06,15.03736166014307
1.222902223151751e-06,15.03755593280163
1.334075152529183e-06,15.037759245481892
1.4452480819066147e-06,15.037971122925557
1.5564210112840467e-06,15.038191089874326
1.6675939406614785e-06,15.0384186710699
1.7787668700389105e-06,15.038653391253982
1.8899397994163425e-06,15.038894775168272
2.0011127287937743e-06,15.039142347554472
2.112285658171206e-06,15.039395633154284
2.2234585875486383e-06,15.039654156709409
2.33463151692607e-06,15.039917442961547
2.445804446303502e-06,15.040185016652401
2.5569773756809336e-06,15.040456402523672
2.668150305058366e-06,15.040731125317063
2.7793232344357976e-06,15.041008709774273
2.8904961638132294e-06,15.041288680637004
3.0016690931906616e-06,15.041570562646958
3.1128420225680934e-06,15.041853880545837
3.224014951945525e-06,15.042138159075341
3.335187881322957e-06,15.042422922977172
3.446360810700389e-06,15.042707696993032
3.557533740077821e-06,15.042992005864622
3.6687066694552528e-06,15.043275374333643
3.779879598832685e-06,15.043557327141798
3.891052528210116e-06,15.043837389030786
4.0022254575875485e-06,15.04411508474231
4.113398386964981e-06,15.044389939018073
4.224571316342412e-06,15.044661476599773
4.335744245719844e-06,15.044929222229113
4.4469171750972765e-06,15.045192700647796
4.558090104474708e-06,15.04545143659752
4.66926303385214e-06,15.04570495481999
4.780435963229572e-06,15.045952780056906
4.891608892607004e-06,15.046194437049968
5.002781821984436e-06,15.046429450540879
5.113954751361867e-06,15.04665734527134
5.2251276807392995e-06,15.046877645983052
5.336300610116732e-06,15.047089877417719
5.447473539494163e-06,15.047293564317037
5.558646468871595e-06,15.047488231420562
5.6698193982490274e-06,15.047579735311276
5.780992327626459e-06,15.047753669497617
5.892165257003891e-06,15.047865381683403
6.003338186381323e-06,15.047580596960358
6.114511115758755e-06,15.048634931918972
6.225684045136187e-06,15.048544731779652
6.336856974513619e-06,15.048107679066002
6.44802990389105e-06,15.046991650739876
6.559202833268483e-06,15.046992341759585
6.670375762645914e-06,15.04749616796962
6.781548692023346e-06,15.04752113142708
6.892721621400778e-06,15.046643563768278
7.00389455077821e-06,15.046901125066196
7.115067480155642e-06,15.047501597380363
7.226240409533074e-06,15.046930775044949
7.3374133389105055e-06,15.046938721203752
7.448586268287938e-06,15.046692708225011
7.55975919766537e-06,15.046317229629828
7.670932127042801e-06,15.046459227589388
7.782105056420233e-06,15.045720138731053
7.893277985797666e-06,15.045451043569424
8.004450915175097e-06,15.04598042794244
8.115623844552528e-06,15.046032702306483
8.226796773929961e-06,15.045919131111681
8.337969703307393e-06,15.0455883518491
8.449142632684824e-06,15.045189892758787
8.560315562062257e-06,15.046046240665632
8.671488491439689e-06,15.045669234867514
8.78266142081712e-06,15.045437073192026
8.893834350194553e-06,15.046391596621577
9.005007279571984e-06,15.046160284825293
9.116180208949416e-06,15.046183838075711
9.227353138326849e-06,15.045002588287435
9.33852606770428e-06,15.045197106622071
9.449698997081712e-06,15.045408416839914
9.560871926459145e-06,15.04530494767392
9.672044855836576e-06,15.045914269080049
9.783217785214007e-06,15.045410773466465
9.89439071459144e-06,15.044891193627192
1.0005563643968872e-05,15.044228081574788
1.0116736573346303e-05,15.044420945310453
1.0227909502723734e-05,15.044531133132358
1.0339082432101168e-05,15.044528766923769
1.0450255361478599e-05,15.044319232717223
1.056142829085603e-05,15.043628945902341
1.0672601220233463e-05,15.043638184867234
1.0783774149610895e-05,15.042899712023566
1.0894947078988326e-05,15.04260093149131
1.1006120008365759e-05,15.04155726153778
1.111729293774319e-05,15.041685698004565
1.1228465867120622e-05,15.041062615627098
1.1339638796498055e-05,15.040663405539965
1.1450811725875486e-05,15.040339170772077
1.1561984655252918e-05,15.038911085495293
1.167315758463035e-05,15.037868006688841
1.1784330514007782e-05,15.037151542192637
1.1895503443385213e-05,15.037523566601267
1.2006676372762646e-05,15.036444150634374
1.2117849302140078e-05,15.035474241008739
1.222902223151751e-05,15.035280899827754
1.2340195160894942e-05,15.035078376904943
1.2451368090272374e-05,15.034433925381029
1.2562541019649805e-05,15.034185276067653
1.2673713949027238e-05,15.03359403515112
1.278488687840467e-05,15.034204248404667
1.28960598077821e-05,15.033790715062647
1.3007232737159532e-05,15.035074291540992
1.3118405666536965e-05,15.035523350478904
1.3229578595914397e-05,15.036280765129664
1.3340751525291828e-05,15.035891248883603
1.3451924454669261e-05,15.03654125423034
1.3563097384046692e-05,15.036984440243472
1.3674270313424124e-05,15.036541467874994
1.3785443242801557e-05,15.036457749762462
1.3896616172178988e-05,15.03692913141743
1.400778910155642e-05,15.037413768963884
1.4118962030933853e-05,15.03745929146569
1.4230134960311284e-05,15.038161766186843
1.4341307889688715e-05,15.038154830003704
1.4452480819066148e-05,15.037323812271541
1.456365374844358e-05,15.037143777360965
1.4674826677821011e-05,15.037306559977711
1.4785999607198444e-05,15.037843876165338
1.4897172536575875e-05,15.037820760267836
1.5008345465953307e-05,15.037312061897724
1.511951839533074e-05,15.037028758088645
1.5230691324708171e-05,15.036395310747764
1.5341864254085603e-05,15.03684875545703
1.5453037183463034e-05,15.037415822611361
1.5564210112840465e-05,15.03769646723381
1.56753830422179e-05,15.038106006750466
1.578655597159533e-05,15.038362043985051
1.5897728900972763e-05,15.038777084209048
1.6008901830350194e-05,15.039430758280963
1.6120074759727626e-05,15.03971242646628
1.6231247689105057e-05,15.040176168556643
1.634242061848249e-05,15.040591797251675
1.6453593547859923e-05,15.041335343264334
1.6564766477237354e-05,15.04188071319083
1.6675939406614786e-05,15.042086914199276
1.6787112335992217e-05,15.041864900393445
1.689828526536965e-05,15.042449066237305
1.7009458194747083e-05,15.041992248407597
1.7120631124124515e-05,15.042697133019043
1.7231804053501946e-05,15.043149582132298
1.7342976982879377e-05,15.042035445966564
1.745414991225681e-05,15.042920932598772
1.756532284163424e-05,15.042911621664116
1.767649577101167e-05,15.042968850576127
1.7787668700389106e-05,15.042787083590458
1.7898841629766537e-05,15.04264515371708
1.801001455914397e-05,15.043191713840685
1.81211874885214e-05,15.043893493482035
1.823236041789883e-05,15.043911731953422
1.8343533347276263e-05,15.044534366963042
1.8454706276653698e-05,15.045208420347004
1.856587920603113e-05,15.045623248197371
1.867705213540856e-05,15.04605197703153
1.8788225064785992e-05,15.047179521596465
1.8899397994163423e-05,15.046713647914306
1.9010570923540854e-05,15.047123146232758
1.912174385291829e-05,15.047477690247003
1.923291678229572e-05,15.048601826618581
1.9344089711673152e-05,15.049166828392849
1.9455262641050583e-05,15.05003200302296
1.9566435570428015e-05,15.050080842710605
1.9677608499805446e-05,15.050818113229456
1.978878142918288e-05,15.050512724786877
1.9899954358560312e-05,15.051690036579744
2.0011127287937744e-05,15.052020659945647
2.0122300217315175e-05,15.051812300635907
2.0233473146692606e-05,15.051079302235273
2.0344646076070038e-05,15.051214829801532
2.045581900544747e-05,15.052312354359598
2.0566991934824904e-05,15.052500259371751
2.0678164864202335e-05,15.051966869087844
2.0789337793579766e-05,15.051982117212017
2.0900510722957198e-05,15.051544637382896
2.101168365233463e-05,15.05205973220403
2.112285658171206e-05,15.051699491537866
2.1234029511089495e-05,15.050998746072192
2.1345202440466927e-05,15.05025003047258
2.1456375369844358e-05,15.050679096211006
2.156754829922179e-05,15.051536410402996
2.167872122859922e-05,15.051544890210055
2.1789894157976652e-05,15.051869063836358
2.1901067087354087e-05,15.051780418273617
2.2012240016731518e-05,15.05234093358769
2.212341294610895e-05,15.052035553746231
2.223458587548638e-05,15.052152938613744
2.2345758804863812e-05,15.051005486365902
2.2456931734241244e-05,15.050633313382564
2.256810466361868e-05,15.050204158207759
2.267927759299611e-05,15.05061903352319
2.279045052237354e-05,15.051112439846227
2.2901623451750973e-05,15.051368307295768
2.3012796381128404e-05,15.052455710720531
2.3123969310505835e-05,15.052460187574622
2.3235142239883267e-05,15.052963515580045
2.33463151692607e-05,15.052918862766312
2.3457488098638133e-05,15.052883350267356
2.3568661028015564e-05,15.05338552675225
2.3679833957392995e-05,15.05373087833772
2.3791006886770427e-05,15.054206657107686
2.3902179816147858e-05,15.053856199600038
2.4013352745525293e-05,15.05361502655928
2.4124525674902724e-05,15.05404922465474
2.4235698604280156e-05,15.053511322604425
2.4346871533657587e-05,15.05337388325564
2.445804446303502e-05,15.053481679038203
2.456921739241245e-05,15.053712682467173
2.4680390321789884e-05,15.053632302465257
2.4791563251167316e-05,15.053460657635206
2.4902736180544747e-05,15.05289838676402
2.501390910992218e-05,15.053016138169546
2.512508203929961e-05,15.051969227191465
2.523625496867704e-05,15.051881493437484
2.5347427898054476e-05,15.052062723093147
2.5458600827431907e-05,15.051920047494521
2.556977375680934e-05,15.051851542015498
2.568094668618677e-05,15.052370567520928
2.57921196155642e-05,15.052516271673515
2.5903292544941633e-05,15.05270296147523
2.6014465474319064e-05,15.05192712718675
2.61256384036965e-05,15.052019372393081
2.623681133307393e-05,15.052693777512143
2.634798426245136e-05,15.052775851972413
2.6459157191828793e-05,15.05316689056115
2.6570330121206224e-05,15.053528448295772
2.6681503050583656e-05,15.053724355566215
2.679267597996109e-05,15.053645269801937
2.6903848909338522e-05,15.05391196515012
2.7015021838715953e-05,15.054365610742474
2.7126194768093385e-05,15.05435485325384
2.7237367697470816e-05,15.054206575047584
2.7348540626848247e-05,15.054567902843473
2.7459713556225682e-05,15.054373941326542
2.7570886485603113e-05,15.054380296139541
2.7682059414980545e-05,15.054357447941731
2.7793232344357976e-05,15.054604318328193
2.7904405273735408e-05,15.053777639650477
2.801557820311284e-05,15.053573776958686
2.8126751132490274e-05,15.053397534399773
2.8237924061867705e-05,15.0536852606199
2.8349096991245136e-05,15.053527374702625
2.8460269920622568e-05,15.053609053406191
2.857144285e-05,15.054312422730009
2.868261577937743e-05,15.053859719217936
2.8793788708754862e-05,15.053757207636705
2.8904961638132297e-05,15.053739905748955
2.9016134567509728e-05,15.054591980861629
2.912730749688716e-05,15.054761570154653
2.923848042626459e-05,15.054461848307811
2.9349653355642022e-05,15.055328010069536
2.9460826285019453e-05,15.055892590197024
2.9571999214396888e-05,15.055935921349949
2.968317214377432e-05,15.055122980102118
2.979434507315175e-05,15.054686762586673
2.9905518002529182e-05,15.053637985000556
3.0016690931906614e-05,15.053257515320556
3.0127863861284045e-05,15.053579608256227
3.023903679066148e-05,15.053857407983765
3.035020972003891e-05,15.053494795021063
3.0461382649416342e-05,15.053798823809638
3.057255557879378e-05,15.054216726444693
3.0683728508171205e-05,15.053743242977335
3.079490143754864e-05,15.053266496387064
3.090607436692607e-05,15.05231369992643
3.10172472963035e-05,15.051675803031946
3.112842022568093e-05,15.050731882528815
3.1239593155058365e-05,15.050710228991536
3.13507660844358e-05,15.050285939951198
3.146193901381323e-05,15.050838945934991
3.157311194319066e-05,15.050529147595379
3.168428487256809e-05,15.05004983125999
3.1795457801945526e-05,15.049858373502463
3.1906630731322954e-05,15.049979634181154
3.201780366070039e-05,15.048519912277671
3.212897659007782e-05,15.048590343415789
3.224014951945525e-05,15.048058542558167
3.2351322448832686e-05,15.049043888880465
3.2462495378210114e-05,15.049345221946028
3.257366830758755e-05,15.049991006074732
3.268484123696498e-05,15.050209701374326
3.279601416634241e-05,15.049313655868987
3.2907187095719846e-05,15.049131015307433
3.3018360025097274e-05,15.04954314266773
3.312953295447471e-05,15.048753181182745
3.324070588385214e-05,15.0478727101109
3.335187881322957e-05,15.047732022160105
3.3463051742607006e-05,15.048071404160867
3.3574224671984434e-05,15.04774279564043
3.368539760136187e-05,15.048423300480898
3.37965705307393e-05,15.047796004705193
3.390774346011673e-05,15.048088706163671
3.4018916389494166e-05,15.047376245176187
3.4130089318871594e-05,15.047308300779417
3.424126224824903e-05,15.046359286478287
3.435243517762646e-05,15.045674929923404
3.446360810700389e-05,15.045550443468008
3.457478103638132e-05,15.045758746844877
3.4685953965758755e-05,15.046288760058102
3.479712689513619e-05,15.045848748620438
3.490829982451362e-05,15.045584484625952
3.501947275389105e-05,15.04495424832213
3.513064568326848e-05,15.045567452903093
3.5241818612645915e-05,15.045599982370732
3.535299154202334e-05,15.045281285974122
3.546416447140078e-05,15.045832152694977
3.557533740077821e-05,15.046459164730171
3.568651033015564e-05,15.04587414355205
3.5797683259533075e-05,15.045444234852965
3.59088561889105e-05,15.045440500412706
3.602002911828794e-05,15.045847706059602
3.613120204766537e-05,15.046182895987444
3.62423749770428e-05,15.046940421099276
3.6353547906420235e-05,15.047225234380665
3.646472083579766e-05,15.048006326477909
3.65758937651751e-05,15.04773578210045
3.6687066694552526e-05,15.048186584736163
3.679823962392996e-05,15.048311527313132
3.6909412553307395e-05,15.048358363465635
3.702058548268482e-05,15.047756543664134
3.713175841206226e-05,15.047718666000202
3.7242931341439686e-05,15.048033800578224
3.735410427081712e-05,15.047718635920454
3.746527720019455e-05,15.047484834289056
3.7576450129571984e-05,15.04815195913758
3.768762305894942e-05,15.047841817686587
3.7798795988326846e-05,15.047982889726809
3.790996891770428e-05,15.047847681648037
3.802114184708171e-05,15.047963858682891
3.8132314776459144e-05,15.047675288254412
3.824348770583658e-05,15.047642781862654
3.8354660635214006e-05,15.047556184252091
3.846583356459144e-05,15.047522242326101
3.857700649396887e-05,15.046787901698131
3.8688179423346304e-05,15.047605144837522
3.879935235272373e-05,15.047734426790964
3.891052528210117e-05,15.047367515337205
3.90216982114786e-05,15.0473486429249
3.913287114085603e-05,15.048350283961428
3.9244044070233464e-05,15.048459244912813
3.935521699961089e-05,15.04837686527676
3.946638992898833e-05,15.048074531569842
3.957756285836576e-05,15.047366250052608
3.968873578774319e-05,15.047407482518718
3.9799908717120624e-05,15.046843368105385
3.991108164649805e-05,15.046270979833594
4.002225457587549e-05,15.046613330959806
4.0133427505252915e-05,15.04772538627734
4.024460043463035e-05,15.046771557122279
4.0355773364007785e-05,15.046668086584791
4.046694629338521e-05,15.047078273783683
4.057811922276265e-05,15.04625436957622
4.0689292152140075e-05,15.045386267297866
4.080046508151751e-05,15.04588447602854
4.091163801089494e-05,15.04613938859844
4.102281094027237e-05,15.045858343891616
4.113398386964981e-05,15.046156665763439
4.1245156799027235e-05,15.046215553206723
4.135632972840467e-05,15.046373687869691
4.14675026577821e-05,15.04607386737929
4.157867558715953e-05,15.04643711687352
4.168984851653697e-05,15.045222657072278
4.1801021445914396e-05,15.044290197138205
4.191219437529183e-05,15.043184902389102
4.202336730466926e-05,15.04335488624826
4.213454023404669e-05,15.043761813709974
4.224571316342412e-05,15.044658839129115
4.2356886092801556e-05,15.045138676477618
4.246805902217899e-05,15.04482904465238
4.257923195155642e-05,15.044768478168168
4.269040488093385e-05,15.044572209003814
4.280157781031128e-05,15.044572309038843
4.2912750739688716e-05,15.045342717086148
4.3023923669066144e-05,15.04553936829872
4.313509659844358e-05,15.045012846428875
4.3246269527821014e-05,15.045221296535585
4.335744245719844e-05,15.045205231441573
4.3468615386575876e-05,15.044960286761585
4.3579788315953304e-05,15.044606055242454
4.369096124533074e-05,15.044485670470596
4.3802134174708174e-05,15.04439202124386
4.39133071040856e-05,15.043497368857564
4.4024480033463036e-05,15.043813222072181
4.4135652962840464e-05,15.043180397683615
4.42468258922179e-05,15.042562754109394
4.435799882159533e-05,15.041420689886309
4.446917175097276e-05,15.04131078435543
4.45803446803502e-05,15.040931996200658
4.4691517609727625e-05,15.039704664319403
4.480269053910506e-05,15.040589978571592
4.491386346848249e-05,15.039698028274508
4.502503639785992e-05,15.040433081683869
4.513620932723736e-05,15.039876237956397
4.5247382256614785e-05,15.040266881588561
4.535855518599222e-05,15.040109118714037
4.546972811536965e-05,15.0404615994984
4.558090104474708e-05,15.040285804654722
4.569207397412451e-05,15.040018880018076
4.5803246903501945e-05,15.039987274059403
4.591441983287938e-05,15.040305529184199
4.602559276225681e-05,15.040425389903318
4.613676569163424e-05,15.04120393453814
4.624793862101167e-05,15.041409119992771
4.6359111550389105e-05,15.041873272067724
4.647028447976653e-05,15.041748722407528
4.658145740914397e-05,15.042927585367622
4.66926303385214e-05,15.042293034970587
4.680380326789883e-05,15.041996812535505
4.6914976197276265e-05,15.042382392397995
4.7026149126653693e-05,15.043957102851362
4.713732205603113e-05,15.044029047872336
4.724849498540856e-05,15.043820595134237
4.735966791478599e-05,15.044414854291595
4.7470840844163426e-05,15.044154184595744
4.7582013773540854e-05,15.044282415335232
4.769318670291829e-05,15.043402710221468
4.7804359632295716e-05,15.04410250149564
4.791553256167315e-05,15.043687149071912
4.8026705491050586e-05,15.044196230527266
4.8137878420428014e-05,15.043765423831402
4.824905134980545e-05,15.043927693437425
4.8360224279182877e-05,15.043621222719166
4.847139720856031e-05,15.043655941092679
4.858257013793774e-05,15.04376044726312
4.8693743067315174e-05,15.044235868617115
4.880491599669261e-05,15.043400331355938
4.891608892607004e-05,15.04362348210066
4.902726185544747e-05,15.043260521227609
4.91384347848249e-05,15.043526728106514
4.9249607714202334e-05,15.043951266710563
4.936078064357977e-05,15.043528176815265
4.94719535729572e-05,15.043281183911175
4.958312650233463e-05,15.04251233846227
4.969429943171206e-05,15.224552378586907
4.9805472361089494e-05,15.416892392122987
4.991664529046692e-05,15.583889167592218
5.002781821984436e-05,15.730665514241315
5.013899114922179e-05,15.856067495510738
5.025016407859922e-05,15.961051569094831
5.0361337007976655e-05,16.047059021752613
5.047250993735408e-05,16.115219670844013
5.058368286673152e-05,16.165875962593155
5.069485579610895e-05,16.19941221447464
5.080602872548638e-05,16.215869601542032
5.0917201654863815e-05,16.214700123577053
5.102837458424124e-05,16.198059277415116
5.113954751361868e-05,16.165027455549552
5.1250720442996105e-05,16.116499918021155
5.136189337237354e-05,16.051222070019936
5.1473066301750975e-05,15.974306113375848
5.15842392311284e-05,15.882197458036552
5.169541216050584e-05,15.776193133433924
5.1806585089883266e-05,15.656915494803602
5.19177580192607e-05,15.525268935818634
5.202893094863813e-05,15.379926126857468
5.214010387801556e-05,15.224275225616873
5.2251276807393e-05,15.056432558300285
5.2362449736770426e-05,14.876844730845859
5.247362266614786e-05,14.687052363309983
5.258479559552529e-05,14.486878250397018
5.269596852490272e-05,14.276850854000532
5.280714145428016e-05,14.057867008551298
5.2918314383657586e-05,13.830360961750609
5.302948731303502e-05,13.593503527262865
5.314066024241245e-05,13.34940357159367
5.3251833171789884e-05,13.09644971638258
5.336300610116731e-05,12.836389310976175
5.3474179030544746e-05,12.569368366613569
5.358535195992218e-05,12.294923989774947
5.369652488929961e-05,12.014953288389732
5.3807697818677044e-05,11.729238394758017
5.391887074805447e-05,11.43798597418517
5.4030043677431907e-05,11.143283115975933
5.4141216606809334e-05,10.842460173710954
5.425238953618677e-05,10.53748004103191
5.4363562465564204e-05,10.229618989478462
5.447473539494163e-05,9.918675705748823
5.458590832431907e-05,9.604159840938514
5.4697081253696495e-05,9.288301314288008
5.480825418307393e-05,8.96995771212966
5.4919427112451364e-05,8.650906318031817
5.503060004182879e-05,8.330471836675986
5.514177297120623e-05,8.009731046537716
5.5252945900583655e-05,7.687354250703752
5.536411882996109e-05,7.3664180761244005
5.547529175933852e-05,7.044482050994514
5.558646468871595e-05,6.7259213130948075
5.569763761809339e-05,6.407763878807855
5.5808810547470815e-05,6.090716657584364
5.591998347684825e-05,5.7768962391290115
5.603115640622568e-05,5.46424007484752
5.614232933560311e-05,5.1555760900886
5.625350226498055e-05,4.849823148453345
5.6364675194357975e-05,4.5475872300518105
5.647584812373541e-05,4.2504595324068415
5.658702105311284e-05,3.9574542053176627
5.669819398249027e-05,3.6698163607945093
5.68093669118677e-05,3.38793319012763
5.6920539841245135e-05,3.1109417901308882
5.703171277062257e-05,2.841605938308653
5.71428857e-05,2.5789362246057848
5.725405862937743e-05,2.323725852933142
5.736523155875486e-05,2.0758125566240757
5.7476404488132296e-05,1.8357302183242237
5.7587577417509724e-05,1.6041033642488747
5.769875034688716e-05,1.3817726538441806
5.780992327626459e-05,1.1680603260725804
5.792109620564202e-05,0.9652701098282204
5.8032269135019456e-05,0.7726108478607514
5.8143442064396884e-05,0.5897915122562297
5.825461499377432e-05,0.41679479014282667
5.836578792315175e-05,0.25723785169738933
5.847696085252918e-05,0.10863013093732635
5.8588133781906616e-05,-0.02761671430380134
5.8699306711284044e-05,-0.1511869283675446
5.881047964066148e-05,-0.26048543721404643
5.892165257003891e-05,-0.35666999612974776
5.903282549941634e-05,-0.4392955580649372
5.9143998428793776e-05,-0.5075935858755202
5.9255171358171204e-05,-0.560905280830782
5.936634428754864e-05,-0.5992335557538357
5.947751721692607e-05,-0.6209455306529091
5.95886901463035e-05,-0.6263558302720289
5.9699863075680936e-05,-0.6154782749924235
5.9811036005058364e-05,-0.587177911882407
5.99222089344358e-05,-0.5428877849105171
6.003338186381323e-05,-0.4788514318763447
6.014455479319066e-05,-0.39765359131104006
6.025572772256809e-05,-0.2977073641203169
6.0366900651945525e-05,-0.17824536870075997
6.047807358132296e-05,-0.03952340314164882
6.058924651070039e-05,0.11986836835380392
6.070041944007782e-05,0.29994464028462164
6.081159236945525e-05,0.50145063305848
6.0922765298832685e-05,0.5223797798445416
6.103393822821011e-05,0.5143765225848116
6.114511115758755e-05,0.509617271531192
6.125628408696498e-05,0.5054491088920208
6.136745701634241e-05,0.5030006076834782
6.147862994571984e-05,0.5010620340679034
6.158980287509728e-05,0.4992182911661644
6.170097580447471e-05,0.4969775216432021
6.181214873385214e-05,0.4951270861385423
6.192332166322958e-05,0.49318120602362014
6.2034494592607e-05,0.4920638708885546
6.214566752198443e-05,0.49076714112268993
6.225684045136186e-05,0.48943308897930227
6.23680133807393e-05,0.48875955474639127
6.247918631011673e-05,0.48931737166258005
6.259035923949416e-05,0.4895336548797339
6.27015321688716e-05,0.48905109473760044
6.281270509824903e-05,0.48956495930682387
6.292387802762646e-05,0.4893168333873737
6.303505095700388e-05,0.48971209571392593
6.314622388638133e-05,0.4901776171661313
6.325739681575875e-05,0.4912181945429794
6.336856974513618e-05,0.491424402077249
6.347974267451362e-05,0.4929377162124279
6.359091560389105e-05,0.4947821602964359
6.370208853326848e-05,0.4965129988830122
6.381326146264591e-05,0.4984639004256777
6.392443439202335e-05,0.5012753032882988
6.403560732140078e-05,0.5032498958220888
6.41467802507782e-05,0.5056171626392072
6.425795318015565e-05,0.5082555416345237
6.436912610953307e-05,0.5103239170260682
6.44802990389105e-05,0.5127589468484203
6.459147196828794e-05,0.5155209683323966
6.470264489766537e-05,0.5173611592299929
6.48138178270428e-05,0.5211019662513799
6.492499075642023e-05,0.5240641217901778
6.503616368579767e-05,0.5280729722487214
6.51473366151751e-05,0.5314252369443017
6.525850954455252e-05,0.5340738991722113
6.536968247392997e-05,0.5361823466649454
6.54808554033074e-05,0.5394772133129082
6.559202833268482e-05,0.5426552284314312
6.570320126206225e-05,0.5468763312154583
6.581437419143969e-05,0.5499379034514024
6.592554712081712e-05,0.5536372435175887
6.603672005019455e-05,0.5571190552075421
6.614789297957199e-05,0.5605375407351213
6.625906590894942e-05,0.5629730703636063
6.637023883832685e-05,0.5647827492108499
6.648141176770427e-05,0.5674970675610854
6.659258469708171e-05,0.5699579157520738
6.670375762645914e-05,0.573085699147717
6.681493055583657e-05,0.5748875360840896
6.692610348521401e-05,0.5762671282341755
6.703727641459144e-05,0.5786138838950652
6.714844934396887e-05,0.5805355815440806
6.72596222733463e-05,0.5821075048905782
6.737079520272374e-05,0.5841678353365257
6.748196813210117e-05,0.5859058022399776
6.75931410614786e-05,0.5875831188680442
6.770431399085604e-05,0.5884510828414927
6.781548692023346e-05,0.5906645621049791
6.792665984961089e-05,0.5916480351171435
6.803783277898833e-05,0.5928471016027438
6.814900570836576e-05,0.5941412981590216
6.826017863774319e-05,0.5956296304881382
6.837135156712062e-05,0.5956937178700508
6.848252449649806e-05,0.5965252033110825
6.859369742587549e-05,0.5963913877927689
6.870487035525291e-05,0.597391774093787
6.881604328463036e-05,0.5973951260062997
6.892721621400778e-05,0.5978644602785295
6.903838914338521e-05,0.5970689856152432
6.914956207276264e-05,0.5965249556930368
6.926073500214008e-05,0.5948757349773254
6.937190793151751e-05,0.5938562468948193
6.948308086089494e-05,0.5933111584084595
6.959425379027238e-05,0.59139163297942
6.97054267196498e-05,0.5904996205586853
6.981659964902723e-05,0.5893577254345602
6.992777257840466e-05,0.5887050732194269
7.00389455077821e-05,0.5865252780272411
7.015011843715953e-05,0.5846609248531722
7.026129136653696e-05,0.5824993758969164
7.03724642959144e-05,0.5808909869489876
7.048363722529183e-05,0.5778948869362293
7.059481015466926e-05,0.5755578988183644
7.070598308404669e-05,0.5724692334765296
7.081715601342413e-05,0.570078061402993
7.092832894280155e-05,0.5671889625565144
7.103950187217898e-05,0.5643163165392759
7.115067480155642e-05,0.5618974652345514
7.126184773093385e-05,0.5590506437980592
7.137302066031128e-05,0.5557839229781184
7.148419358968871e-05,0.5537390202966437
7.159536651906615e-05,0.5507848871308315
7.170653944844358e-05,0.5473795244487958
7.1817712377821e-05,0.544369232684019
7.192888530719845e-05,0.541093825387623
7.204005823657588e-05,0.5381711009148556
7.21512311659533e-05,0.5364921728680041
7.226240409533074e-05,0.5332326911092028
7.237357702470817e-05,0.5300841146619899
7.24847499540856e-05,0.5264726166230345
7.259592288346303e-05,0.5230926276376879
7.270709581284047e-05,0.5198063137211166
7.28182687422179e-05,0.5163091908716593
7.292944167159533e-05,0.5143231758094161
7.304061460097277e-05,0.5119564822381102
7.31517875303502e-05,0.5085414305723719
7.326296045972762e-05,0.5051457667197062
7.337413338910505e-05,0.5021066336372373
7.348530631848249e-05,0.4989725386522633
7.359647924785992e-05,0.4971919919005677
7.370765217723735e-05,0.4929953407894412
7.381882510661479e-05,0.4903521885338631
7.392999803599222e-05,0.4873668770523145
7.404117096536965e-05,0.48459261569593515
7.415234389474707e-05,0.48306295616361294
7.426351682412452e-05,0.48160651072163124
7.437468975350194e-05,0.479240965036995
7.448586268287937e-05,0.4773320074824736
7.459703561225681e-05,0.47534075687792576
7.470820854163424e-05,0.473204004295509
7.481938147101167e-05,0.47139739554075627
7.49305544003891e-05,0.47063829023870296
7.504172732976654e-05,0.46935144377236077
7.515290025914397e-05,0.46864959190339056
7.52640731885214e-05,0.46720944288560995
7.537524611789884e-05,0.4664153867628548
7.548641904727626e-05,0.46548689757097444
7.559759197665369e-05,0.46502056407751113
7.570876490603113e-05,0.46477850499433115
7.581993783540856e-05,0.46452040898268687
7.593111076478599e-05,0.46510699946825107
7.604228369416342e-05,0.4639214522500584
7.615345662354086e-05,0.46356870135681943
7.626462955291829e-05,0.4621242262180271
7.637580248229572e-05,0.46275591464255683
7.648697541167316e-05,0.462835057778253
7.659814834105058e-05,0.4640234530560109
7.670932127042801e-05,0.4653653968538924
7.682049419980544e-05,0.46575258486244236
7.693166712918288e-05,0.4658149997025341
7.704284005856031e-05,0.4675277885565636
7.715401298793774e-05,0.46718422215585165
7.726518591731518e-05,0.4674426327190691
7.737635884669261e-05,0.4674197533597378
7.748753177607004e-05,0.4684238815919517
7.759870470544746e-05,0.47013653066828676
7.77098776348249e-05,0.4718469063299285
7.782105056420233e-05,0.472710017662397
7.793222349357976e-05,0.4737876090633162
7.80433964229572e-05,0.47527376916735026
7.815456935233463e-05,0.4774279955580841
7.826574228171206e-05,0.47863249955089004
7.837691521108949e-05,0.48027502335401634
7.848808814046693e-05,0.48269828202222775
7.859926106984436e-05,0.4845637865414006
7.871043399922178e-05,0.48634953841468415
7.882160692859923e-05,0.489253393842037
7.893277985797665e-05,0.4916151235296595
7.904395278735408e-05,0.49295333051974544
7.915512571673152e-05,0.49441815152422414
7.926629864610895e-05,0.49638022938051224
7.937747157548638e-05,0.4986035289392395
7.948864450486381e-05,0.500018419331719
7.959981743424125e-05,0.5017561041776578
7.971099036361868e-05,0.5029786155711302
7.98221632929961e-05,0.5051831631491757
7.993333622237355e-05,0.5070696601754876
8.004450915175097e-05,0.5083600909562633
8.01556820811284e-05,0.5096821591488913
8.026685501050583e-05,0.5116806597096052
8.037802793988327e-05,0.5136881254859673
8.04892008692607e-05,0.5159236458184656
8.060037379863813e-05,0.5179649614935689
8.071154672801557e-05,0.5198879136543122
8.0822719657393e-05,0.521800733869887
8.093389258677043e-05,0.5234267999162439
8.104506551614785e-05,0.5245003219956369
8.11562384455253e-05,0.5248358226973944
8.126741137490272e-05,0.525396540989688
8.137858430428015e-05,0.5264584164046229
8.148975723365759e-05,0.5270807789522751
8.160093016303502e-05,0.5283422992361113
8.171210309241245e-05,0.529568294111189
8.182327602178988e-05,0.5315424372841571
8.193444895116732e-05,0.5322359205254673
8.204562188054475e-05,0.5335664340378956
8.215679480992217e-05,0.5341774314788139
8.226796773929961e-05,0.5342584430160743
8.237914066867704e-05,0.5351018476287761
8.249031359805447e-05,0.5358492315836886
8.26014865274319e-05,0.5372429980590734
8.271265945680934e-05,0.5370858144698454
8.282383238618677e-05,0.5375683849151163
8.29350053155642e-05,0.5380811238772444
8.304617824494164e-05,0.5376038570595187
8.315735117431907e-05,0.5371062699709325
8.32685241036965e-05,0.5374932603795851
8.337969703307394e-05,0.5363865738493496
8.349086996245136e-05,0.5363770945210621
8.360204289182879e-05,0.5360388001623351
8.371321582120622e-05,0.5368038914651745
8.382438875058366e-05,0.5360717056414456
8.393556167996109e-05,0.5360094087622074
8.404673460933852e-05,0.5350605208049445
8.415790753871596e-05,0.5347979680843239
8.426908046809339e-05,0.5335190869679236
8.438025339747081e-05,0.5341074168837131
8.449142632684824e-05,0.5333326415216443
8.460259925622568e-05,0.5329531054944361
8.471377218560311e-05,0.5323397435627203
8.482494511498054e-05,0.5309028076147292
8.493611804435798e-05,0.5299122509016333
8.504729097373541e-05,0.5293411812829858
8.515846390311284e-05,0.5282919702987251
8.526963683249027e-05,0.5278670448392887
8.53808097618677e-05,0.5261871955060395
8.549198269124513e-05,0.5254355400149302
8.560315562062256e-05,0.5248521599699082
8.571432855e-05,0.5233053026185989
8.582550147937743e-05,0.5224709615599635
8.593667440875486e-05,0.5217108366343439
8.604784733813229e-05,0.5221064217734587
8.615902026750973e-05,0.5202841816655281
8.627019319688716e-05,0.5196192862107984
8.638136612626459e-05,0.5182421409536251
8.649253905564203e-05,0.5169864512192398
8.660371198501945e-05,0.5148552768637523
8.671488491439688e-05,0.5134196838669768
8.682605784377432e-05,0.5119658747739502
8.693723077315175e-05,0.5104151519969388
8.704840370252918e-05,0.5091257491507797
8.715957663190661e-05,0.507637192394678
8.727074956128405e-05,0.5063460132537417
8.738192249066148e-05,0.5054278992849051
8.74930954200389e-05,0.504752297602391
8.760426834941635e-05,0.5034365148956749
8.771544127879378e-05,0.5023676495766972
8.78266142081712e-05,0.5016526532212027
8.793778713754863e-05,0.50008221545453
8.804896006692607e-05,0.49916626064237835
8.81601329963035e-05,0.4981215665615172
8.827130592568093e-05,0.49774332846819663
8.838247885505837e-05,0.4976671619657045
8.84936517844358e-05,0.4977196816303833
8.860482471381323e-05,0.49769362755469937
8.871599764319065e-05,0.4976122156456035
8.88271705725681e-05,0.49747899139708124
8.893834350194552e-05,0.49616955429023146
8.904951643132295e-05,0.4957656085708748
8.91606893607004e-05,0.4955054342596796
8.927186229007782e-05,0.49456444310908754
8.938303521945525e-05,0.49410919229958905
8.949420814883268e-05,0.4943013198914259
8.960538107821012e-05,0.4938278987567851
8.971655400758755e-05,0.49411452436713227
8.982772693696497e-05,0.493953680967618
8.993889986634242e-05,0.4939407599628993
9.005007279571984e-05,0.49300100365257776
9.016124572509727e-05,0.49278287347990324
9.027241865447471e-05,0.49347530392846173
9.038359158385214e-05,0.49362641349242764
9.049476451322957e-05,0.49328512986703965
9.0605937442607e-05,0.4944822223436902
9.071711037198444e-05,0.4944929686433698
9.082828330136187e-05,0.49640085499934805
9.09394562307393e-05,0.49752141955494356
9.105062916011674e-05,0.4984113794550379
9.116180208949416e-05,0.49827394933349234
9.127297501887159e-05,0.49944150750195637
9.138414794824902e-05,0.5003477656144674
9.149532087762646e-05,0.5009687451466334
9.160649380700389e-05,0.5008775603077731
9.171766673638132e-05,0.5015031077357195
9.182883966575876e-05,0.502158415071486
9.194001259513619e-05,0.5033706315272928
9.205118552451362e-05,0.5042898900989985
9.216235845389104e-05,0.5048114458247626
9.227353138326848e-05,0.5059363547923983
9.238470431264591e-05,0.5077917995372979
9.249587724202334e-05,0.5093841710629261
9.260705017140078e-05,0.5112441187083192
9.271822310077821e-05,0.5123112714126004
9.282939603015564e-05,0.51267056409756
9.294056895953307e-05,0.5137461503014232
9.305174188891051e-05,0.5146379273715315
9.316291481828794e-05,0.5165139624273569
9.327408774766536e-05,0.5168634418794652
9.33852606770428e-05,0.5184112193929458
9.349643360642023e-05,0.5199956459097342
9.360760653579766e-05,0.5212272983439539
9.37187794651751e-05,0.5218384521881417
9.382995239455253e-05,0.5219840071974426
9.394112532392996e-05,0.5230365656473258
9.405229825330739e-05,0.5234432714355796
9.416347118268483e-05,0.5245768199315844
9.427464411206226e-05,0.5259782186566627
9.438581704143968e-05,0.5271434607563087
9.449698997081713e-05,0.5271789757069294
9.460816290019455e-05,0.5273575971476566
9.471933582957198e-05,0.5280257620856521
9.483050875894941e-05,0.5288883021717649
9.494168168832685e-05,0.5291534994207957
9.505285461770428e-05,0.5295185925115842
9.516402754708171e-05,0.5301065892082893
9.527520047645915e-05,0.5319349666924268
9.538637340583658e-05,0.5325407877020447
9.5497546335214e-05,0.5326625329951824
9.560871926459143e-05,0.5321991437048138
9.571989219396887e-05,0.5324188782750902
9.58310651233463e-05,0.5329963383922359
9.594223805272373e-05,0.533105697694447
9.605341098210117e-05,0.5333604817644664
9.61645839114786e-05,0.5335247725821385
9.627575684085603e-05,0.5332714185890144
9.638692977023346e-05,0.5336958015288564
9.64981026996109e-05,0.5330887089583626
9.660927562898833e-05,0.5333389221943058
9.672044855836575e-05,0.5320526776859797
9.68316214877432e-05,0.5309210500047997
9.694279441712062e-05,0.5306115966466568
9.705396734649805e-05,0.5302756813438083
9.716514027587548e-05,0.5294386245228244
9.727631320525292e-05,0.5285076413083946
9.738748613463035e-05,0.5278980487314844
9.749865906400778e-05,0.528005496320371
9.760983199338522e-05,0.5264049796213249
9.772100492276265e-05,0.5265606549332026
9.783217785214007e-05,0.526048861838671
9.794335078151751e-05,0.5264160367237241
9.805452371089494e-05,0.5260141738390404
9.816569664027237e-05,0.5256191785421837
9.82768695696498e-05,0.5243527325046385
9.838804249902724e-05,0.5235567108696846
9.849921542840467e-05,0.523220363229612
9.86103883577821e-05,0.5224717763737223
9.872156128715954e-05,0.5223933740492258
9.883273421653697e-05,0.5215906617636347
9.89439071459144e-05,0.5207388730935226
9.905508007529182e-05,0.5197746183189913
9.916625300466926e-05,0.5193125835511239
9.927742593404669e-05,0.5186832643260073
9.938859886342412e-05,0.518177498255473
9.949977179280156e-05,0.5162267951867803
9.961094472217899e-05,0.5151556488007594
9.972211765155642e-05,0.5135134825801537
9.983329058093384e-05,0.5125206928110838
9.994446351031129e-05,0.5110394428053985
0.00010005563643968871,0.5093543212185221
0.00010016680936906614,0.5092632977519411
0.00010027798229844358,0.5083236322475296
0.00010038915522782101,0.5077168520644673
0.00010050032815719844,0.5078691118144006
0.00010061150108657587,0.5069960670133381
0.00010072267401595331,0.5062511495244798
0.00010083384694533074,0.5053485570452594
0.00010094501987470817,0.5039115508787084
0.0001010561928040856,0.5039610162855551
0.00010116736573346303,0.5027017426431556
0.00010127853866284046,0.50233596881353
0.0001013897115922179,0.501542024937151
0.00010150088452159533,0.500163929498419
0.00010161205745097276,0.5006720647726417
0.00010172323038035019,0.5002376645142844
0.00010183440330972763,0.49952103080805943
0.00010194557623910506,0.500035970821718
0.00010205674916848249,0.49921422890710326
0.00010216792209785993,0.4974415165076346
0.00010227909502723736,0.4969534887809306
0.00010239026795661478,0.49648586115655363
0.00010250144088599221,0.496320097384912
0.00010261261381536965,0.49562203496563667
0.00010272378674474708,0.495233334285847
0.00010283495967412451,0.49608899346215046
0.00010294613260350195,0.49676851693521756
0.00010305730553287938,0.4959107526207171
0.0001031684784622568,0.49524051708677364
0.00010327965139163423,0.49545861419387055
0.00010339082432101168,0.4952911899675092
0.0001035019972503891,0.49541281886047844
0.00010361317017976653,0.4949518726358465
0.00010372434310914397,0.49508410806825254
0.0001038355160385214,0.49433583365474965
0.00010394668896789883,0.49445892446355855
0.00010405786189727626,0.4943595006627161
0.0001041690348266537,0.494685691936882
0.00010428020775603113,0.4940768015759068
0.00010439138068540855,0.4944633174210487
0.000104502553614786,0.49516633259348847
0.00010461372654416342,0.4958917211561514
0.00010472489947354085,0.49619880002461836
0.0001048360724029183,0.4961422153804151
0.00010494724533229572,0.49562628845472356
0.00010505841826167315,0.49678737056623556
0.00010516959119105058,0.4964574693500143
0.00010528076412042802,0.4971013903080037
0.00010539193704980545,0.49744370200608895
0.00010550310997918287,0.4981197191388198
0.00010561428290856032,0.49799746295605707
0.00010572545583793774,0.49969129940241863
0.00010583662876731517,0.5005333462170024
0.0001059478016966926,0.501434399800159
0.00010605897462607004,0.5018793523415891
0.00010617014755544747,0.5028144945815001
0.0001062813204848249,0.5040841990407722
0.00010639249341420234,0.5042899195029387
0.00010650366634357977,0.5039975137378268
0.0001066148392729572,0.5036023134476288
0.00010672601220233462,0.5040133887865283
0.00010683718513171206,0.5032963027627395
0.00010694835806108949,0.5036570909602796
0.00010705953099046692,0.5035770037147531
0.00010717070391984436,0.5035148703695075
0.00010728187684922179,0.5028698078301236
0.00010739304977859922,0.5031363367466732
0.00010750422270797665,0.5036830657242446
0.00010761539563735409,0.5043125924113223
0.00010772656856673152,0.5049716263832699
0.00010783774149610894,0.5051919613967607
0.00010794891442548639,0.505584129840329
0.00010806008735486381,0.5060334335632419
0.00010817126028424124,0.5057248641458234
0.00010828243321361867,0.5055911287751448
0.00010839360614299611,0.5057167762825502
0.00010850477907237354,0.5051563932462629
0.00010861595200175097,0.5059804363641762
0.00010872712493112841,0.5054778808548258
0.00010883829786050584,0.5057137239529983
0.00010894947078988326,0.5059391249212193
0.0001090606437192607,0.5066657174877556
0.00010917181664863813,0.5060258484777516
0.00010928298957801556,0.5064516968878008
0.00010939416250739299,0.5071296433594681
0.00010950533543677043,0.5072582208496963
0.00010961650836614786,0.5066635128356619
0.00010972768129552529,0.5068911079730792
0.00010983885422490273,0.5081439408413312
0.00010995002715428016,0.5083662731325297
0.00011006120008365758,0.5082792436443895
0.00011017237301303501,0.5088624322834912
0.00011028354594241245,0.508973435623557
0.00011039471887178988,0.508213778316723
0.00011050589180116731,0.5087051118147045
0.00011061706473054475,0.5086069180149605
0.00011072823765992218,0.5079705969393061
0.00011083941058929961,0.5076328816969923
0.00011095058351867704,0.506948910102685
0.00011106175644805448,0.5057591103572556
0.0001111729293774319,0.5057180450170039
0.00011128410230680933,0.5065335315800835
0.00011139527523618677,0.505252769014787
0.0001115064481655642,0.505672412908348
0.00011161762109494163,0.505221475807408
0.00011172879402431906,0.5044054408531342
0.0001118399669536965,0.5036080637421773
0.00011195113988307393,0.503170020668862
0.00011206231281245136,0.5022268850284484
0.0001121734857418288,0.5017155071145925
0.00011228465867120623,0.49991122303534
0.00011239583160058365,0.49978352517516406
0.0001125070045299611,0.49972497867311827
0.00011261817745933852,0.49905423024002493
0.00011272935038871595,0.49848448026436165
0.00011284052331809338,0.49727262215772716
0.00011295169624747082,0.4970776552507703
0.00011306286917684825,0.4971648943203909
0.00011317404210622568,0.4959455020924265
0.00011328521503560312,0.49442721248051047
0.00011339638796498055,0.49517371656735376
0.00011350756089435797,0.493909200399051
0.0001136187338237354,0.4936805953337133
0.00011372990675311284,0.4935366292819656
0.00011384107968249027,0.4932838673157517
0.0001139522526118677,0.49323832720172794
0.00011406342554124514,0.49289819127345863
0.00011417459847062257,0.4914808291053051
0.0001142857714,0.4920974624146999
0.00011439694432937742,0.4916776070516422
0.00011450811725875487,0.4916482845981144
0.0001146192901881323,0.49207718528972955
0.00011473046311750972,0.4922169917507606
0.00011484163604688716,0.49185529892067176
0.00011495280897626459,0.49175765422747075
0.00011506398190564202,0.4924244405127661
0.00011517515483501945,0.49324275832063785
0.00011528632776439689,0.49352441944181663
0.00011539750069377432,0.4939393681628773
0.00011550867362315174,0.49478420779936144
0.00011561984655252919,0.495199121027139
0.00011573101948190661,0.4949522246497925
0.00011584219241128404,0.49466059521598915
0.00011595336534066148,0.4942801912010708
0.00011606453827003891,0.4942862291341362
0.00011617571119941634,0.49492872670979704
0.00011628688412879377,0.49507278222299217
0.00011639805705817121,0.49506575628468613
0.00011650922998754864,0.495336462650347
0.00011662040291692607,0.49593298235844097
0.0001167315758463035,0.4959328539362007
0.00011684274877568093,0.497429028926743
0.00011695392170505836,0.4967340579871516
0.00011706509463443579,0.49666415149303555
0.00011717626756381323,0.4962457172755889
0.00011728744049319066,0.4960704426912507
0.00011739861342256809,0.4953871101970739
0.00011750978635194553,0.49550807567794497
0.00011762095928132296,0.49552522330153004
0.00011773213221070039,0.4958644073323642
0.00011784330514007781,0.4960112404988057
0.00011795447806945526,0.4970871034312929
0.00011806565099883268,0.4980506880749705
0.00011817682392821011,0.498824024283648
0.00011828799685758755,0.4987952417669123
0.00011839916978696498,0.49907287313409315
0.00011851034271634241,0.49914332028006553
0.00011862151564571984,0.499855153490861
0.00011873268857509728,0.5000550533217032
0.0001188438615044747,0.49982813124027103
0.00011895503443385213,0.4996339259892791
0.00011906620736322958,0.4993642183160752
0.000119177380292607,0.4994099989496145
0.00011928855322198443,0.4998061911255723
0.00011939972615136187,0.500539059420921
0.0001195108990807393,0.5016167396640204
0.00011962207201011673,0.5036417096164454
0.00011973324493949416,0.5048811657160454
0.0001198444178688716,0.5048159611721694
0.00011995559079824903,0.5053888221196219
0.00012006676372762645,0.5065108062554069
0.0001201779366570039,0.5065316126382573
0.00012028910958638132,0.5063613747758713
0.00012040028251575875,0.5073665367114204
0.00012051145544513618,0.5069437181434706
0.00012062262837451362,0.5067589527602087
0.00012073380130389105,0.5076951174276063
0.00012084497423326848,0.5088985603207781
0.00012095614716264592,0.5092918669642429
0.00012106732009202335,0.5083303884047141
0.00012117849302140077,0.5087775621770831
0.0001212896659507782,0.5091281786260724
0.00012140083888015564,0.5089454034826646
0.00012151201180953307,0.5091375220309583
0.0001216231847389105,0.5094415303337817
0.00012173435766828794,0.5085667931541393
0.00012184553059766537,0.5081272212139238
0.0001219567035270428,0.508483956579884
0.00012206787645642023,0.5087736539779477
0.00012217904938579765,0.5094310541337157
0.0001222902223151751,0.5102911993356698
0.00012240139524455254,0.5109705198729311
0.00012251256817392996,0.5096248152834767
0.0001226237411033074,0.5100857355658417
0.00012273491403268482,0.5092859066349846
0.00012284608696206225,0.5091754680522605
0.00012295725989143968,0.5086902827835657
0.00012306843282081713,0.509191545276295
0.00012317960575019456,0.5083399619495058
0.000123290778679572,0.5087625401190792
0.00012340195160894942,0.5086375600127947
0.00012351312453832684,0.5089161065291277
0.00012362429746770427,0.5083940492348547
0.0001237354703970817,0.5066519279664069
0.00012384664332645915,0.5061892309528323
0.00012395781625583658,0.5069208627810868
0.000124068989185214,0.5068413039764765
0.00012418016211459144,0.5075489543222702
0.00012429133504396887,0.5065164950849753
0.0001244025079733463,0.5067889169630491
0.00012451368090272372,0.5065875828817702
0.00012462485383210118,0.5062422117387421
0.0001247360267614786,0.5069426785849441
0.00012484719969085603,0.5080477484143611
0.00012495837262023346,0.5069987773104357
0.0001250695455496109,0.5070186953959114
0.00012518071847898832,0.5067042518450877
0.00012529189140836575,0.5059731910486288
0.0001254030643377432,0.5066326304368168
0.00012551423726712063,0.5061994579023843
0.00012562541019649806,0.5058760658888479
0.00012573658312587548,0.5044952126745418
0.0001258477560552529,0.50356864949045
0.00012595892898463034,0.502591487081443
0.00012607010191400777,0.503211584281416
0.00012618127484338522,0.5030116311944608
0.00012629244777276265,0.5027630227564726
0.00012640362070214008,0.5025872011482714
0.0001265147936315175,0.5023995919952593
0.00012662596656089494,0.5022366159440016
0.00012673713949027236,0.5024005926859524
0.0001268483124196498,0.5017462995034137
0.00012695948534902725,0.5021904646158731
0.00012707065827840467,0.501275317652633
0.0001271818312077821,0.5014417278248344
0.00012729300413715953,0.5009328555590278
0.00012740417706653696,0.5011586685910766
0.00012751534999591439,0.5013742678359473
0.00012762652292529181,0.502149285292708
0.00012773769585466927,0.502094716689492
0.0001278488687840467,0.5019029791358329
0.00012796004171342413,0.5017195040205005
0.00012807121464280155,0.5005322075250916
0.00012818238757217898,0.5005801631913549
0.0001282935605015564,0.5009773769162217
0.00012840473343093384,0.500884689934974
0.0001285159063603113,0.5011139675030868
0.00012862707928968872,0.5011118322388971
0.00012873825221906615,0.5010707085902956
0.00012884942514844358,0.5011064765958095
0.000128960598077821,0.5012204325905963
0.00012907177100719843,0.5009233371350376
0.0001291829439365759,0.5002426318270524
0.00012929411686595332,0.499707432581688
0.00012940528979533074,0.4986247461582711
0.00012951646272470817,0.49799661677873996
0.0001296276356540856,0.49801913920093566
0.00012973880858346303,0.49878810848121946
0.00012984998151284045,0.49842346515045866
0.0001299611544422179,0.4991940951004181
0.00013007232737159534,0.4983328901417382
0.00013018350030097277,0.49819970878572056
0.0001302946732303502,0.4981553652122979
0.00013040584615972762,0.4990763996297908
0.00013051701908910505,0.4988642967232737
0.00013062819201848248,0.49994089837547573
0.00013073936494785993,0.5003748997759218
0.00013085053787723736,0.4995960010023451
0.0001309617108066148,0.49995981865313205
0.00013107288373599222,0.5009481451355987
0.00013118405666536964,0.5006044208571419
0.00013129522959474707,0.5011296029487992
0.0001314064025241245,0.5014345003515669
0.00013151757545350196,0.5021497955715583
0.00013162874838287938,0.5016387564043554
0.0001317399213122568,0.5032422168774767
0.00013185109424163424,0.5034191085018475
0.00013196226717101167,0.5030388176105175
0.0001320734401003891,0.5032403471909778
0.00013218461302976652,0.5036453979750288
0.00013229578595914398,0.5034433377621677
0.0001324069588885214,0.5032435932071537
0.00013251813181789883,0.5035050903511431
0.00013262930474727626,0.5036105805598918
0.0001327404776766537,0.5036924286039882
0.00013285165060603112,0.5039337191505402
0.00013296282353540855,0.5041104335271851
0.000133073996464786,0.5039853970533859
0.00013318516939416343,0.5039726006607591
0.00013329634232354086,0.5031976810682518
0.00013340751525291829,0.503762223606899
0.00013351868818229571,0.5041626497454627
0.00013362986111167314,0.5035411231346181
0.00013374103404105057,0.5037689871395036
0.00013385220697042802,0.5048179318621049
0.00013396337989980545,0.5052150835378764
0.00013407455282918288,0.5053103512054968
0.0001341857257585603,0.5049998715398504
0.00013429689868793774,0.504644040324232
0.00013440807161731516,0.5049528348792881
0.0001345192445466926,0.504944172478028
0.00013463041747607005,0.5052498416906748
0.00013474159040544748,0.5059802045343188
0.0001348527633348249,0.507068841880278
0.00013496393626420233,0.5078532170161456
0.00013507510919357976,0.5078874935420031
0.0001351862821229572,0.5071650943578793
0.00013529745505233462,0.5075306192083574
0.00013540862798171207,0.506820160632841
0.0001355198009110895,0.5071854993542346
0.00013563097384046693,0.5067000262283173
0.00013574214676984435,0.5078202908965233
0.00013585331969922178,0.5080383213351867
0.0001359644926285992,0.5081988916405966
0.00013607566555797667,0.5077887679877564
0.0001361868384873541,0.5075909796979674
0.00013629801141673152,0.5073558920116162
0.00013640918434610895,0.5071338553139032
0.00013652035727548638,0.5065362735097073
0.0001366315302048638,0.5058119403228286
0.00013674270313424123,0.5055648658217318
0.0001368538760636187,0.505946013169153
0.00013696504899299612,0.506524140584019
0.00013707622192237354,0.5076874424025113
0.00013718739485175097,0.5071708080078208
0.0001372985677811284,0.5076486151536379
0.00013740974071050583,0.5084984623154492
0.00013752091363988326,0.5084197566715096
0.0001376320865692607,0.5084056362387507
0.00013774325949863814,0.5091065184664108
0.00013785443242801557,0.5082882629312745
0.000137965605357393,0.5076980164586492
0.00013807677828677042,0.5076423056761877
0.00013818795121614785,0.5067824184668731
0.00013829912414552528,0.5074076326145572
0.00013841029707490273,0.5070665755330234
0.00013852147000428016,0.5077353166225288
0.0001386326429336576,0.5076457210047844
0.00013874381586303502,0.5065241159348314
0.00013885498879241245,0.5065433385373461
0.00013896616172178987,0.5060375406988
0.0001390773346511673,0.5051129143612646
0.00013918850758054476,0.5049108847262846
0.00013929968050992219,0.5041157472161167
0.0001394108534392996,0.5036067921478213
0.00013952202636867704,0.503184165378801
0.00013963319929805447,0.5028985598292928
0.0001397443722274319,0.5033556977336645
0.00013985554515680933,0.5040401117785764
0.00013996671808618678,0.5031969458839124
0.0001400778910155642,0.5025482973662535
0.00014018906394494164,0.5019423191492484
0.00014030023687431906,0.5024003120322633
0.0001404114098036965,0.5016669222789375
0.00014052258273307392,0.5020573398999159
0.00014063375566245135,0.5025544920685638
0.0001407449285918288,0.5030084387150798
0.00014085610152120623,0.5037835979897458
0.00014096727445058366,0.5039398451427112
0.0001410784473799611,0.5035329923841421
0.00014118962030933851,0.5029930072102681
0.00014130079323871594,0.5043747785072697
0.00014141196616809337,0.5055073515795873
0.00014152313909747083,0.5067045199143456
0.00014163431202684825,0.5069450241981276
0.00014174548495622568,0.5072610726802569
0.0001418566578856031,0.5076359792126115
0.00014196783081498054,0.5069508756962615
0.00014207900374435797,0.5069558729509958
0.0001421901766737354,0.5064371903068502
0.00014230134960311285,0.5058441690221478
0.00014241252253249028,0.5061478893594116
0.0001425236954618677,0.505562499364377
0.00014263486839124513,0.505510565360231
0.00014274604132062256,0.5056078200712533
0.00014285721425,0.5057987696838413
0.00014296838717937742,0.5043260744277034
0.00014307956010875487,0.5043217050166894
0.0001431907330381323,0.5042444486653715
0.00014330190596750973,0.5036721267235993
0.00014341307889688716,0.5034419731927792
0.00014352425182626458,0.5042594781361174
0.000143635424755642,0.504248775224033
0.00014374659768501947,0.5044779854482502
0.0001438577706143969,0.5029905625310824
0.00014396894354377432,0.5031682808139823
0.00014408011647315175,0.5022128429726788
0.00014419128940252918,0.5027447785908932
0.0001443024623319066,0.5029595307320485
0.00014441363526128403,0.5033389035395877
0.0001445248081906615,0.5038661540694589
0.00014463598112003892,0.5049084046641481
0.00014474715404941635,0.5050363091738928
0.00014485832697879377,0.5052809742069797
0.0001449694999081712,0.5064698499437331
0.00014508067283754863,0.5054557026318073
0.00014519184576692606,0.5058648691927891
0.0001453030186963035,0.5060465839735435
0.00014541419162568094,0.5069713011103163
0.00014552536455505837,0.5075578660152762
0.0001456365374844358,0.5080142152646718
0.00014574771041381322,0.5081794069206648
0.00014585888334319065,0.5088314555863824
0.00014597005627256808,0.5084516989497833
0.00014608122920194554,0.5082234105834494
0.00014619240213132296,0.5088901984870199
0.0001463035750607004,0.5106144542405323
0.00014641474799007782,0.5115025701854954
0.00014652592091945525,0.511847627059044
0.00014663709384883268,0.5124613634038556
0.0001467482667782101,0.5129630109842762
0.00014685943970758756,0.5133740266974828
0.00014697061263696499,0.5130653348583516
0.00014708178556634241,0.5126664533585205
0.00014719295849571984,0.5124715877858486
0.00014730413142509727,0.5114828344991895
0.0001474153043544747,0.5124195694161456
0.00014752647728385213,0.5123235051334054
0.00014763765021322958,0.5123790076595574
0.000147748823142607,0.5125759569292152
0.00014785999607198444,0.512728420353549
0.00014797116900136187,0.5128630457845545
0.0001480823419307393,0.5135884849839594
0.00014819351486011672,0.5136064979520802
0.00014830468778949415,0.5130344086614841
0.0001484158607188716,0.5147633245180699
0.00014852703364824903,0.514021149856736
0.00014863820657762646,0.5137433728706529
0.0001487493795070039,0.5130051727382798
0.00014886055243638132,0.5130779407326977
0.00014897172536575874,0.512748531115748
0.00014908289829513617,0.51350193747714
0.00014919407122451363,0.5132665633446623
0.00014930524415389106,0.5132064187753262
0.00014941641708326848,0.5133562395932462
0.0001495275900126459,0.5126375853725581
0.00014963876294202334,0.48129338272836014
0.00014974993587140077,0.20433675519325326
0.0001498611088007782,-0.04407253089203218
0.00014997228173015565,-0.12336428142423064
0.00015008345465953308,-0.22822134556600335
0.0001501946275889105,-0.3883648472565222
0.00015030580051828793,-0.47850349164657713
0.00015041697344766536,-0.5309939869422142
0.0001505281463770428,-0.5992385662555362
0.00015063931930642025,-0.64617005068383
0.00015075049223579767,-0.6583758257655133
0.0001508616651651751,-0.6626332443499131
0.00015097283809455253,-0.656284426390773
0.00015108401102392996,-0.625890635999165
0.00015119518395330738,-0.5800786375602358
0.0001513063568826848,-0.5231920095473158
0.00015141752981206227,-0.449238053123177
0.0001515287027414397,-0.36042125098644273
0.00015163987567081712,-0.2596517384725352
0.00015175104860019455,-0.14394709239980197
0.00015186222152957198,-0.015572138408575773
0.0001519733944589494,0.12430850517814612
0.00015208456738832684,0.27602383025142896
0.0001521957403177043,0.4402268709597638
0.00015230691324708172,0.6172971227584012
0.00015241808617645915,0.8044834817220624
0.00015252925910583657,1.0019819851184228
0.000152640432035214,1.2084387718974292
0.00015275160496459143,1.4242403769094985
0.00015286277789396886,1.649479983876556
0.00015297395082334631,1.884138321960619
0.00015308512375272374,2.1253441295792035
0.00015319629668210117,2.376342530726106
0.0001533074696114786,2.6349735545859
0.00015341864254085603,2.9007549326630953
0.00015352981547023345,3.1729049512728675
0.00015364098839961088,3.4506193136782843
0.00015375216132898834,3.7349540990753773
0.00015386333425836576,4.025700081915114
0.0001539745071877432,4.3206382822078915
0.00015408568011712062,4.619806750127541
0.00015419685304649805,4.924044528183801
0.00015430802597587548,5.231306169366915
0.0001544191989052529,5.543085864473501
0.00015453037183463036,5.857990046001081
0.0001546415447640078,6.173958853200451
0.00015475271769338522,6.492649054558416
0.00015486389062276264,6.812756712269442
0.00015497506355214007,7.1344592343569735
0.0001550862364815175,7.458074028238973
0.00015519740941089493,7.780720532323621
0.00015530858234027238,8.104552141857619
0.0001554197552696498,8.427237845110374
0.00015553092819902724,8.749007801227991
0.00015564210112840467,9.069093483534614
0.0001557532740577821,9.388729979924975
0.00015586444698715952,9.704556662594559
0.00015597561991653695,10.019499642923986
0.0001560867928459144,10.330557387163546
0.00015619796577529183,10.638774296406043
0.00015630913870466926,10.943507739361579
0.0001564203116340467,11.244091165812835
0.00015653148456342412,11.539675851136133
0.00015664265749280155,11.829888796177785
0.00015675383042217897,12.115184383666705
0.00015686500335155643,12.395293399635175
0.00015697617628093386,12.668284014587687
0.00015708734921031128,12.934908902325903
0.0001571985221396887,13.194643126239797
0.00015730969506906614,13.447162878066816
0.00015742086799844357,13.690221861995239
0.000157532040927821,13.925561621472884
0.00015764321385719845,14.151777241717014
0.00015775438678657588,14.369291818014345
0.0001578655597159533,14.576912454530415
0.00015797673264533074,14.77394033588917
0.00015808790557470816,14.960530646929655
0.0001581990785040856,15.136112440881337
0.00015831025143346305,15.300914092290943
0.00015842142436284047,15.453126389718966
0.0001585325972922179,15.59421695862741
0.00015864377022159533,15.721112865779894
0.00015875494315097276,15.83522051771815
0.00015886611608035019,15.936517786808214
0.00015897728900972761,16.024133947072983
0.00015908846193910507,16.097027850333728
0.0001591996348684825,16.154916145137392
0.00015931080779785993,16.196615111679442
0.00015942198072723735,16.224030667714292
0.00015953315365661478,16.234964154080647
0.0001596443265859922,16.22884501415529
0.00015975549951536964,16.206947923551823
0.0001598666724447471,16.166906852052392
0.00015997784537412452,16.10997500064352
0.00016008901830350195,16.034074814659384
0.00016020019123287938,15.939312894265711
0.0001603113641622568,15.824717226914776
0.00016042253709163423,15.690881291094783
0.00016053371002101166,15.538305024261245
0.00016064488295038912,15.364294190493696
0.00016075605587976654,15.170726732336636
0.00016086722880914397,14.989766893850865
0.0001609784017385214,15.065351511171388
0.00016108957466789883,15.147435984246078
0.00016120074759727626,15.081940412006604
0.00016131192052665368,15.051809362556542
0.00016142309345603114,15.098774079553873
0.00016153426638540857,15.099032826727935
0.000161645439314786,15.077669588825852
0.00016175661224416342,15.088984157829097
0.00016186778517354085,15.099225172568115
0.00016197895810291828,15.090900519245253
0.0001620901310322957,15.091137079859891
0.00016220130396167316,15.096658442193824
0.0001623124768910506,15.093953000643141
0.00016242364982042802,15.091417475586942
0.00016253482274980544,15.093059118571368
0.00016264599567918287,15.092313462334825
0.0001627571686085603,15.089732737556936
0.00016286834153793773,15.089510147777144
0.00016297951446731518,15.087694592802933
0.0001630906873966926,15.085720797323484
0.00016320186032607004,15.084965957855903
0.00016331303325544747,15.084068678847732
0.0001634242061848249,15.083047323966111
0.00016353537911420232,15.08086739195625
0.00016364655204357975,15.078900000157173
0.0001637577249729572,15.07728063114079
0.00016386889790233463,15.074837868819012
0.00016398007083171206,15.072611890367462
0.0001640912437610895,15.069446369785425
0.00016420241669046692,15.067257080951222
0.00016431358961984435,15.06659211940799
0.00016442476254922177,15.064366276855889
0.00016453593547859923,15.060695704634316
0.00016464710840797666,15.057481053375222
0.00016475828133735409,15.055257852763944
0.00016486945426673151,15.053271775929197
0.00016498062719610894,15.05147941092465
0.00016509180012548637,15.047958445881221
0.0001652029730548638,15.045092694926453
0.00016531414598424125,15.04300446395912
0.00016542531891361868,15.039456627355795
0.0001655364918429961,15.036791674170725
0.00016564766477237354,15.033474599515689
0.00016575883770175096,15.030025724742504
0.0001658700106311284,15.028164318073504
0.00016598118356050585,15.024828838625934
0.00016609235648988328,15.022421144389979
0.0001662035294192607,15.019573141151115
0.00016631470234863813,15.017439835721408
0.00016642587527801556,15.015398452713642
0.000166537048207393,15.013523757984771
0.00016664822113677042,15.011738311873005
0.00016675939406614787,15.010441978430624
0.0001668705669955253,15.009682639758845
0.00016698173992490273,15.008901227686886
0.00016709291285428015,15.007822608761614
0.00016720408578365758,15.00655096197543
0.000167315258713035,15.006994358354069
0.00016742643164241244,15.006093091202306
0.0001675376045717899,15.006825404334842
0.00016764877750116732,15.00678892375214
0.00016775995043054475,15.007054473249417
0.00016787112335992218,15.007855047548588
0.0001679822962892996,15.008141557758
0.00016809346921867703,15.008449659403782
0.00016820464214805446,15.009539140321616
0.00016831581507743192,15.009329457036024
0.00016842698800680934,15.010130276123347
0.00016853816093618677,15.010356420261695
0.0001686493338655642,15.011083726483026
0.00016876050679494163,15.011664775210784
0.00016887167972431906,15.012756778592944
0.00016898285265369648,15.013521154764785
0.00016909402558307394,15.014678068051042
0.00016920519851245137,15.016025421130339
0.0001693163714418288,15.01806295038245
0.00016942754437120622,15.019591897410377
0.00016953871730058365,15.022111929868116
0.00016964989022996108,15.024845216449954
0.0001697610631593385,15.027086860506133
0.00016987223608871596,15.02981330045198
0.0001699834090180934,15.032911540797688
0.00017009458194747082,15.035000329343838
0.00017020575487684825,15.03793387004405
0.00017031692780622567,15.04044849782852
0.0001704281007356031,15.043416130392373
0.00017053927366498053,15.047041545892622
0.00017065044659435799,15.05110757394535
0.0001707616195237354,15.054727463064502
0.00017087279245311284,15.058443050915887
0.00017098396538249027,15.061056223134159
0.0001710951383118677,15.064586231270452
0.00017120631124124513,15.066836209138579
0.00017131748417062255,15.069414609245262
0.0001714286571,15.072567535312063
0.00017153983002937744,15.07643105644164
0.00017165100295875486,15.080584936284463
0.0001717621758881323,15.08295404658968
0.00017187334881750972,15.086535964267703
0.00017198452174688715,15.089361200436558
0.00017209569467626458,15.092693428046976
0.00017220686760564203,15.094942014255803
0.00017231804053501946,15.098088029287062
0.0001724292134643969,15.101146872033882
0.00017254038639377432,15.10422095288696
0.00017265155932315174,15.107036264385563
0.00017276273225252917,15.109601851983564
0.00017287390518190663,15.111425275783587
0.00017298507811128405,15.115562718060271
0.00017309625104066148,15.117022844679619
0.0001732074239700389,15.119519889287847
0.00017331859689941634,15.121593902624749
0.00017342976982879377,15.123323049202641
0.0001735409427581712,15.124307272287178
0.00017365211568754865,15.12612404543899
0.00017376328861692608,15.12759980139069
0.0001738744615463035,15.129723369378281
0.00017398563447568093,15.131257096401734
0.00017409680740505836,15.133086698150183
0.0001742079803344358,15.134891892205536
0.00017431915326381322,15.13690208993364
0.00017443032619319067,15.138673674501845
0.0001745414991225681,15.139860209683505
0.00017465267205194553,15.140865992988138
0.00017476384498132296,15.142073206622573
0.00017487501791070038,15.141995795636605
0.0001749861908400778,15.14141987401935
0.00017509736376945524,15.141532893196617
0.0001752085366988327,15.142064774527014
0.00017531970962821012,15.142293507119131
0.00017543088255758755,15.142232740402166
0.00017554205548696498,15.14058803792425
0.0001756532284163424,15.139385123653861
0.00017576440134571983,15.139489125560516
0.00017587557427509726,15.13903896478513
0.00017598674720447472,15.138754883527263
0.00017609792013385215,15.137786154611339
0.00017620909306322957,15.136435719755864
0.000176320265992607,15.136171188959077
0.00017643143892198443,15.134892837185353
0.00017654261185136186,15.13319910632922
0.00017665378478073929,15.133038159492946
0.00017676495771011674,15.13230028714938
0.00017687613063949417,15.131330707345494
0.0001769873035688716,15.129790231961396
0.00017709847649824902,15.12863233666055
0.00017720964942762645,15.12719744244543
0.00017732082235700388,15.12570881505298
0.0001774319952863813,15.12346478457886
0.00017754316821575876,15.121936522578862
0.0001776543411451362,15.120577258912794
0.00017776551407451362,15.119287237307164
0.00017787668700389105,15.1162415894491
0.00017798785993326848,15.115090517616897
0.0001780990328626459,15.113500993130264
0.00017821020579202333,15.111764168542043
0.0001783213787214008,15.110319447208912
0.00017843255165077821,15.108813351543407
0.00017854372458015564,15.106559883778031
0.00017865489750953307,15.105161925856521
0.0001787660704389105,15.102094001063467
0.00017887724336828793,15.099909442539952
0.00017898841629766535,15.098416085407255
0.0001790995892270428,15.096479678850017
0.00017921076215642024,15.094603509962647
0.00017932193508579767,15.092642874994144
0.0001794331080151751,15.090877354551564
0.00017954428094455252,15.089352134791294
0.00017965545387392995,15.087632075867043
0.00017976662680330738,15.08510559835239
0.00017987779973268483,15.083968654856937
0.00017998897266206226,15.082684554286262
0.0001801001455914397,15.082060253467462
0.00018021131852081712,15.08135492122633
0.00018032249145019454,15.08081667081242
0.00018043366437957197,15.079212657984923
0.00018054483730894943,15.077783997199912
0.00018065601023832686,15.077827528068324
0.00018076718316770428,15.07718050110707
0.0001808783560970817,15.076043014733116
0.00018098952902645914,15.075851972980098
0.00018110070195583657,15.074353276900217
0.000181211874885214,15.073978267784648
0.00018132304781459145,15.07312475243208
0.00018143422074396888,15.072433431146006
0.0001815453936733463,15.072683875908751
0.00018165656660272373,15.073004591866939
0.00018176773953210116,15.07221848388701
0.0001818789124614786,15.071067997637874
0.00018199008539085602,15.070602541690993
0.00018210125832023347,15.070822423065323
0.0001822124312496109,15.071076494584716
0.00018232360417898833,15.071443508424622
0.00018243477710836576,15.072056092268948
0.00018254595003774319,15.072716836970857
0.0001826571229671206,15.073514123942228
0.00018276829589649804,15.074057117507865
0.0001828794688258755,15.074287127210301
0.00018299064175525292,15.075057777603584
0.00018310181468463035,15.075310822110438
0.00018321298761400778,15.076326253388013
0.0001833241605433852,15.076359343546251
0.00018343533347276264,15.077663426791338
0.00018354650640214006,15.078329204617772
0.00018365767933151752,15.07938846926025
0.00018376885226089495,15.079966524602089
0.00018388002519027238,15.08142239851522
0.0001839911981196498,15.08290960150159
0.00018410237104902723,15.084237923669528
0.00018421354397840466,15.084840551814324
0.0001843247169077821,15.08605283402681
0.00018443588983715954,15.087754334133946
0.00018454706276653697,15.088206601794791
0.0001846582356959144,15.089387328818882
0.00018476940862529183,15.091230256562742
0.00018488058155466925,15.09333648963477
0.00018499175448404668,15.095054939073792
0.0001851029274134241,15.095235455151654
0.00018521410034280156,15.096399103346382
0.000185325273272179,15.097509833380744
0.00018543644620155642,15.098686835254904
0.00018554761913093385,15.1002795807272
0.00018565879206031128,15.101368021326453
0.0001857699649896887,15.102700500362788
0.00018588113791906613,15.103976478454689
0.0001859923108484436,15.104567937663807
0.00018610348377782102,15.106923183585788
0.00018621465670719844,15.107992777280382
0.00018632582963657587,15.109613713477467
0.0001864370025659533,15.11005099506391
0.00018654817549533073,15.11206565160336
0.00018665934842470816,15.112613879158113
0.0001867705213540856,15.114076058053993
0.00018688169428346304,15.114685959530926
0.00018699286721284047,15.116579425529293
0.0001871040401422179,15.117979009143049
0.00018721521307159532,15.118493172701395
0.00018732638600097275,15.119591664430848
0.0001874375589303502,15.120721918996233
0.00018754873185972763,15.120899662791482
0.00018765990478910506,15.122758783636746
0.0001877710777184825,15.123887012116443
0.00018788225064785992,15.124384337780587
0.00018799342357723735,15.124701163789672
0.00018810459650661477,15.125252636575711
0.00018821576943599223,15.125928881457028
0.00018832694236536966,15.125781303827754
0.00018843811529474708,15.126669753507292
0.0001885492882241245,15.12639864496995
0.00018866046115350194,15.127707443614195
0.00018877163408287937,15.128184231975077
0.0001888828070122568,15.128268725363244
0.00018899397994163425,15.127947056106976
0.00018910515287101168,15.129002604998881
0.0001892163258003891,15.12913873235099
0.00018932749872976654,15.12922149098791
0.00018943867165914396,15.128709333539623
0.0001895498445885214,15.128617629248387
0.00018966101751789882,15.127866058159936
0.00018977219044727627,15.127939948542664
0.0001898833633766537,15.126567180652426
0.00018999453630603113,15.127661543106576
0.00019010570923540856,15.126429427032239
0.00019021688216478599,15.12583655435552
0.00019032805509416341,15.124703050789817
0.00019043922802354084,15.123655289764933
0.0001905504009529183,15.121903303012031
0.00019066157388229573,15.12096893402864
0.00019077274681167315,15.120636709836713
0.00019088391974105058,15.119570985772496
0.000190995092670428,15.119399492302426
0.00019110626559980544,15.118688289412992
0.00019121743852918287,15.117685435438009
0.00019132861145856032,15.115909154831263
0.00019143978438793775,15.114345709611788
0.00019155095731731518,15.11198564475918
0.0001916621302466926,15.11189405204946
0.00019177330317607003,15.111402792949791
0.00019188447610544746,15.109185052760912
0.0001919956490348249,15.107367636796038
0.00019210682196420234,15.10572277115855
0.00019221799489357977,15.104782832008514
0.0001923291678229572,15.104363035090213
0.00019244034075233463,15.10294732677998
0.00019255151368171206,15.102836626492985
0.00019266268661108948,15.10124179082336
0.0001927738595404669,15.099774102475836
0.00019288503246984437,15.09818560628381
0.0001929962053992218,15.097309933086384
0.00019310737832859922,15.096257777601055
0.00019321855125797665,15.095690393420021
0.00019332972418735408,15.094180401363086
0.0001934408971167315,15.09394374744238
0.00019355207004610893,15.092072528054837
0.0001936632429754864,15.091528692518168
0.00019377441590486382,15.090340763018032
0.00019388558883424125,15.089420409542067
0.00019399676176361867,15.088221709844447
0.0001941079346929961,15.087125612601472
0.00019421910762237353,15.085486646958103
0.00019433028055175096,15.084763741630963
0.0001944414534811284,15.08303621054859
0.00019455262641050584,15.0819108109357
0.00019466379933988327,15.080816888621646
0.0001947749722692607,15.079756798952488
0.00019488614519863812,15.078732897272133
0.00019499731812801555,15.07774753892449
0.000195108491057393,15.076803079253466
0.00019521966398677043,15.075901873602971
0.00019533083691614786,15.075046277316911
0.0001954420098455253,15.074238645739195
0.00019555318277490272,15.073481334213731
0.00019566435570428015,15.072776698084427
0.00019577552863365757,15.072127092695192
0.00019588670156303503,15.07153487338993
0.00019599787449241246,15.071002395512556
0.00019610904742178989,15.070532014406972
0.00019622022035116731,15.070126085417089
0.00019633139328054474,15.069786963886813
0.00019644256620992217,15.069517005160053
0.0001965537391392996,15.069318564580719
0.00019666491206867705,15.069193997492716
0.00019677608499805448,15.069145659239954
0.0001968872579274319,15.069175905166341
0.00019699843085680934,15.069287090615784
0.00019710960378618676,15.069481570932192
0.0001972207767155642,15.069761701459472
0.00019733194964494162,15.070129837541533
0.00019744312257431908,15.07058833452228
0.0001975542955036965,15.071139547745627
0.00019766546843307393,15.071785832555479
0.00019777664136245136,15.072529544295742
0.0001978878142918288,15.073373038310327
0.00019799898722120622,15.07431866994314
0.00019811016015058364,15.075368794538091
0.0001982213330799611,15.076525767439087
0.00019833250600933853,15.077791943990034
0.00019844367893871595,15.079169679534845
0.00019855485186809338,15.080661329417422
0.0001986660247974708,15.08226924898168
0.00019877719772684824,15.083995793571521
0.00019888837065622567,15.085843318530856
0.00019899954358560312,15.08781417920359
0.00019911071651498055,15.089910730933635
0.00019922188944435798,15.092135329064899
0.0001993330623737354,15.094490328941287
0.00019944423530311283,15.096978085906708
0.00019955540823249026,15.099600955305071
0.0001996665811618677,15.102361292480284
0.00019977775409124514,15.105261452776254
0.00019988892702062257,15.10830379153689
0.00020000009995,15.1114906641061
