Time,Amplitude
0.0,0.0
1.111729293774319e-07,0.0
2.223458587548638e-07,0.0
3.3351878813229573e-07,0.0
4.446917175097276e-07,0.0
5.558646468871596e-07,0.0
6.670375762645915e-07,0.0
7.782105056420233e-07,0.0
8.893834350194552e-07,0.0
1.0005563643968871e-06,0.0
1.1117292937743191e-06,0.0
1.222902223151751e-06,0.0
1.334075152529183e-06,0.0
1.4452480819066147e-06,0.0
1.5564210112840467e-06,0.0
1.6675939406614785e-06,0.0
1.7787668700389105e-06,0.0
1.8899397994163425e-06,0.0
2.0011127287937743e-06,0.0
2.112285658171206e-06,0.0
2.2234585875486383e-06,0.0
2.33463151692607e-06,0.0
2.445804446303502e-06,0.0
2.5569773756809336e-06,0.0
2.668150305058366e-06,0.0
2.7793232344357976e-06,0.0
2.8904961638132294e-06,0.0
3.0016690931906616e-06,0.0
3.1128420225680934e-06,0.0
3.224014951945525e-06,0.0
3.335187881322957e-06,0.0
3.446360810700389e-06,0.0
3.557533740077821e-06,0.0
3.6687066694552528e-06,0.0
3.779879598832685e-06,0.0
3.891052528210116e-06,0.0
4.0022254575875485e-06,0.0
4.113398386964981e-06,0.0
4.224571316342412e-06,0.0
4.335744245719844e-06,0.0
4.4469171750972765e-06,0.0
4.558090104474708e-06,0.0
4.66926303385214e-06,0.0
4.780435963229572e-06,0.0
4.891608892607004e-06,0.0
5.002781821984436e-06,0.0
5.113954751361867e-06,0.0
5.2251276807392995e-06,0.0
5.336300610116732e-06,0.0
5.447473539494163e-06,0.0
5.558646468871595e-06,0.0
5.6698193982490274e-06,0.0
5.780992327626459e-06,0.0
5.892165257003891e-06,0.0
6.003338186381323e-06,0.0
6.114511115758755e-06,0.0
6.225684045136187e-06,0.0
6.336856974513619e-06,0.0
6.44802990389105e-06,0.0
6.559202833268483e-06,0.0
6.670375762645914e-06,0.0
6.781548692023346e-06,0.0
6.892721621400778e-06,0.0
7.00389455077821e-06,0.0
7.115067480155642e-06,0.0
7.226240409533074e-06,0.0
7.3374133389105055e-06,0.0
7.448586268287938e-06,0.0
7.55975919766537e-06,0.0
7.670932127042801e-06,0.0
7.782105056420233e-06,0.0
7.893277985797666e-06,0.0
8.004450915175097e-06,0.0
8.115623844552528e-06,0.0
8.226796773929961e-06,0.0
8.337969703307393e-06,0.0
8.449142632684824e-06,0.0
8.560315562062257e-06,0.0
8.671488491439689e-06,0.0
8.78266142081712e-06,0.0
8.893834350194553e-06,0.0
9.005007279571984e-06,0.0
9.116180208949416e-06,0.0
9.227353138326849e-06,0.0
9.33852606770428e-06,0.0
9.449698997081712e-06,0.0
9.560871926459145e-06,0.0
9.672044855836576e-06,0.0
9.783217785214007e-06,0.0
9.89439071459144e-06,0.0
1.0005563643968872e-05,0.0
1.0116736573346303e-05,0.0
1.0227909502723734e-05,0.0
1.0339082432101168e-05,0.0
1.0450255361478599e-05,0.0
1.056142829085603e-05,0.0
1.0672601220233463e-05,0.0
1.0783774149610895e-05,0.0
1.0894947078988326e-05,0.0
1.1006120008365759e-05,0.0
1.111729293774319e-05,0.0
1.1228465867120622e-05,0.0
1.1339638796498055e-05,0.0
1.1450811725875486e-05,0.0
1.1561984655252918e-05,0.0
1.167315758463035e-05,0.0
1.1784330514007782e-05,0.0
1.1895503443385213e-05,0.0
1.2006676372762646e-05,0.0
1.2117849302140078e-05,0.0
1.222902223151751e-05,0.0
1.2340195160894942e-05,0.0
1.2451368090272374e-05,0.0
1.2562541019649805e-05,0.0
1.2673713949027238e-05,0.0
1.278488687840467e-05,0.0
1.28960598077821e-05,0.0
1.3007232737159532e-05,0.0
1.3118405666536965e-05,0.0
1.3229578595914397e-05,0.0
1.3340751525291828e-05,0.0
1.3451924454669261e-05,0.0
1.3563097384046692e-05,0.0
1.3674270313424124e-05,0.0
1.3785443242801557e-05,0.0
1.3896616172178988e-05,0.0
1.400778910155642e-05,0.0
1.4118962030933853e-05,0.0
1.4230134960311284e-05,0.0
1.4341307889688715e-05,0.0
1.4452480819066148e-05,0.0
1.456365374844358e-05,0.0
1.4674826677821011e-05,0.0
1.4785999607198444e-05,0.0
1.4897172536575875e-05,0.0
1.5008345465953307e-05,0.0
1.511951839533074e-05,0.0
1.5230691324708171e-05,0.0
1.5341864254085603e-05,0.0
1.5453037183463034e-05,0.0
1.5564210112840465e-05,0.0
1.56753830422179e-05,0.0
1.578655597159533e-05,0.0
1.5897728900972763e-05,0.0
1.6008901830350194e-05,0.0
1.6120074759727626e-05,0.0
1.6231247689105057e-05,0.0
1.634242061848249e-05,0.0
1.6453593547859923e-05,0.0
1.6564766477237354e-05,0.0
1.6675939406614786e-05,0.0
1.6787112335992217e-05,0.0
1.689828526536965e-05,0.0
1.7009458194747083e-05,0.0
1.7120631124124515e-05,0.0
1.7231804053501946e-05,0.0
1.7342976982879377e-05,0.0
1.745414991225681e-05,0.0
1.756532284163424e-05,0.0
1.767649577101167e-05,0.0
1.7787668700389106e-05,0.0
1.7898841629766537e-05,0.0
1.801001455914397e-05,0.0
1.81211874885214e-05,0.0
1.823236041789883e-05,0.0
1.8343533347276263e-05,0.0
1.8454706276653698e-05,0.0
1.856587920603113e-05,0.0
1.867705213540856e-05,0.0
1.8788225064785992e-05,0.0
1.8899397994163423e-05,0.0
1.9010570923540854e-05,0.0
1.912174385291829e-05,0.0
1.923291678229572e-05,0.0
1.9344089711673152e-05,0.0
1.9455262641050583e-05,0.0
1.9566435570428015e-05,0.0
1.9677608499805446e-05,0.0
1.978878142918288e-05,0.0
1.9899954358560312e-05,0.0
2.0011127287937744e-05,0.0
2.0122300217315175e-05,0.0
2.0233473146692606e-05,0.0
2.0344646076070038e-05,0.0
2.045581900544747e-05,0.0
2.0566991934824904e-05,0.0
2.0678164864202335e-05,0.0
2.0789337793579766e-05,0.0
2.0900510722957198e-05,0.0
2.101168365233463e-05,0.0
2.112285658171206e-05,0.0
2.1234029511089495e-05,0.0
2.1345202440466927e-05,0.0
2.1456375369844358e-05,0.0
2.156754829922179e-05,0.0
2.167872122859922e-05,0.0
2.1789894157976652e-05,0.0
2.1901067087354087e-05,0.0
2.2012240016731518e-05,0.0
2.212341294610895e-05,0.0
2.223458587548638e-05,0.0
2.2345758804863812e-05,0.0
2.2456931734241244e-05,0.0
2.256810466361868e-05,0.0
2.267927759299611e-05,0.0
2.279045052237354e-05,0.0
2.2901623451750973e-05,0.0
2.3012796381128404e-05,0.0
2.3123969310505835e-05,0.0
2.3235142239883267e-05,0.0
2.33463151692607e-05,0.0
2.3457488098638133e-05,0.0
2.3568661028015564e-05,0.0
2.3679833957392995e-05,0.0
2.3791006886770427e-05,0.0
2.3902179816147858e-05,0.0
2.4013352745525293e-05,0.0
2.4124525674902724e-05,0.0
2.4235698604280156e-05,0.0
2.4346871533657587e-05,0.0
2.445804446303502e-05,0.0
2.456921739241245e-05,0.0
2.4680390321789884e-05,0.0
2.4791563251167316e-05,0.0
2.4902736180544747e-05,0.0
2.501390910992218e-05,0.0
2.512508203929961e-05,0.0
2.523625496867704e-05,0.0
2.5347427898054476e-05,0.0
2.5458600827431907e-05,0.0
2.556977375680934e-05,0.0
2.568094668618677e-05,0.0
2.57921196155642e-05,0.0
2.5903292544941633e-05,0.0
2.6014465474319064e-05,0.0
2.61256384036965e-05,0.0
2.623681133307393e-05,0.0
2.634798426245136e-05,0.0
2.6459157191828793e-05,0.0
2.6570330121206224e-05,0.0
2.6681503050583656e-05,0.0
2.679267597996109e-05,0.0
2.6903848909338522e-05,0.0
2.7015021838715953e-05,0.0
2.7126194768093385e-05,0.0
2.7237367697470816e-05,0.0
2.7348540626848247e-05,0.0
2.7459713556225682e-05,0.0
2.7570886485603113e-05,0.0
2.7682059414980545e-05,0.0
2.7793232344357976e-05,0.0
2.7904405273735408e-05,0.0
2.801557820311284e-05,0.0
2.8126751132490274e-05,0.0
2.8237924061867705e-05,0.0
2.8349096991245136e-05,0.0
2.8460269920622568e-05,0.0
2.857144285e-05,0.0
2.868261577937743e-05,0.0
2.8793788708754862e-05,0.0
2.8904961638132297e-05,0.0
2.9016134567509728e-05,0.0
2.912730749688716e-05,0.0
2.923848042626459e-05,0.0
2.9349653355642022e-05,0.0
2.9460826285019453e-05,0.0
2.9571999214396888e-05,0.0
2.968317214377432e-05,0.0
2.979434507315175e-05,0.0
2.9905518002529182e-05,0.0
3.0016690931906614e-05,0.0
3.0127863861284045e-05,0.0
3.023903679066148e-05,0.0
3.035020972003891e-05,0.0
3.0461382649416342e-05,0.0
3.057255557879378e-05,0.0
3.0683728508171205e-05,0.0
3.079490143754864e-05,0.0
3.090607436692607e-05,0.0
3.10172472963035e-05,0.0
3.112842022568093e-05,0.0
3.1239593155058365e-05,0.0
3.13507660844358e-05,0.0
3.146193901381323e-05,0.0
3.157311194319066e-05,0.0
3.168428487256809e-05,0.0
3.1795457801945526e-05,0.0
3.1906630731322954e-05,0.0
3.201780366070039e-05,0.0
3.212897659007782e-05,0.0
3.224014951945525e-05,0.0
3.2351322448832686e-05,0.0
3.2462495378210114e-05,0.0
3.257366830758755e-05,0.0
3.268484123696498e-05,0.0
3.279601416634241e-05,0.0
3.2907187095719846e-05,0.0
3.3018360025097274e-05,0.0
3.312953295447471e-05,0.0
3.324070588385214e-05,0.0
3.335187881322957e-05,0.0
3.3463051742607006e-05,0.0
3.3574224671984434e-05,0.0
3.368539760136187e-05,0.0
3.37965705307393e-05,0.0
3.390774346011673e-05,0.0
3.4018916389494166e-05,0.0
3.4130089318871594e-05,0.0
3.424126224824903e-05,0.0
3.435243517762646e-05,0.0
3.446360810700389e-05,0.0
3.457478103638132e-05,0.0
3.4685953965758755e-05,0.0
3.479712689513619e-05,0.0
3.490829982451362e-05,0.0
3.501947275389105e-05,0.0
3.513064568326848e-05,0.0
3.5241818612645915e-05,0.0
3.535299154202334e-05,0.0
3.546416447140078e-05,0.0
3.557533740077821e-05,0.0
3.568651033015564e-05,0.0
3.5797683259533075e-05,0.0
3.59088561889105e-05,0.0
3.602002911828794e-05,0.0
3.613120204766537e-05,0.0
3.62423749770428e-05,0.0
3.6353547906420235e-05,0.0
3.646472083579766e-05,0.0
3.65758937651751e-05,0.0
3.6687066694552526e-05,0.0
3.679823962392996e-05,0.0
3.6909412553307395e-05,0.0
3.702058548268482e-05,0.0
3.713175841206226e-05,0.0
3.7242931341439686e-05,0.0
3.735410427081712e-05,0.0
3.746527720019455e-05,0.0
3.7576450129571984e-05,0.0
3.768762305894942e-05,0.0
3.7798795988326846e-05,0.0
3.790996891770428e-05,0.0
3.802114184708171e-05,0.0
3.8132314776459144e-05,0.0
3.824348770583658e-05,0.0
3.8354660635214006e-05,0.0
3.846583356459144e-05,0.0
3.857700649396887e-05,0.0
3.8688179423346304e-05,0.0
3.879935235272373e-05,0.0
3.891052528210117e-05,0.0
3.90216982114786e-05,0.0
3.913287114085603e-05,0.0
3.9244044070233464e-05,0.0
3.935521699961089e-05,0.0
3.946638992898833e-05,0.0
3.957756285836576e-05,0.0
3.968873578774319e-05,0.0
3.9799908717120624e-05,0.0
3.991108164649805e-05,0.0
4.002225457587549e-05,0.0
4.0133427505252915e-05,0.0
4.024460043463035e-05,0.0
4.0355773364007785e-05,0.0
4.046694629338521e-05,0.0
4.057811922276265e-05,0.0
4.0689292152140075e-05,0.0
4.080046508151751e-05,0.0
4.091163801089494e-05,0.0
4.102281094027237e-05,0.0
4.113398386964981e-05,0.0
4.1245156799027235e-05,0.0
4.135632972840467e-05,0.0
4.14675026577821e-05,0.0
4.157867558715953e-05,0.0
4.168984851653697e-05,0.0
4.1801021445914396e-05,0.0
4.191219437529183e-05,0.0
4.202336730466926e-05,0.0
4.213454023404669e-05,0.0
4.224571316342412e-05,0.0
4.2356886092801556e-05,0.0
4.246805902217899e-05,0.0
4.257923195155642e-05,0.0
4.269040488093385e-05,0.0
4.280157781031128e-05,0.0
4.2912750739688716e-05,0.0
4.3023923669066144e-05,0.0
4.313509659844358e-05,0.0
4.3246269527821014e-05,0.0
4.335744245719844e-05,0.0
4.3468615386575876e-05,0.0
4.3579788315953304e-05,0.0
4.369096124533074e-05,0.0
4.3802134174708174e-05,0.0
4.39133071040856e-05,0.0
4.4024480033463036e-05,0.0
4.4135652962840464e-05,0.0
4.42468258922179e-05,0.0
4.435799882159533e-05,0.0
4.446917175097276e-05,0.0
4.45803446803502e-05,0.0
4.4691517609727625e-05,0.0
4.480269053910506e-05,0.0
4.491386346848249e-05,0.0
4.502503639785992e-05,0.0
4.513620932723736e-05,0.0
4.5247382256614785e-05,0.0
4.535855518599222e-05,0.0
4.546972811536965e-05,0.0
4.558090104474708e-05,0.0
4.569207397412451e-05,0.0
4.5803246903501945e-05,0.0
4.591441983287938e-05,0.0
4.602559276225681e-05,0.0
4.613676569163424e-05,0.0
4.624793862101167e-05,0.0
4.6359111550389105e-05,0.0
4.647028447976653e-05,0.0
4.658145740914397e-05,0.0
4.66926303385214e-05,0.0
4.680380326789883e-05,0.0
4.6914976197276265e-05,0.0
4.7026149126653693e-05,0.0
4.713732205603113e-05,0.0
4.724849498540856e-05,0.0
4.735966791478599e-05,0.0
4.7470840844163426e-05,0.0
4.7582013773540854e-05,0.0
4.769318670291829e-05,0.0
4.7804359632295716e-05,0.0
4.791553256167315e-05,0.0
4.8026705491050586e-05,0.0
4.8137878420428014e-05,0.0
4.824905134980545e-05,0.0
4.8360224279182877e-05,0.0
4.847139720856031e-05,0.0
4.858257013793774e-05,0.0
4.8693743067315174e-05,-0.0008134015541754437
4.880491599669261e-05,-0.005959761688205375
4.891608892607004e-05,-0.012865418726534163
4.902726185544747e-05,-0.02030330823315201
4.91384347848249e-05,-0.027418132832658825
4.9249607714202334e-05,-0.033942947419017815
4.936078064357977e-05,-0.03972224215155615
4.94719535729572e-05,-0.04472074529321482
4.958312650233463e-05,-0.04877891776264855
4.969429943171206e-05,-0.051993185043832525
4.9805472361089494e-05,-0.054331304675581595
4.991664529046692e-05,-0.055823171964626724
5.002781821984436e-05,-0.05648038618839762
5.013899114922179e-05,-0.056335081125238363
5.025016407859922e-05,-0.05535347623876345
5.0361337007976655e-05,-0.05364107757341527
5.047250993735408e-05,-0.05118063848851351
5.058368286673152e-05,-0.047977398926736275
5.069485579610895e-05,-0.044052296490438465
5.080602872548638e-05,-0.03943623776038352
5.0917201654863815e-05,-0.034159815966643546
5.102837458424124e-05,-0.02822338487421787
5.113954751361868e-05,-0.021640582487145968
5.1250720442996105e-05,-0.014481263749058972
5.136189337237354e-05,-0.00672988736820298
5.1473066301750975e-05,0.001594535267083314
5.15842392311284e-05,0.010423714509105227
5.169541216050584e-05,0.01984749405395301
5.1806585089883266e-05,0.029748656001733886
5.19177580192607e-05,0.04012162295134635
5.202893094863813e-05,0.05097559495660994
5.214010387801556e-05,0.06225601634631379
5.2251276807393e-05,0.07394595319728871
5.2362449736770426e-05,0.08605709182045596
5.247362266614786e-05,0.09850929786284048
5.258479559552529e-05,0.11132055924360004
5.269596852490272e-05,0.12446347452788677
5.280714145428016e-05,0.13792261104333794
5.2918314383657586e-05,0.151684856647978
5.302948731303502e-05,0.16576073422636695
5.314066024241245e-05,0.18003935968860124
5.3251833171789884e-05,0.19454703027123157
5.336300610116731e-05,0.2092713143869004
5.3474179030544746e-05,0.2241818851903269
5.358535195992218e-05,0.23921961641871697
5.369652488929961e-05,0.254485352743903
5.3807697818677044e-05,0.2698332122440503
5.391887074805447e-05,0.2853076265029249
5.4030043677431907e-05,0.3008770688106946
5.4141216606809334e-05,0.3165196151518362
5.425238953618677e-05,0.33219548014049616
5.4363562465564204e-05,0.347900064434525
5.447473539494163e-05,0.36359300442071546
5.458590832431907e-05,0.37926867117100194
5.4697081253696495e-05,0.39492564242659967
5.480825418307393e-05,0.4105506614740685
5.4919427112451364e-05,0.4260702104196027
5.503060004182879e-05,0.44150192081475503
5.514177297120623e-05,0.45687210557160973
5.5252945900583655e-05,0.47205462366498147
5.536411882996109e-05,0.487078249055216
5.547529175933852e-05,0.5018858237136705
5.558646468871595e-05,0.5165058414786113
5.569763761809339e-05,0.5309091384782709
5.5808810547470815e-05,0.5450864103454088
5.591998347684825e-05,0.5590180259961726
5.603115640622568e-05,0.5726686740432113
5.614232933560311e-05,0.5859822093471795
5.625350226498055e-05,0.5989845834693055
5.6364675194357975e-05,0.6116274579169754
5.647584812373541e-05,0.6239186306157833
5.658702105311284e-05,0.6358172827237631
5.669819398249027e-05,0.6473350074649448
5.68093669118677e-05,0.6584142321486544
5.6920539841245135e-05,0.6690602939173187
5.703171277062257e-05,0.679227438567449
5.71428857e-05,0.6889035123498907
5.725405862937743e-05,0.6980749049579147
5.736523155875486e-05,0.7067072670447943
5.7476404488132296e-05,0.7148559685758653
5.7587577417509724e-05,0.7223798224212752
5.769875034688716e-05,0.7293290733962275
5.780992327626459e-05,0.7356486048617287
5.792109620564202e-05,0.7413849084681292
5.8032269135019456e-05,0.7464707716671933
5.8143442064396884e-05,0.7508858096672548
5.825461499377432e-05,0.7546202803985034
5.836578792315175e-05,0.757593491638957
5.847696085252918e-05,0.759854089983818
5.8588133781906616e-05,0.7613785234527188
5.8699306711284044e-05,0.7620831392910611
5.881047964066148e-05,0.7619945264708949
5.892165257003891e-05,0.7611168377624331
5.903282549941634e-05,0.7593974158072049
5.9143998428793776e-05,0.7567971132489367
5.9255171358171204e-05,0.7533620202964175
5.936634428754864e-05,0.7489780554993025
5.947751721692607e-05,0.7436942717212639
5.95886901463035e-05,0.7374646625532075
5.9699863075680936e-05,0.7302982003041333
5.9811036005058364e-05,0.7221210596560715
5.99222089344358e-05,0.7138900605093061
6.003338186381323e-05,0.7095725395555477
6.014455479319066e-05,0.7072748525091703
6.025572772256809e-05,0.7061811257280635
6.0366900651945525e-05,0.7055625447544114
6.047807358132296e-05,0.7052329835696913
6.058924651070039e-05,0.7050832050757773
6.070041944007782e-05,0.7050764879005154
6.081159236945525e-05,0.7050472404740755
6.0922765298832685e-05,0.7050703448605344
6.103393822821011e-05,0.7050998121984386
6.114511115758755e-05,0.7051580208508965
6.125628408696498e-05,0.7051989019809781
6.136745701634241e-05,0.705263564566445
6.147862994571984e-05,0.705273982107978
6.158980287509728e-05,0.7053515403804126
6.170097580447471e-05,0.7054128031586424
6.181214873385214e-05,0.7055008620127728
6.192332166322958e-05,0.7055349660099413
6.2034494592607e-05,0.7056008245331712
6.214566752198443e-05,0.7056569291044151
6.225684045136186e-05,0.7057208470314731
6.23680133807393e-05,0.7057398382973408
6.247918631011673e-05,0.7057790980689863
6.259035923949416e-05,0.7058358152442381
6.27015321688716e-05,0.7058911632121356
6.281270509824903e-05,0.7059851629174481
6.292387802762646e-05,0.70602117491234
6.303505095700388e-05,0.7060393771505215
6.314622388638133e-05,0.7060859354347548
6.325739681575875e-05,0.7060797768244916
6.336856974513618e-05,0.706104866543557
6.347974267451362e-05,0.7061098914965368
6.359091560389105e-05,0.706118037771722
6.370208853326848e-05,0.7061338731653243
6.381326146264591e-05,0.7061350288352473
6.392443439202335e-05,0.7061592945029643
6.403560732140078e-05,0.7061707973461546
6.41467802507782e-05,0.7061934585412103
6.425795318015565e-05,0.7061702033034761
6.436912610953307e-05,0.7062076145972471
6.44802990389105e-05,0.7062058173477517
6.459147196828794e-05,0.7062468483051003
6.470264489766537e-05,0.7062646623608622
6.48138178270428e-05,0.7063426349102565
6.492499075642023e-05,0.7063436165719938
6.503616368579767e-05,0.7064014551128384
6.51473366151751e-05,0.7064245728775281
6.525850954455252e-05,0.706428682143089
6.536968247392997e-05,0.7064937091164766
6.54808554033074e-05,0.7065253722706726
6.559202833268482e-05,0.706537927645039
6.570320126206225e-05,0.7066154498093999
6.581437419143969e-05,0.7066677768837124
6.592554712081712e-05,0.7066964749703429
6.603672005019455e-05,0.7066418599320627
6.614789297957199e-05,0.706662218942432
6.625906590894942e-05,0.7066347989990849
6.637023883832685e-05,0.7065820499573168
6.648141176770427e-05,0.7065379182823021
6.659258469708171e-05,0.7064993516662638
6.670375762645914e-05,0.7065258439060906
6.681493055583657e-05,0.7065019761062588
6.692610348521401e-05,0.7065146254136435
6.703727641459144e-05,0.7064981442970572
6.714844934396887e-05,0.7064760477871471
6.72596222733463e-05,0.7064487530234699
6.737079520272374e-05,0.7064321073848039
6.748196813210117e-05,0.7064135076498883
6.75931410614786e-05,0.7064396864198691
6.770431399085604e-05,0.7064615116003643
6.781548692023346e-05,0.7064987857614351
6.792665984961089e-05,0.7064926628162957
6.803783277898833e-05,0.706493515106009
6.814900570836576e-05,0.706480563467431
6.826017863774319e-05,0.7064827507487643
6.837135156712062e-05,0.7064935278979532
6.848252449649806e-05,0.7065199230343552
6.859369742587549e-05,0.7065303191592945
6.870487035525291e-05,0.7064721148030767
6.881604328463036e-05,0.7064472148423723
6.892721621400778e-05,0.7064790597606602
6.903838914338521e-05,0.7064693294551079
6.914956207276264e-05,0.7064580199151451
6.926073500214008e-05,0.7064128665327007
6.937190793151751e-05,0.7063853215057202
6.948308086089494e-05,0.7062642183964432
6.959425379027238e-05,0.7062978870281449
6.97054267196498e-05,0.706276477651386
6.981659964902723e-05,0.7062250742809105
6.992777257840466e-05,0.7062102041510134
7.00389455077821e-05,0.706140137427144
7.015011843715953e-05,0.7061013365019362
7.026129136653696e-05,0.7060721648131542
7.03724642959144e-05,0.7060818501252433
7.048363722529183e-05,0.7060565369421737
7.059481015466926e-05,0.7060666663056163
7.070598308404669e-05,0.7060400255717532
7.081715601342413e-05,0.7060648889290739
7.092832894280155e-05,0.7060368350007062
7.103950187217898e-05,0.7060836107781125
7.115067480155642e-05,0.7060727941455188
7.126184773093385e-05,0.7061378057690647
7.137302066031128e-05,0.7061636127507611
7.148419358968871e-05,0.706230661829589
7.159536651906615e-05,0.7062802312919189
7.170653944844358e-05,0.706326870808989
7.1817712377821e-05,0.7063788140701506
7.192888530719845e-05,0.7064086076100534
7.204005823657588e-05,0.706403863423267
7.21512311659533e-05,0.7064381737792352
7.226240409533074e-05,0.7064584451565612
7.237357702470817e-05,0.7064474305241282
7.24847499540856e-05,0.706443586587627
7.259592288346303e-05,0.7064395435755192
7.270709581284047e-05,0.706448309477641
7.28182687422179e-05,0.7064498150518658
7.292944167159533e-05,0.70643461209494
7.304061460097277e-05,0.7064050669528567
7.31517875303502e-05,0.7064124779342523
7.326296045972762e-05,0.7064186292203242
7.337413338910505e-05,0.7064105414769485
7.348530631848249e-05,0.7064538502128124
7.359647924785992e-05,0.7064644065099843
7.370765217723735e-05,0.7065317719421969
7.381882510661479e-05,0.7065466909572727
7.392999803599222e-05,0.7065518682195218
7.404117096536965e-05,0.7065672791014678
7.415234389474707e-05,0.7065685227402994
7.426351682412452e-05,0.7066157744794453
7.437468975350194e-05,0.7066203581237784
7.448586268287937e-05,0.7066669242093183
7.459703561225681e-05,0.7067059917346027
7.470820854163424e-05,0.706763521901103
7.481938147101167e-05,0.7067996515392804
7.49305544003891e-05,0.706838220261681
7.504172732976654e-05,0.7069410936468896
7.515290025914397e-05,0.7069967018283267
7.52640731885214e-05,0.7070573094939931
7.537524611789884e-05,0.7070852423783317
7.548641904727626e-05,0.7071268757224332
7.559759197665369e-05,0.7071691920178322
7.570876490603113e-05,0.7072650065984456
7.581993783540856e-05,0.7072908131618681
7.593111076478599e-05,0.7073646532262792
7.604228369416342e-05,0.7073760967131225
7.615345662354086e-05,0.7073627028222091
7.626462955291829e-05,0.7073767263928782
7.637580248229572e-05,0.7074042967342624
7.648697541167316e-05,0.7074321698134435
7.659814834105058e-05,0.7073797414304813
7.670932127042801e-05,0.7074105930127352
7.682049419980544e-05,0.7073901998070589
7.693166712918288e-05,0.7073133656314546
7.704284005856031e-05,0.707290577821518
7.715401298793774e-05,0.7072332362788525
7.726518591731518e-05,0.7072509702364629
7.737635884669261e-05,0.7072258561754359
7.748753177607004e-05,0.7072430139437212
7.759870470544746e-05,0.7072422467080328
7.77098776348249e-05,0.7072733173912822
7.782105056420233e-05,0.7072849176886153
7.793222349357976e-05,0.7072911187856739
7.80433964229572e-05,0.7073113459322619
7.815456935233463e-05,0.7073363853155603
7.826574228171206e-05,0.7073448353284557
7.837691521108949e-05,0.7073336985947594
7.848808814046693e-05,0.7073362817440968
7.859926106984436e-05,0.7073491103785722
7.871043399922178e-05,0.7073864642392114
7.882160692859923e-05,0.707383279616694
7.893277985797665e-05,0.7073537359687997
7.904395278735408e-05,0.7073150727290402
7.915512571673152e-05,0.7072838492950266
7.926629864610895e-05,0.7072434345836868
7.937747157548638e-05,0.7072559347182474
7.948864450486381e-05,0.7072560461706736
7.959981743424125e-05,0.707220163352402
7.971099036361868e-05,0.7072158724374366
7.98221632929961e-05,0.7071913048348948
7.993333622237355e-05,0.707160771658731
8.004450915175097e-05,0.7071504154695086
8.01556820811284e-05,0.7071233509264571
8.026685501050583e-05,0.7071167182121678
8.037802793988327e-05,0.7071061243268358
8.04892008692607e-05,0.7071136419914388
8.060037379863813e-05,0.7070698292776565
8.071154672801557e-05,0.7070974208461837
8.0822719657393e-05,0.7070532586222859
8.093389258677043e-05,0.7070235714526638
8.104506551614785e-05,0.7070069204477895
8.11562384455253e-05,0.7069974187185869
8.126741137490272e-05,0.7070661231050303
8.137858430428015e-05,0.7070766739495616
8.148975723365759e-05,0.7071099269330846
8.160093016303502e-05,0.7071022199301294
8.171210309241245e-05,0.7070496149748954
8.182327602178988e-05,0.7070671771785283
8.193444895116732e-05,0.7071032721791431
8.204562188054475e-05,0.7070756545669283
8.215679480992217e-05,0.7070958739525013
8.226796773929961e-05,0.7071016668837738
8.237914066867704e-05,0.7070774454561244
8.249031359805447e-05,0.7070234736923395
8.26014865274319e-05,0.7070535313552991
8.271265945680934e-05,0.7070087601689664
8.282383238618677e-05,0.7069820308001338
8.29350053155642e-05,0.7069591867070155
8.304617824494164e-05,0.7068775445764583
8.315735117431907e-05,0.7068694054487825
8.32685241036965e-05,0.7068592753854605
8.337969703307394e-05,0.7068157066804346
8.349086996245136e-05,0.7067980285536016
8.360204289182879e-05,0.7068018783754377
8.371321582120622e-05,0.7068338911502753
8.382438875058366e-05,0.7068787032772264
8.393556167996109e-05,0.7068927102137682
8.404673460933852e-05,0.706850640572197
8.415790753871596e-05,0.7068750617776695
8.426908046809339e-05,0.7068986679171791
8.438025339747081e-05,0.7069188879935983
8.449142632684824e-05,0.7069321891120023
8.460259925622568e-05,0.7069910979834308
8.471377218560311e-05,0.7069544191446491
8.482494511498054e-05,0.7069850117989694
8.493611804435798e-05,0.7070091207724932
8.504729097373541e-05,0.7070208599629164
8.515846390311284e-05,0.7070091632926977
8.526963683249027e-05,0.7070284361343844
8.53808097618677e-05,0.7070337787280477
8.549198269124513e-05,0.7070410525272136
8.560315562062256e-05,0.7070165069406227
8.571432855e-05,0.7070572826615961
8.582550147937743e-05,0.7070315006786616
8.593667440875486e-05,0.7070230744532672
8.604784733813229e-05,0.7069926250300559
8.615902026750973e-05,0.7070152344100131
8.627019319688716e-05,0.7069875406119741
8.638136612626459e-05,0.7069589916330963
8.649253905564203e-05,0.7069581653633431
8.660371198501945e-05,0.7069255294696118
8.671488491439688e-05,0.7069440225597174
8.682605784377432e-05,0.7069277631288362
8.693723077315175e-05,0.7068997336707676
8.704840370252918e-05,0.7068807275703437
8.715957663190661e-05,0.7068161485802402
8.727074956128405e-05,0.7068223227036258
8.738192249066148e-05,0.7068641422522542
8.74930954200389e-05,0.7068645349713246
8.760426834941635e-05,0.7068970601535755
8.771544127879378e-05,0.7069223760827876
8.78266142081712e-05,0.7069487432451744
8.793778713754863e-05,0.7069060775777765
8.804896006692607e-05,0.7069644729232903
8.81601329963035e-05,0.7069858157347378
8.827130592568093e-05,0.7070107704869989
8.838247885505837e-05,0.7070246034256726
8.84936517844358e-05,0.7070264733553315
8.860482471381323e-05,0.7070189934367088
8.871599764319065e-05,0.707029031781467
8.88271705725681e-05,0.7070581779394951
8.893834350194552e-05,0.707069491669658
8.904951643132295e-05,0.7070805497805979
8.91606893607004e-05,0.7070499621970877
8.927186229007782e-05,0.7070582701734437
8.938303521945525e-05,0.7070294140523335
8.949420814883268e-05,0.7070095145776012
8.960538107821012e-05,0.7070333798097094
8.971655400758755e-05,0.7070153221155758
8.982772693696497e-05,0.7069848562806293
8.993889986634242e-05,0.7069566498203096
9.005007279571984e-05,0.7069444345713789
9.016124572509727e-05,0.7069434904128433
9.027241865447471e-05,0.706956808795308
9.038359158385214e-05,0.7069360777488887
9.049476451322957e-05,0.70691046760052
9.0605937442607e-05,0.7068806662360166
9.071711037198444e-05,0.7068560230006411
9.082828330136187e-05,0.7068760680287812
9.09394562307393e-05,0.7068261580507007
9.105062916011674e-05,0.7068480547471211
9.116180208949416e-05,0.7068599592276539
9.127297501887159e-05,0.7068811133886119
9.138414794824902e-05,0.706854680935756
9.149532087762646e-05,0.7068862035835459
9.160649380700389e-05,0.7068432708177823
9.171766673638132e-05,0.7068409173372717
9.182883966575876e-05,0.7068470209361785
9.194001259513619e-05,0.7068760927953416
9.205118552451362e-05,0.7068461199843813
9.216235845389104e-05,0.7068474422121264
9.227353138326848e-05,0.7068205406242571
9.238470431264591e-05,0.7068500969862118
9.249587724202334e-05,0.7068052915773964
9.260705017140078e-05,0.706806154908092
9.271822310077821e-05,0.7067704303714661
9.282939603015564e-05,0.7067679817522201
9.294056895953307e-05,0.7067741936582811
9.305174188891051e-05,0.7067059868405529
9.316291481828794e-05,0.7066759879007295
9.327408774766536e-05,0.706676555075515
9.33852606770428e-05,0.7066324743996655
9.349643360642023e-05,0.7066209318485384
9.360760653579766e-05,0.7065967235524347
9.37187794651751e-05,0.7065922718110377
9.382995239455253e-05,0.7065691506183629
9.394112532392996e-05,0.7065324609313575
9.405229825330739e-05,0.7065063023328843
9.416347118268483e-05,0.7064786201163976
9.427464411206226e-05,0.7065221696505065
9.438581704143968e-05,0.7064941338998937
9.449698997081713e-05,0.7064903310630422
9.460816290019455e-05,0.706468503518708
9.471933582957198e-05,0.7064508795546279
9.483050875894941e-05,0.7064486358104936
9.494168168832685e-05,0.7064167498384167
9.505285461770428e-05,0.7063399853022602
9.516402754708171e-05,0.706299039081055
9.527520047645915e-05,0.7062748104129305
9.538637340583658e-05,0.7062649542869657
9.5497546335214e-05,0.7062060658298902
9.560871926459143e-05,0.7062327051306756
9.571989219396887e-05,0.706198393391828
9.58310651233463e-05,0.7062013362812484
9.594223805272373e-05,0.7061640671606989
9.605341098210117e-05,0.706148850961527
9.61645839114786e-05,0.7060955307660615
9.627575684085603e-05,0.7060768687210769
9.638692977023346e-05,0.7060975490072448
9.64981026996109e-05,0.7060692605734044
9.660927562898833e-05,0.7060381878900885
9.672044855836575e-05,0.7060421152043229
9.68316214877432e-05,0.7060602495429211
9.694279441712062e-05,0.706011316210478
9.705396734649805e-05,0.7060426851218556
9.716514027587548e-05,0.7060510987101011
9.727631320525292e-05,0.7060958555530327
9.738748613463035e-05,0.7060755470172213
9.749865906400778e-05,0.706090026232479
9.760983199338522e-05,0.7060958721676898
9.772100492276265e-05,0.7061081506763613
9.783217785214007e-05,0.7061686937501794
9.794335078151751e-05,0.7061616833921976
9.805452371089494e-05,0.7061455596988258
9.816569664027237e-05,0.7061295634677494
9.82768695696498e-05,0.7061357894339423
9.838804249902724e-05,0.7061767645243322
9.849921542840467e-05,0.7061890764279621
9.86103883577821e-05,0.7061902481911386
9.872156128715954e-05,0.7061689975151757
9.883273421653697e-05,0.7061238006434593
9.89439071459144e-05,0.7060899734007485
9.905508007529182e-05,0.7060820102335013
9.916625300466926e-05,0.7060536935857473
9.927742593404669e-05,0.7060108597788664
9.938859886342412e-05,0.7059832092865712
9.949977179280156e-05,0.7059172418806356
9.961094472217899e-05,0.7058848484974433
9.972211765155642e-05,0.7058882386712146
9.983329058093384e-05,0.705876064422269
9.994446351031129e-05,0.7058636566609077
0.00010005563643968871,0.7058046840310611
0.00010016680936906614,0.7057888546352498
0.00010027798229844358,0.7057564763848613
0.00010038915522782101,0.7057822667343757
0.00010050032815719844,0.7057710986061365
0.00010061150108657587,0.7057681055177881
0.00010072267401595331,0.7058163139034683
0.00010083384694533074,0.7058153446949064
0.00010094501987470817,0.7058413339449588
0.0001010561928040856,0.7058865753433543
0.00010116736573346303,0.7059076654177939
0.00010127853866284046,0.7059031479973709
0.0001013897115922179,0.7059056395420789
0.00010150088452159533,0.7058868768879563
0.00010161205745097276,0.7058991867735344
0.00010172323038035019,0.7059407397880222
0.00010183440330972763,0.7059690974694068
0.00010194557623910506,0.7059571166187888
0.00010205674916848249,0.7059688012722635
0.00010216792209785993,0.7059735572775695
0.00010227909502723736,0.7059862399839757
0.00010239026795661478,0.706000962340628
0.00010250144088599221,0.7060427868829854
0.00010261261381536965,0.7060312393065936
0.00010272378674474708,0.7060405764598127
0.00010283495967412451,0.7060505262696986
0.00010294613260350195,0.7060495764609926
0.00010305730553287938,0.7060541736780046
0.0001031684784622568,0.7060088659152349
0.00010327965139163423,0.7059946408816317
0.00010339082432101168,0.7059716103165953
0.0001035019972503891,0.7059965282341492
0.00010361317017976653,0.705957108656575
0.00010372434310914397,0.7059827454178886
0.0001038355160385214,0.705985804440283
0.00010394668896789883,0.7059840840051514
0.00010405786189727626,0.7059345776260522
0.0001041690348266537,0.7059628743943464
0.00010428020775603113,0.7059722371317639
0.00010439138068540855,0.7059980009815913
0.000104502553614786,0.7059969870014986
0.00010461372654416342,0.7060176551515318
0.00010472489947354085,0.7060244918162458
0.0001048360724029183,0.7060828895115033
0.00010494724533229572,0.7060617015042788
0.00010505841826167315,0.7060696646879374
0.00010516959119105058,0.7060917351295163
0.00010528076412042802,0.7061391776540389
0.00010539193704980545,0.706100616751195
0.00010550310997918287,0.7061172902332927
0.00010561428290856032,0.7061084635697179
0.00010572545583793774,0.7061262600090785
0.00010583662876731517,0.7061463895622385
0.0001059478016966926,0.706184122716677
0.00010605897462607004,0.7061423709413855
0.00010617014755544747,0.7061312284367361
0.0001062813204848249,0.7061216259740332
0.00010639249341420234,0.7061335826235234
0.00010650366634357977,0.7061723253096066
0.0001066148392729572,0.7061684010782953
0.00010672601220233462,0.7062482171371007
0.00010683718513171206,0.7062313686761134
0.00010694835806108949,0.706253450347041
0.00010705953099046692,0.7062305260292544
0.00010717070391984436,0.7062791219052719
0.00010728187684922179,0.7063054064981426
0.00010739304977859922,0.7063332288545862
0.00010750422270797665,0.7063239178476605
0.00010761539563735409,0.7063509637009279
0.00010772656856673152,0.7063627328453397
0.00010783774149610894,0.7063957682866442
0.00010794891442548639,0.7063784931617346
0.00010806008735486381,0.7063952706902292
0.00010817126028424124,0.7063988292608304
0.00010828243321361867,0.7063933176471818
0.00010839360614299611,0.706379681910371
0.00010850477907237354,0.7063381963001412
0.00010861595200175097,0.7063224037359793
0.00010872712493112841,0.70629297177416
0.00010883829786050584,0.7062741401212782
0.00010894947078988326,0.7062646497011947
0.0001090606437192607,0.706237973164213
0.00010917181664863813,0.706207875302329
0.00010928298957801556,0.7062252255307392
0.00010939416250739299,0.7062185848075124
0.00010950533543677043,0.7062034035590328
0.00010961650836614786,0.7062193159003524
0.00010972768129552529,0.7061924449157194
0.00010983885422490273,0.7061843888277402
0.00010995002715428016,0.7061958760306956
0.00011006120008365758,0.706189409290235
0.00011017237301303501,0.7061978395700705
0.00011028354594241245,0.7061715230901713
0.00011039471887178988,0.706218547806386
0.00011050589180116731,0.706243969380697
0.00011061706473054475,0.7062739830711627
0.00011072823765992218,0.7062817828859438
0.00011083941058929961,0.7063211874362707
0.00011095058351867704,0.706339865698596
0.00011106175644805448,0.706368857511551
0.0001111729293774319,0.7064037551695282
0.00011128410230680933,0.7064626073766916
0.00011139527523618677,0.7064515578372472
0.0001115064481655642,0.7064750703321723
0.00011161762109494163,0.7064672154369216
0.00011172879402431906,0.7065138308982839
0.0001118399669536965,0.7065363652158069
0.00011195113988307393,0.7065248486750537
0.00011206231281245136,0.7064817593488553
0.0001121734857418288,0.7064850351564573
0.00011228465867120623,0.7064406138505427
0.00011239583160058365,0.7064300557700725
0.0001125070045299611,0.7064006565000104
0.00011261817745933852,0.706401967864789
0.00011272935038871595,0.7063667602028841
0.00011284052331809338,0.7063897075591254
0.00011295169624747082,0.7064179048549913
0.00011306286917684825,0.7064301454315024
0.00011317404210622568,0.706455121812293
0.00011328521503560312,0.7064589439737361
0.00011339638796498055,0.706494034748049
0.00011350756089435797,0.7064901826423979
0.0001136187338237354,0.7065161675237456
0.00011372990675311284,0.7065319041605432
0.00011384107968249027,0.7065926640909039
0.0001139522526118677,0.7065923603022837
0.00011406342554124514,0.7066067874409988
0.00011417459847062257,0.7066275467263813
0.0001142857714,0.7066371957671304
0.00011439694432937742,0.7066727829849384
0.00011450811725875487,0.7067355482658471
0.0001146192901881323,0.7067702661142607
0.00011473046311750972,0.7068364609419112
0.00011484163604688716,0.7068816398748146
0.00011495280897626459,0.7069312052502356
0.00011506398190564202,0.7069225743624103
0.00011517515483501945,0.7069384639785175
0.00011528632776439689,0.7069686009297431
0.00011539750069377432,0.7069900204643976
0.00011550867362315174,0.7070231900277204
0.00011561984655252919,0.7070359048215451
0.00011573101948190661,0.7070739236165584
0.00011584219241128404,0.7071150791317642
0.00011595336534066148,0.7070994348705547
0.00011606453827003891,0.7070754217254253
0.00011617571119941634,0.7070831067584469
0.00011628688412879377,0.7070957030584457
0.00011639805705817121,0.7071116182202098
0.00011650922998754864,0.7070774972122026
0.00011662040291692607,0.7071187136958761
0.0001167315758463035,0.7070611278192067
0.00011684274877568093,0.7070720115609183
0.00011695392170505836,0.7070643170838652
0.00011706509463443579,0.7070689693406814
0.00011717626756381323,0.7070718037644657
0.00011728744049319066,0.7071075027270755
0.00011739861342256809,0.7071329682824499
0.00011750978635194553,0.7071647197758244
0.00011762095928132296,0.707147759066244
0.00011773213221070039,0.7071949704833738
0.00011784330514007781,0.7071951508477342
0.00011795447806945526,0.7071689535123654
0.00011806565099883268,0.7071643134501886
0.00011817682392821011,0.7071394149153695
0.00011828799685758755,0.7071495187847819
0.00011839916978696498,0.7071397052571877
0.00011851034271634241,0.7070824076525378
0.00011862151564571984,0.7070168629734068
0.00011873268857509728,0.7069960054209807
0.0001188438615044747,0.7069558914530667
0.00011895503443385213,0.7069098547697562
0.00011906620736322958,0.7068921910353813
0.000119177380292607,0.7068526951052132
0.00011928855322198443,0.7067972292711621
0.00011939972615136187,0.7067836845877771
0.0001195108990807393,0.7067848016105025
0.00011962207201011673,0.7067434178485386
0.00011973324493949416,0.7067770743223203
0.0001198444178688716,0.7067736478156289
0.00011995559079824903,0.7067397663179552
0.00012006676372762645,0.706734493455411
0.0001201779366570039,0.7067314527082926
0.00012028910958638132,0.7067381697424258
0.00012040028251575875,0.7067305084071759
0.00012051145544513618,0.7067163242467696
0.00012062262837451362,0.706746475066582
0.00012073380130389105,0.7067660716545765
0.00012084497423326848,0.7067638264178746
0.00012095614716264592,0.7068088695165664
0.00012106732009202335,0.7068083785487512
0.00012117849302140077,0.7068021148562081
0.0001212896659507782,0.7068315036162033
0.00012140083888015564,0.7068348980514687
0.00012151201180953307,0.7068739719482252
0.0001216231847389105,0.7068684707324917
0.00012173435766828794,0.7067964196260699
0.00012184553059766537,0.7067629502662977
0.0001219567035270428,0.7067404815582257
0.00012206787645642023,0.7067194718478058
0.00012217904938579765,0.7066898852815567
0.0001222902223151751,0.7066833801854581
0.00012240139524455254,0.7066537116191545
0.00012251256817392996,0.7065888834834165
0.0001226237411033074,0.7065492978237948
0.00012273491403268482,0.7065470112875947
0.00012284608696206225,0.706551936249525
0.00012295725989143968,0.7065396781754946
0.00012306843282081713,0.7065157590117193
0.00012317960575019456,0.706449500224565
0.000123290778679572,0.70645533162047
0.00012340195160894942,0.7064148859857996
0.00012351312453832684,0.7064200051609913
0.00012362429746770427,0.7064610459392923
0.0001237354703970817,0.7065314575931
0.00012384664332645915,0.706540672173279
0.00012395781625583658,0.7065966019532214
0.000124068989185214,0.7066211595072064
0.00012418016211459144,0.7066406723900744
0.00012429133504396887,0.7066521180706674
0.0001244025079733463,0.7066762474629882
0.00012451368090272372,0.7066943679410916
0.00012462485383210118,0.70671343199735
0.0001247360267614786,0.7067499998186645
0.00012484719969085603,0.7067758512097785
0.00012495837262023346,0.7067761285978965
0.0001250695455496109,0.7067464325658117
0.00012518071847898832,0.7067453704040001
0.00012529189140836575,0.7067727105487762
0.0001254030643377432,0.7067402356466803
0.00012551423726712063,0.7067629805402659
0.00012562541019649806,0.7067815592819928
0.00012573658312587548,0.7067951545627484
0.0001258477560552529,0.7067989817112607
0.00012595892898463034,0.7067550986517717
0.00012607010191400777,0.7067461007966779
0.00012618127484338522,0.7067746284418349
0.00012629244777276265,0.7067690283065675
0.00012640362070214008,0.7067594220165953
0.0001265147936315175,0.7067840763976797
0.00012662596656089494,0.706779576515948
0.00012673713949027236,0.7067974177847944
0.0001268483124196498,0.7067820739934859
0.00012695948534902725,0.7068165140050832
0.00012707065827840467,0.7068193208063507
0.0001271818312077821,0.7068324738830203
0.00012729300413715953,0.7068317157138048
0.00012740417706653696,0.7068807779039553
0.00012751534999591439,0.7068625914653148
0.00012762652292529181,0.7068363550218544
0.00012773769585466927,0.7068286631414912
0.0001278488687840467,0.7068571794659092
0.00012796004171342413,0.7068794250106627
0.00012807121464280155,0.7068817157840683
0.00012818238757217898,0.7068830709621443
0.0001282935605015564,0.7068953549649322
0.00012840473343093384,0.706834544832835
0.0001285159063603113,0.7067997291589462
0.00012862707928968872,0.7067329390534536
0.00012873825221906615,0.7067183663749033
0.00012884942514844358,0.706701592681124
0.000128960598077821,0.7066642665245959
0.00012907177100719843,0.706643423401541
0.0001291829439365759,0.7065856933445758
0.00012929411686595332,0.7065347117681188
0.00012940528979533074,0.7065254359280381
0.00012951646272470817,0.7064741935536935
0.0001296276356540856,0.7064517417577931
0.00012973880858346303,0.7064735913027105
0.00012984998151284045,0.7065024500496396
0.0001299611544422179,0.7065188930434577
0.00013007232737159534,0.7064845156080557
0.00013018350030097277,0.7065230399976172
0.0001302946732303502,0.7064988353626863
0.00013040584615972762,0.7065318293271361
0.00013051701908910505,0.7066304035536944
0.00013062819201848248,0.7066489474664311
0.00013073936494785993,0.7066216063696152
0.00013085053787723736,0.7066833381624089
0.0001309617108066148,0.7067042391916682
0.00013107288373599222,0.7067728740327921
0.00013118405666536964,0.7067920636726573
0.00013129522959474707,0.7068330413525132
0.0001314064025241245,0.7068038252237192
0.00013151757545350196,0.7068036235183716
0.00013162874838287938,0.7068533726577397
0.0001317399213122568,0.7068779126480345
0.00013185109424163424,0.7068588664954676
0.00013196226717101167,0.706890752875737
0.0001320734401003891,0.706870663471478
0.00013218461302976652,0.706830614563938
0.00013229578595914398,0.7068094444402665
0.0001324069588885214,0.7067996622110553
0.00013251813181789883,0.7067769478961096
0.00013262930474727626,0.7067626732899039
0.0001327404776766537,0.7067226396382127
0.00013285165060603112,0.706684608937155
0.00013296282353540855,0.7066930332459982
0.000133073996464786,0.7067038338564601
0.00013318516939416343,0.7067039705769584
0.00013329634232354086,0.7066769660893353
0.00013340751525291829,0.7066512244731309
0.00013351868818229571,0.7066719898418435
0.00013362986111167314,0.7066702744514514
0.00013374103404105057,0.7066927966643868
0.00013385220697042802,0.7067428807605882
0.00013396337989980545,0.7067518967617298
0.00013407455282918288,0.7067864410330517
0.0001341857257585603,0.7067932693510783
0.00013429689868793774,0.7068017996574741
0.00013440807161731516,0.7068781610063319
0.0001345192445466926,0.7069225432272537
0.00013463041747607005,0.7069432244193
0.00013474159040544748,0.7069902311061212
0.0001348527633348249,0.707005093074237
0.00013496393626420233,0.7069906309052939
0.00013507510919357976,0.7070373130010862
0.0001351862821229572,0.7070500984042557
0.00013529745505233462,0.7070198177038025
0.00013540862798171207,0.707032406038737
0.0001355198009110895,0.7070237368732656
0.00013563097384046693,0.7070547382793315
0.00013574214676984435,0.7070637288034165
0.00013585331969922178,0.7070900078472299
0.0001359644926285992,0.7070733712928449
0.00013607566555797667,0.7070417422722538
0.0001361868384873541,0.7070176756807444
0.00013629801141673152,0.7070456219787343
0.00013640918434610895,0.7070423759628184
0.00013652035727548638,0.7070524426676377
0.0001366315302048638,0.7070690306648238
0.00013674270313424123,0.7071020658978567
0.0001368538760636187,0.7071519273842777
0.00013696504899299612,0.7071496623311118
0.00013707622192237354,0.707173539034191
0.00013718739485175097,0.7071956894024766
0.0001372985677811284,0.7072251467716848
0.00013740974071050583,0.7071718634282881
0.00013752091363988326,0.7071870024594858
0.0001376320865692607,0.7071719773189613
0.00013774325949863814,0.7071830555341617
0.00013785443242801557,0.70719232316337
0.000137965605357393,0.7072015643969332
0.00013807677828677042,0.7072212661541032
0.00013818795121614785,0.7071840444476644
0.00013829912414552528,0.7071563566521578
0.00013841029707490273,0.7071498327752532
0.00013852147000428016,0.7071358752699552
0.0001386326429336576,0.7071143127381397
0.00013874381586303502,0.7071075119644907
0.00013885498879241245,0.7070991122516361
0.00013896616172178987,0.7070643757787916
0.0001390773346511673,0.7070478252237417
0.00013918850758054476,0.7070573763577787
0.00013929968050992219,0.7070426099337832
0.0001394108534392996,0.7070425152957898
0.00013952202636867704,0.706991532197598
0.00013963319929805447,0.7069721670184879
0.0001397443722274319,0.7069928943581512
0.00013985554515680933,0.7070166168337939
0.00013996671808618678,0.7069762243459234
0.0001400778910155642,0.7070274568360495
0.00014018906394494164,0.7069939557673557
0.00014030023687431906,0.7070026048213233
0.0001404114098036965,0.7070417302242288
0.00014052258273307392,0.7070660551798587
0.00014063375566245135,0.707054922813005
0.0001407449285918288,0.7070584794796115
0.00014085610152120623,0.7070800660552883
0.00014096727445058366,0.7071261151690615
0.0001410784473799611,0.7070722449141362
0.00014118962030933851,0.7070654625227506
0.00014130079323871594,0.7070879811771522
0.00014141196616809337,0.7070914003224685
0.00014152313909747083,0.7070867749478433
0.00014163431202684825,0.7071148351675354
0.00014174548495622568,0.7070628907077678
0.0001418566578856031,0.7070735247880182
0.00014196783081498054,0.7070617054561614
0.00014207900374435797,0.70705799024325
0.0001421901766737354,0.7069777166424045
0.00014230134960311285,0.7068885520608054
0.00014241252253249028,0.7068609161317055
0.0001425236954618677,0.7068455234967745
0.00014263486839124513,0.7068472250270416
0.00014274604132062256,0.7068156242873401
0.00014285721425,0.7067659037919594
0.00014296838717937742,0.7067478225757795
0.00014307956010875487,0.7067492955976418
0.0001431907330381323,0.7067337867970985
0.00014330190596750973,0.7067243200115003
0.00014341307889688716,0.7067216167733706
0.00014352425182626458,0.7067490890269483
0.000143635424755642,0.7067508473319678
0.00014374659768501947,0.7068254673678718
0.0001438577706143969,0.7068484950435442
0.00014396894354377432,0.7069005598429854
0.00014408011647315175,0.7068885833605023
0.00014419128940252918,0.7069149403991098
0.0001443024623319066,0.7069182547782955
0.00014441363526128403,0.7069579336706927
0.0001445248081906615,0.7069878056222247
0.00014463598112003892,0.7070414304679
0.00014474715404941635,0.7069913518589647
0.00014485832697879377,0.7070153378450696
0.0001449694999081712,0.7070150117742906
0.00014508067283754863,0.7070117553258918
0.00014519184576692606,0.7070182537278362
0.0001453030186963035,0.707011894625766
0.00014541419162568094,0.706975519820505
0.00014552536455505837,0.7069676092224076
0.0001456365374844358,0.7069332590037656
0.00014574771041381322,0.7069630946726182
0.00014585888334319065,0.7069838178741591
0.00014597005627256808,0.7069646553566775
0.00014608122920194554,0.7069176727096889
0.00014619240213132296,0.7068678526694367
0.0001463035750607004,0.7068481249874253
0.00014641474799007782,0.7068260831030464
0.00014652592091945525,0.7068242369704558
0.00014663709384883268,0.7068163713480918
0.0001467482667782101,0.7068444795792084
0.00014685943970758756,0.7068177066272191
0.00014697061263696499,0.7068451339467536
0.00014708178556634241,0.7068143924399113
0.00014719295849571984,0.7068372214506116
0.00014730413142509727,0.7068517093148448
0.0001474153043544747,0.7068960044563647
0.00014752647728385213,0.7069132262748367
0.00014763765021322958,0.7069631995134693
0.000147748823142607,0.7069541810100007
0.00014785999607198444,0.706984387523136
0.00014797116900136187,0.70695107382736
0.0001480823419307393,0.7069533674786227
0.00014819351486011672,0.7069708514072217
0.00014830468778949415,0.7069804008756804
0.0001484158607188716,0.7070116754256275
0.00014852703364824903,0.7070368956097475
0.00014863820657762646,0.7070435617426621
0.0001487493795070039,0.7070505368644528
0.00014886055243638132,0.7070945019004464
0.00014897172536575874,0.707140508771842
0.00014908289829513617,0.7071199981187656
0.00014919407122451363,0.7071335250363007
0.00014930524415389106,0.7071370606572032
0.00014941641708326848,0.7071684553385584
0.0001495275900126459,0.7074124111650462
0.00014963876294202334,0.7080600468417643
0.00014974993587140077,0.7105442911771355
0.0001498611088007782,0.7173993942140733
0.00014997228173015565,0.7263070445829185
0.00015008345465953308,0.7342197882155731
0.0001501946275889105,0.7409048508247746
0.00015030580051828793,0.7468975441219263
0.00015041697344766536,0.7519452962393901
0.0001505281463770428,0.7560902548028989
0.00015063931930642025,0.7593241251131666
0.00015075049223579767,0.7617251316580804
0.0001508616651651751,0.7632798956527295
0.00015097283809455253,0.7639525368682066
0.00015108401102392996,0.7638308705441497
0.00015119518395330738,0.7629460462041898
0.0001513063568826848,0.7612236752535503
0.00015141752981206227,0.7587832467792325
0.0001515287027414397,0.7556094960404086
0.00015163987567081712,0.7517153752480248
0.00015175104860019455,0.7471481356048407
0.00015186222152957198,0.7419359954042101
0.0001519733944589494,0.7360702682104352
0.00015208456738832684,0.7295408324856054
0.0001521957403177043,0.722367308085038
0.00015230691324708172,0.7147012158491862
0.00015241808617645915,0.7064401533650662
0.00015252925910583657,0.6976344639034179
0.000152640432035214,0.6882858350935258
0.00015275160496459143,0.6784758278219325
0.00015286277789396886,0.6681166091710791
0.00015297395082334631,0.6573293261332245
0.00015308512375272374,0.6460834422448679
0.00015319629668210117,0.6344467137223633
0.0001533074696114786,0.6223762349198746
0.00015341864254085603,0.6099689712615934
0.00015352981547023345,0.597206868860312
0.00015364098839961088,0.5841054765112894
0.00015375216132898834,0.5706559239730413
0.00015386333425836576,0.556930592506001
0.0001539745071877432,0.5429466940524903
0.00015408568011712062,0.5287072960826592
0.00015419685304649805,0.5142141485928975
0.00015430802597587548,0.4995126154753335
0.0001544191989052529,0.4845910441875256
0.00015453037183463036,0.46950882558092644
0.0001546415447640078,0.4542810786965956
0.00015475271769338522,0.4388996519801604
0.00015486389062276264,0.4234360796763356
0.00015497506355214007,0.4077919527929873
0.0001550862364815175,0.3921249468224516
0.00015519740941089493,0.3763701890046955
0.00015530858234027238,0.36064580683371444
0.0001554197552696498,0.34488192833929654
0.00015553092819902724,0.32912621173354484
0.00015564210112840467,0.31338758880257667
0.0001557532740577821,0.29772919073132653
0.00015586444698715952,0.28211986639715064
0.00015597561991653695,0.26665956727292794
0.0001560867928459144,0.2512689820071217
0.00015619796577529183,0.23603509490613386
0.00015630913870466926,0.22095650610293255
0.0001564203116340467,0.2060544094945175
0.00015653148456342412,0.19132182195940564
0.00015664265749280155,0.17684817620187684
0.00015675383042217897,0.16260502271302907
0.00015686500335155643,0.14862834553806892
0.00015697617628093386,0.13487230163154287
0.00015708734921031128,0.12144703205955974
0.0001571985221396887,0.10837984905288711
0.00015730969506906614,0.09564111648866672
0.00015742086799844357,0.08330244784705175
0.000157532040927821,0.07128254139201388
0.00015764321385719845,0.05969612265628666
0.00015775438678657588,0.048556566250234356
0.0001578655597159533,0.03783478493208039
0.00015797673264533074,0.027556099382623753
0.00015808790557470816,0.017796638037589494
0.0001581990785040856,0.008507674057021273
0.00015831025143346305,-0.00022050499677080164
0.00015842142436284047,-0.008424694252975495
0.0001585325972922179,-0.016036606519331947
0.00015864377022159533,-0.023091494605375514
0.00015875494315097276,-0.02953577661726335
0.00015886611608035019,-0.03536125710291362
0.00015897728900972761,-0.0405010394938889
0.00015908846193910507,-0.04498279085291891
0.0001591996348684825,-0.0487618405001513
0.00015931080779785993,-0.05186900121132675
0.00015942198072723735,-0.05423688093205423
0.00015953315365661478,-0.05583495569346502
0.0001596443265859922,-0.05668463963139496
0.00015975549951536964,-0.05675792647171935
0.0001598666724447471,-0.05597688973662392
0.00015997784537412452,-0.05435549631357225
0.00016008901830350195,-0.051890793463395354
0.00016020019123287938,-0.04858734954507228
0.0001603113641622568,-0.04433385647113621
0.00016042253709163423,-0.03918897801205778
0.00016053371002101166,-0.03310111010094527
0.00016064488295038912,-0.02609604302287663
0.00016075605587976654,-0.01832742076797066
0.00016086722880914397,-0.010080785675451792
0.0001609784017385214,-0.002960042638788047
0.00016108957466789883,-0.00022017176901333922
0.00016120074759727626,-0.0002477572270271521
0.00016131192052665368,-0.00027591145737114665
0.00016142309345603114,0.0
0.00016153426638540857,0.0
0.000161645439314786,0.0
0.00016175661224416342,0.0
0.00016186778517354085,0.0
0.00016197895810291828,0.0
0.0001620901310322957,0.0
0.00016220130396167316,0.0
0.0001623124768910506,0.0
0.00016242364982042802,0.0
0.00016253482274980544,0.0
0.00016264599567918287,0.0
0.0001627571686085603,0.0
0.00016286834153793773,0.0
0.00016297951446731518,0.0
0.0001630906873966926,0.0
0.00016320186032607004,0.0
0.00016331303325544747,0.0
0.0001634242061848249,0.0
0.00016353537911420232,0.0
0.00016364655204357975,0.0
0.0001637577249729572,0.0
0.00016386889790233463,0.0
0.00016398007083171206,0.0
0.0001640912437610895,0.0
0.00016420241669046692,0.0
0.00016431358961984435,0.0
0.00016442476254922177,0.0
0.00016453593547859923,0.0
0.00016464710840797666,0.0
0.00016475828133735409,0.0
0.00016486945426673151,0.0
0.00016498062719610894,0.0
0.00016509180012548637,0.0
0.0001652029730548638,0.0
0.00016531414598424125,0.0
0.00016542531891361868,0.0
0.0001655364918429961,0.0
0.00016564766477237354,0.0
0.00016575883770175096,0.0
0.0001658700106311284,0.0
0.00016598118356050585,0.0
0.00016609235648988328,0.0
0.0001662035294192607,0.0
0.00016631470234863813,0.0
0.00016642587527801556,0.0
0.000166537048207393,0.0
0.00016664822113677042,0.0
0.00016675939406614787,0.0
0.0001668705669955253,0.0
0.00016698173992490273,0.0
0.00016709291285428015,0.0
0.00016720408578365758,0.0
0.000167315258713035,0.0
0.00016742643164241244,0.0
0.0001675376045717899,0.0
0.00016764877750116732,0.0
0.00016775995043054475,0.0
0.00016787112335992218,0.0
0.0001679822962892996,0.0
0.00016809346921867703,0.0
0.00016820464214805446,0.0
0.00016831581507743192,0.0
0.00016842698800680934,0.0
0.00016853816093618677,0.0
0.0001686493338655642,0.0
0.00016876050679494163,0.0
0.00016887167972431906,0.0
0.00016898285265369648,0.0
0.00016909402558307394,0.0
0.00016920519851245137,0.0
0.0001693163714418288,0.0
0.00016942754437120622,0.0
0.00016953871730058365,0.0
0.00016964989022996108,0.0
0.0001697610631593385,0.0
0.00016987223608871596,0.0
0.0001699834090180934,0.0
0.00017009458194747082,0.0
0.00017020575487684825,0.0
0.00017031692780622567,0.0
0.0001704281007356031,0.0
0.00017053927366498053,0.0
0.00017065044659435799,0.0
0.0001707616195237354,0.0
0.00017087279245311284,0.0
0.00017098396538249027,0.0
0.0001710951383118677,0.0
0.00017120631124124513,0.0
0.00017131748417062255,0.0
0.0001714286571,0.0
0.00017153983002937744,0.0
0.00017165100295875486,0.0
0.0001717621758881323,0.0
0.00017187334881750972,0.0
0.00017198452174688715,0.0
0.00017209569467626458,0.0
0.00017220686760564203,0.0
0.00017231804053501946,0.0
0.0001724292134643969,0.0
0.00017254038639377432,0.0
0.00017265155932315174,0.0
0.00017276273225252917,0.0
0.00017287390518190663,0.0
0.00017298507811128405,0.0
0.00017309625104066148,0.0
0.0001732074239700389,0.0
0.00017331859689941634,0.0
0.00017342976982879377,0.0
0.0001735409427581712,0.0
0.00017365211568754865,0.0
0.00017376328861692608,0.0
0.0001738744615463035,0.0
0.00017398563447568093,0.0
0.00017409680740505836,0.0
0.0001742079803344358,0.0
0.00017431915326381322,0.0
0.00017443032619319067,0.0
0.0001745414991225681,0.0
0.00017465267205194553,0.0
0.00017476384498132296,0.0
0.00017487501791070038,0.0
0.0001749861908400778,0.0
0.00017509736376945524,0.0
0.0001752085366988327,0.0
0.00017531970962821012,0.0
0.00017543088255758755,0.0
0.00017554205548696498,0.0
0.0001756532284163424,0.0
0.00017576440134571983,0.0
0.00017587557427509726,0.0
0.00017598674720447472,0.0
0.00017609792013385215,0.0
0.00017620909306322957,0.0
0.000176320265992607,0.0
0.00017643143892198443,0.0
0.00017654261185136186,0.0
0.00017665378478073929,0.0
0.00017676495771011674,0.0
0.00017687613063949417,0.0
0.0001769873035688716,0.0
0.00017709847649824902,0.0
0.00017720964942762645,0.0
0.00017732082235700388,0.0
0.0001774319952863813,0.0
0.00017754316821575876,0.0
0.0001776543411451362,0.0
0.00017776551407451362,0.0
0.00017787668700389105,0.0
0.00017798785993326848,0.0
0.0001780990328626459,0.0
0.00017821020579202333,0.0
0.0001783213787214008,0.0
0.00017843255165077821,0.0
0.00017854372458015564,0.0
0.00017865489750953307,0.0
0.0001787660704389105,0.0
0.00017887724336828793,0.0
0.00017898841629766535,0.0
0.0001790995892270428,0.0
0.00017921076215642024,0.0
0.00017932193508579767,0.0
0.0001794331080151751,0.0
0.00017954428094455252,0.0
0.00017965545387392995,0.0
0.00017976662680330738,0.0
0.00017987779973268483,0.0
0.00017998897266206226,0.0
0.0001801001455914397,0.0
0.00018021131852081712,0.0
0.00018032249145019454,0.0
0.00018043366437957197,0.0
0.00018054483730894943,0.0
0.00018065601023832686,0.0
0.00018076718316770428,0.0
0.0001808783560970817,0.0
0.00018098952902645914,0.0
0.00018110070195583657,0.0
0.000181211874885214,0.0
0.00018132304781459145,0.0
0.00018143422074396888,0.0
0.0001815453936733463,0.0
0.00018165656660272373,0.0
0.00018176773953210116,0.0
0.0001818789124614786,0.0
0.00018199008539085602,0.0
0.00018210125832023347,0.0
0.0001822124312496109,0.0
0.00018232360417898833,0.0
0.00018243477710836576,0.0
0.00018254595003774319,0.0
0.0001826571229671206,0.0
0.00018276829589649804,0.0
0.0001828794688258755,0.0
0.00018299064175525292,0.0
0.00018310181468463035,0.0
0.00018321298761400778,0.0
0.0001833241605433852,0.0
0.00018343533347276264,0.0
0.00018354650640214006,0.0
0.00018365767933151752,0.0
0.00018376885226089495,0.0
0.00018388002519027238,0.0
0.0001839911981196498,0.0
0.00018410237104902723,0.0
0.00018421354397840466,0.0
0.0001843247169077821,0.0
0.00018443588983715954,0.0
0.00018454706276653697,0.0
0.0001846582356959144,0.0
0.00018476940862529183,0.0
0.00018488058155466925,0.0
0.00018499175448404668,0.0
0.0001851029274134241,0.0
0.00018521410034280156,0.0
0.000185325273272179,0.0
0.00018543644620155642,0.0
0.00018554761913093385,0.0
0.00018565879206031128,0.0
0.0001857699649896887,0.0
0.00018588113791906613,0.0
0.0001859923108484436,0.0
0.00018610348377782102,0.0
0.00018621465670719844,0.0
0.00018632582963657587,0.0
0.0001864370025659533,0.0
0.00018654817549533073,0.0
0.00018665934842470816,0.0
0.0001867705213540856,0.0
0.00018688169428346304,0.0
0.00018699286721284047,0.0
0.0001871040401422179,0.0
0.00018721521307159532,0.0
0.00018732638600097275,0.0
0.0001874375589303502,0.0
0.00018754873185972763,0.0
0.00018765990478910506,0.0
0.0001877710777184825,0.0
0.00018788225064785992,0.0
0.00018799342357723735,0.0
0.00018810459650661477,0.0
0.00018821576943599223,0.0
0.00018832694236536966,0.0
0.00018843811529474708,0.0
0.0001885492882241245,0.0
0.00018866046115350194,0.0
0.00018877163408287937,0.0
0.0001888828070122568,0.0
0.00018899397994163425,0.0
0.00018910515287101168,0.0
0.0001892163258003891,0.0
0.00018932749872976654,0.0
0.00018943867165914396,0.0
0.0001895498445885214,0.0
0.00018966101751789882,0.0
0.00018977219044727627,0.0
0.0001898833633766537,0.0
0.00018999453630603113,0.0
0.00019010570923540856,0.0
0.00019021688216478599,0.0
0.00019032805509416341,0.0
0.00019043922802354084,0.0
0.0001905504009529183,0.0
0.00019066157388229573,0.0
0.00019077274681167315,0.0
0.00019088391974105058,0.0
0.000190995092670428,0.0
0.00019110626559980544,0.0
0.00019121743852918287,0.0
0.00019132861145856032,0.0
0.00019143978438793775,0.0
0.00019155095731731518,0.0
0.0001916621302466926,0.0
0.00019177330317607003,0.0
0.00019188447610544746,0.0
0.0001919956490348249,0.0
0.00019210682196420234,0.0
0.00019221799489357977,0.0
0.0001923291678229572,0.0
0.00019244034075233463,0.0
0.00019255151368171206,0.0
0.00019266268661108948,0.0
0.0001927738595404669,0.0
0.00019288503246984437,0.0
0.0001929962053992218,0.0
0.00019310737832859922,0.0
0.00019321855125797665,0.0
0.00019332972418735408,0.0
0.0001934408971167315,0.0
0.00019355207004610893,0.0
0.0001936632429754864,0.0
0.00019377441590486382,0.0
0.00019388558883424125,0.0
0.00019399676176361867,0.0
0.0001941079346929961,0.0
0.00019421910762237353,0.0
0.00019433028055175096,0.0
0.0001944414534811284,0.0
0.00019455262641050584,0.0
0.00019466379933988327,0.0
0.0001947749722692607,0.0
0.00019488614519863812,0.0
0.00019499731812801555,0.0
0.000195108491057393,0.0
0.00019521966398677043,0.0
0.00019533083691614786,0.0
0.0001954420098455253,0.0
0.00019555318277490272,0.0
0.00019566435570428015,0.0
0.00019577552863365757,0.0
0.00019588670156303503,0.0
0.00019599787449241246,0.0
0.00019610904742178989,0.0
0.00019622022035116731,0.0
0.00019633139328054474,0.0
0.00019644256620992217,0.0
0.0001965537391392996,0.0
0.00019666491206867705,0.0
0.00019677608499805448,0.0
0.0001968872579274319,0.0
0.00019699843085680934,0.0
0.00019710960378618676,0.0
0.0001972207767155642,0.0
0.00019733194964494162,0.0
0.00019744312257431908,0.0
0.0001975542955036965,0.0
0.00019766546843307393,0.0
0.00019777664136245136,0.0
0.0001978878142918288,0.0
0.00019799898722120622,0.0
0.00019811016015058364,0.0
0.0001982213330799611,0.0
0.00019833250600933853,0.0
0.00019844367893871595,0.0
0.00019855485186809338,0.0
0.0001986660247974708,0.0
0.00019877719772684824,0.0
0.00019888837065622567,0.0
0.00019899954358560312,0.0
0.00019911071651498055,0.0
0.00019922188944435798,0.0
0.0001993330623737354,0.0
0.00019944423530311283,0.0
0.00019955540823249026,0.0
0.0001996665811618677,0.0
0.00019977775409124514,0.0
0.00019988892702062257,0.0
0.00020000009995,0.0
