Time,Amplitude
0.0,34.03059896879858
1.111729293774319e-07,34.03117535488952
2.223458587548638e-07,34.03169139681518
3.3351878813229573e-07,34.032149209635705
4.446917175097276e-07,34.03255090841124
5.558646468871596e-07,34.03289860820192
6.670375762645915e-07,34.0331944240679
7.782105056420233e-07,34.03344047106931
8.893834350194552e-07,34.0336388642663
1.0005563643968871e-06,34.033791718719016
1.1117292937743191e-06,34.0339011494876
1.222902223151751e-06,34.03396927163219
1.334075152529183e-06,34.03399820021292
1.4452480819066147e-06,34.03399005028995
1.5564210112840467e-06,34.03394693692342
1.6675939406614785e-06,34.033870975173464
1.7787668700389105e-06,34.03376428010023
1.8899397994163425e-06,34.033628966763864
2.0011127287937743e-06,34.033467150224496
2.112285658171206e-06,34.03328094554229
2.2234585875486383e-06,34.033072467777366
2.33463151692607e-06,34.03284383198989
2.445804446303502e-06,34.03259715323998
2.5569773756809336e-06,34.0323345465878
2.668150305058366e-06,34.03205812709348
2.7793232344357976e-06,34.03177000981717
2.8904961638132294e-06,34.03147230981901
3.0016690931906616e-06,34.03116714215914
3.1128420225680934e-06,34.030856621897705
3.224014951945525e-06,34.030542864094855
3.335187881322957e-06,34.03022798381072
3.446360810700389e-06,34.02991409610545
3.557533740077821e-06,34.029603316039186
3.6687066694552528e-06,34.02929775867207
3.779879598832685e-06,34.02899953906425
3.891052528210116e-06,34.02871077227587
4.0022254575875485e-06,34.02843357336706
4.113398386964981e-06,34.02817005739798
4.224571316342412e-06,34.027922339428756
4.335744245719844e-06,34.02769253451954
4.4469171750972765e-06,34.027482757730475
4.558090104474708e-06,34.0272951241217
4.66926303385214e-06,34.02713174875336
4.780435963229572e-06,34.0269947466856
4.891608892607004e-06,34.02688623297856
5.002781821984436e-06,34.02680832269239
5.113954751361867e-06,34.02676313088722
5.2251276807392995e-06,34.0267527726232
5.336300610116732e-06,34.026779362960475
5.447473539494163e-06,34.02684501695918
5.558646468871595e-06,34.02695184967461
5.6698193982490274e-06,34.028565084092214
5.780992327626459e-06,34.03913687527812
5.892165257003891e-06,34.03608785030383
6.003338186381323e-06,34.03683977346062
6.114511115758755e-06,34.043705302969066
6.225684045136187e-06,34.04128218152495
6.336856974513619e-06,34.037461649900635
6.44802990389105e-06,34.04103770846521
6.559202833268483e-06,34.04550468310109
6.670375762645914e-06,34.050421151119245
6.781548692023346e-06,34.04748527863772
6.892721621400778e-06,34.04703347899414
7.00389455077821e-06,34.04942667370102
7.115067480155642e-06,34.052566737583966
7.226240409533074e-06,34.0508976207089
7.3374133389105055e-06,34.05106196761239
7.448586268287938e-06,34.044810924843205
7.55975919766537e-06,34.042458378405136
7.670932127042801e-06,34.04150827151495
7.782105056420233e-06,34.039915505275125
7.893277985797666e-06,34.037679650263584
8.004450915175097e-06,34.03854728668762
8.115623844552528e-06,34.04061714304946
8.226796773929961e-06,34.03757389132325
8.337969703307393e-06,34.03660091072397
8.449142632684824e-06,34.0403599923998
8.560315562062257e-06,34.0494187246958
8.671488491439689e-06,34.050502571930295
8.78266142081712e-06,34.05109719344134
8.893834350194553e-06,34.04885647290464
9.005007279571984e-06,34.051926894838594
9.116180208949416e-06,34.0523762811274
9.227353138326849e-06,34.05170800922907
9.33852606770428e-06,34.053746441123494
9.449698997081712e-06,34.051175549306436
9.560871926459145e-06,34.04945864516068
9.672044855836576e-06,34.05241263165807
9.783217785214007e-06,34.04585396992785
9.89439071459144e-06,34.05417057691618
1.0005563643968872e-05,34.055473726848504
1.0116736573346303e-05,34.05714018016238
1.0227909502723734e-05,34.05415886219121
1.0339082432101168e-05,34.056337001328366
1.0450255361478599e-05,34.054062715311574
1.056142829085603e-05,34.05211963411929
1.0672601220233463e-05,34.05060324272396
1.0783774149610895e-05,34.051999706265526
1.0894947078988326e-05,34.05565046364803
1.1006120008365759e-05,34.06414986912555
1.111729293774319e-05,34.06395260894271
1.1228465867120622e-05,34.05949686685026
1.1339638796498055e-05,34.058033052961626
1.1450811725875486e-05,34.0606055522539
1.1561984655252918e-05,34.06007674550913
1.167315758463035e-05,34.059878800734026
1.1784330514007782e-05,34.060595296570526
1.1895503443385213e-05,34.06320496631386
1.2006676372762646e-05,34.06366761186387
1.2117849302140078e-05,34.06311005520632
1.222902223151751e-05,34.06366762158061
1.2340195160894942e-05,34.06810078848607
1.2451368090272374e-05,34.070220077344764
1.2562541019649805e-05,34.067661524882894
1.2673713949027238e-05,34.063466373412155
1.278488687840467e-05,34.060173897234556
1.28960598077821e-05,34.05963228037563
1.3007232737159532e-05,34.05844642905343
1.3118405666536965e-05,34.062562639388254
1.3229578595914397e-05,34.060347269450304
1.3340751525291828e-05,34.05226221021504
1.3451924454669261e-05,34.045345933916494
1.3563097384046692e-05,34.046969390843614
1.3674270313424124e-05,34.04376620573865
1.3785443242801557e-05,34.041468754770364
1.3896616172178988e-05,34.04657510138831
1.400778910155642e-05,34.0461211240711
1.4118962030933853e-05,34.04613550641889
1.4230134960311284e-05,34.04347051173491
1.4341307889688715e-05,34.04316882308198
1.4452480819066148e-05,34.037761269677105
1.456365374844358e-05,34.03724284309364
1.4674826677821011e-05,34.0350072939316
1.4785999607198444e-05,34.042695555086
1.4897172536575875e-05,34.0414880899127
1.5008345465953307e-05,34.048601819721796
1.511951839533074e-05,34.04992322708584
1.5230691324708171e-05,34.04599902761944
1.5341864254085603e-05,34.04228287655968
1.5453037183463034e-05,34.049385353040826
1.5564210112840465e-05,34.05193108883345
1.56753830422179e-05,34.05008185892019
1.578655597159533e-05,34.05178310536878
1.5897728900972763e-05,34.055897702253915
1.6008901830350194e-05,34.05216447445916
1.6120074759727626e-05,34.05449705421653
1.6231247689105057e-05,34.05311600068719
1.634242061848249e-05,34.056055568980796
1.6453593547859923e-05,34.05809426382775
1.6564766477237354e-05,34.05591781290324
1.6675939406614786e-05,34.05698782836535
1.6787112335992217e-05,34.055847955546696
1.689828526536965e-05,34.053623011827355
1.7009458194747083e-05,34.04890593544313
1.7120631124124515e-05,34.05060649463
1.7231804053501946e-05,34.050276611472526
1.7342976982879377e-05,34.040450415301706
1.745414991225681e-05,34.04274974845853
1.756532284163424e-05,34.04773158417383
1.767649577101167e-05,34.05024635576013
1.7787668700389106e-05,34.0415424478351
1.7898841629766537e-05,34.040223378724356
1.801001455914397e-05,34.04516283328938
1.81211874885214e-05,34.050708182462344
1.823236041789883e-05,34.05424006626053
1.8343533347276263e-05,34.05435980504312
1.8454706276653698e-05,34.05340764067819
1.856587920603113e-05,34.05704012996869
1.867705213540856e-05,34.066849318722
1.8788225064785992e-05,34.06612389959503
1.8899397994163423e-05,34.07599945952058
1.9010570923540854e-05,34.08100590282065
1.912174385291829e-05,34.08426336640063
1.923291678229572e-05,34.09174776921878
1.9344089711673152e-05,34.095755126060666
1.9455262641050583e-05,34.099139324739596
1.9566435570428015e-05,34.11187810454119
1.9677608499805446e-05,34.10885604101014
1.978878142918288e-05,34.1098788139413
1.9899954358560312e-05,34.10604744643754
2.0011127287937744e-05,34.10898586240484
2.0122300217315175e-05,34.11017662472114
2.0233473146692606e-05,34.113088121867065
2.0344646076070038e-05,34.11268910276165
2.045581900544747e-05,34.11974715049938
2.0566991934824904e-05,34.1226203023779
2.0678164864202335e-05,34.13005570034906
2.0789337793579766e-05,34.132749128139004
2.0900510722957198e-05,34.13701894064045
2.101168365233463e-05,34.14631313991025
2.112285658171206e-05,34.143864103586886
2.1234029511089495e-05,34.145968675430645
2.1345202440466927e-05,34.144496966997856
2.1456375369844358e-05,34.14610790482251
2.156754829922179e-05,34.1491469103442
2.167872122859922e-05,34.1554764767243
2.1789894157976652e-05,34.16498519124769
2.1901067087354087e-05,34.174138346963474
2.2012240016731518e-05,34.17877541904258
2.212341294610895e-05,34.18290922119764
2.223458587548638e-05,34.18141899813101
2.2345758804863812e-05,34.18991744202998
2.2456931734241244e-05,34.188689686338805
2.256810466361868e-05,34.193064171535184
2.267927759299611e-05,34.19025665118671
2.279045052237354e-05,34.1950272145605
2.2901623451750973e-05,34.19212478548018
2.3012796381128404e-05,34.189122523518364
2.3123969310505835e-05,34.18846847228031
2.3235142239883267e-05,34.192062797662224
2.33463151692607e-05,34.194129188896795
2.3457488098638133e-05,34.19260500028116
2.3568661028015564e-05,34.18932184783975
2.3679833957392995e-05,34.18731783449106
2.3791006886770427e-05,34.182322684661976
2.3902179816147858e-05,34.18511815632217
2.4013352745525293e-05,34.180453368609356
2.4124525674902724e-05,34.185270569305075
2.4235698604280156e-05,34.18783855832124
2.4346871533657587e-05,34.18624485623744
2.445804446303502e-05,34.18518452488964
2.456921739241245e-05,34.184473765820954
2.4680390321789884e-05,34.186039308737634
2.4791563251167316e-05,34.18493917291098
2.4902736180544747e-05,34.18399964054324
2.501390910992218e-05,34.18422264204965
2.512508203929961e-05,34.18115601678353
2.523625496867704e-05,34.18251375993908
2.5347427898054476e-05,34.18182325559402
2.5458600827431907e-05,34.18592083515878
2.556977375680934e-05,34.190894291414175
2.568094668618677e-05,34.19762336360441
2.57921196155642e-05,34.200083474762565
2.5903292544941633e-05,34.197227523404756
2.6014465474319064e-05,34.19683791228444
2.61256384036965e-05,34.199296449261006
2.623681133307393e-05,34.19869117290814
2.634798426245136e-05,34.19402510339606
2.6459157191828793e-05,34.19782409501284
2.6570330121206224e-05,34.19841632656777
2.6681503050583656e-05,34.18718172233793
2.679267597996109e-05,34.18347070232198
2.6903848909338522e-05,34.18434477315669
2.7015021838715953e-05,34.175884722218825
2.7126194768093385e-05,34.169585207229204
2.7237367697470816e-05,34.16928180416543
2.7348540626848247e-05,34.16911402289842
2.7459713556225682e-05,34.1657693198119
2.7570886485603113e-05,34.16398766570659
2.7682059414980545e-05,34.164426860274425
2.7793232344357976e-05,34.1633212009292
2.7904405273735408e-05,34.16100925370117
2.801557820311284e-05,34.15941844840029
2.8126751132490274e-05,34.1605331709617
2.8237924061867705e-05,34.15653465125068
2.8349096991245136e-05,34.15813395237001
2.8460269920622568e-05,34.15592400221802
2.857144285e-05,34.165073398873886
2.868261577937743e-05,34.16999510270988
2.8793788708754862e-05,34.16931923986387
2.8904961638132297e-05,34.162266188800636
2.9016134567509728e-05,34.16804713149966
2.912730749688716e-05,34.166672652730554
2.923848042626459e-05,34.169364589876146
2.9349653355642022e-05,34.16879149904225
2.9460826285019453e-05,34.17019330875991
2.9571999214396888e-05,34.16920695416405
2.968317214377432e-05,34.179532198264404
2.979434507315175e-05,34.182390143043385
2.9905518002529182e-05,34.18260475780234
3.0016690931906614e-05,34.18755379880805
3.0127863861284045e-05,34.18665788502743
3.023903679066148e-05,34.181803341659425
3.035020972003891e-05,34.188056915619605
3.0461382649416342e-05,34.17923784546342
3.057255557879378e-05,34.176629399315885
3.0683728508171205e-05,34.175871461892115
3.079490143754864e-05,34.168991079249565
3.090607436692607e-05,34.167190664967244
3.10172472963035e-05,34.16032831358719
3.112842022568093e-05,34.16431673121952
3.1239593155058365e-05,34.16461773285085
3.13507660844358e-05,34.16828160773911
3.146193901381323e-05,34.162769060010085
3.157311194319066e-05,34.166070761937355
3.168428487256809e-05,34.16244838729968
3.1795457801945526e-05,34.16244515763632
3.1906630731322954e-05,34.16386334792108
3.201780366070039e-05,34.162813789455925
3.212897659007782e-05,34.160259441973274
3.224014951945525e-05,34.16108499925764
3.2351322448832686e-05,34.15797656711564
3.2462495378210114e-05,34.156240269058515
3.257366830758755e-05,34.15768985822424
3.268484123696498e-05,34.16105684707441
3.279601416634241e-05,34.163603817427
3.2907187095719846e-05,34.16340136375095
3.3018360025097274e-05,34.160032248337636
3.312953295447471e-05,34.15631985967923
3.324070588385214e-05,34.14901817271907
3.335187881322957e-05,34.14524998067185
3.3463051742607006e-05,34.14267614021012
3.3574224671984434e-05,34.13590550908712
3.368539760136187e-05,34.130298478199876
3.37965705307393e-05,34.12942180413232
3.390774346011673e-05,34.12617055018291
3.4018916389494166e-05,34.11312088914155
3.4130089318871594e-05,34.11707532683777
3.424126224824903e-05,34.11281353555184
3.435243517762646e-05,34.11340448123508
3.446360810700389e-05,34.10668436954594
3.457478103638132e-05,34.10403349794544
3.4685953965758755e-05,34.10509914492655
3.479712689513619e-05,34.101369637351105
3.490829982451362e-05,34.10003578677065
3.501947275389105e-05,34.10290130685674
3.513064568326848e-05,34.09845253303164
3.5241818612645915e-05,34.10862004106027
3.535299154202334e-05,34.105502546931106
3.546416447140078e-05,34.10782311559936
3.557533740077821e-05,34.10760311602303
3.568651033015564e-05,34.10066798095142
3.5797683259533075e-05,34.10154277958165
3.59088561889105e-05,34.105027213142804
3.602002911828794e-05,34.10750903705968
3.613120204766537e-05,34.108404641405535
3.62423749770428e-05,34.103721922984434
3.6353547906420235e-05,34.10581015799443
3.646472083579766e-05,34.100098957179576
3.65758937651751e-05,34.10490103449861
3.6687066694552526e-05,34.0998209565552
3.679823962392996e-05,34.100802092607374
3.6909412553307395e-05,34.091595288159425
3.702058548268482e-05,34.088744109585456
3.713175841206226e-05,34.08782218371221
3.7242931341439686e-05,34.08298567634774
3.735410427081712e-05,34.07944331884617
3.746527720019455e-05,34.069275817520314
3.7576450129571984e-05,34.06713622444484
3.768762305894942e-05,34.06317026573343
3.7798795988326846e-05,34.06037287223426
3.790996891770428e-05,34.05935195194791
3.802114184708171e-05,34.05456825000276
3.8132314776459144e-05,34.04952374906458
3.824348770583658e-05,34.052654199619944
3.8354660635214006e-05,34.04968263411575
3.846583356459144e-05,34.05510621742517
3.857700649396887e-05,34.053753882177276
3.8688179423346304e-05,34.057674930477646
3.879935235272373e-05,34.056196483303324
3.891052528210117e-05,34.05588744473576
3.90216982114786e-05,34.05895449247411
3.913287114085603e-05,34.0695996792108
3.9244044070233464e-05,34.06970715981772
3.935521699961089e-05,34.07332982101016
3.946638992898833e-05,34.0728584076044
3.957756285836576e-05,34.07966924749976
3.968873578774319e-05,34.079347118948924
3.9799908717120624e-05,34.077836030274995
3.991108164649805e-05,34.074893458477554
4.002225457587549e-05,34.081004397479774
4.0133427505252915e-05,34.07967375892653
4.024460043463035e-05,34.081912266744176
4.0355773364007785e-05,34.08038846930938
4.046694629338521e-05,34.07941181796655
4.057811922276265e-05,34.07748312138473
4.0689292152140075e-05,34.079239401472684
4.080046508151751e-05,34.079616335066376
4.091163801089494e-05,34.072602165713164
4.102281094027237e-05,34.07133185630687
4.113398386964981e-05,34.0722579889229
4.1245156799027235e-05,34.07293759262018
4.135632972840467e-05,34.07278692186265
4.14675026577821e-05,34.07418502048431
4.157867558715953e-05,34.071486206156315
4.168984851653697e-05,34.07826171778435
4.1801021445914396e-05,34.07430417711298
4.191219437529183e-05,34.07598516652182
4.202336730466926e-05,34.072106174529594
4.213454023404669e-05,34.07915582267956
4.224571316342412e-05,34.080499595046476
4.2356886092801556e-05,34.08929430296816
4.246805902217899e-05,34.086336587561206
4.257923195155642e-05,34.089389503319815
4.269040488093385e-05,34.09139105918661
4.280157781031128e-05,34.092146465125666
4.2912750739688716e-05,34.09181193139499
4.3023923669066144e-05,34.09362334072325
4.313509659844358e-05,34.0833715561117
4.3246269527821014e-05,34.07832003123015
4.335744245719844e-05,34.075161289786955
4.3468615386575876e-05,34.070751923402185
4.3579788315953304e-05,34.06857115412126
4.369096124533074e-05,34.0686564635756
4.3802134174708174e-05,34.06529195379181
4.39133071040856e-05,34.063902861456505
4.4024480033463036e-05,34.06136183356146
4.4135652962840464e-05,34.06060831240918
4.42468258922179e-05,34.056412351238734
4.435799882159533e-05,34.05535567858436
4.446917175097276e-05,34.059206881744466
4.45803446803502e-05,34.05703882416907
4.4691517609727625e-05,34.053328353779406
4.480269053910506e-05,34.05383358014001
4.491386346848249e-05,34.06001178994695
4.502503639785992e-05,34.05776032687324
4.513620932723736e-05,34.06288742724985
4.5247382256614785e-05,34.06733706181781
4.535855518599222e-05,34.06829247660394
4.546972811536965e-05,34.07065568950651
4.558090104474708e-05,34.069144093591845
4.569207397412451e-05,34.07274510468698
4.5803246903501945e-05,34.07609650486732
4.591441983287938e-05,34.07542930035271
4.602559276225681e-05,34.07699259770956
4.613676569163424e-05,34.07063496674891
4.624793862101167e-05,34.068969296520564
4.6359111550389105e-05,34.06898988780343
4.647028447976653e-05,34.06884211514449
4.658145740914397e-05,34.067255453718424
4.66926303385214e-05,34.068479722161534
4.680380326789883e-05,34.06504565155032
4.6914976197276265e-05,34.065463261098024
4.7026149126653693e-05,34.0613507957416
4.713732205603113e-05,34.05819700788863
4.724849498540856e-05,34.05736190115205
4.735966791478599e-05,34.057495823355495
4.7470840844163426e-05,34.05700514436886
4.7582013773540854e-05,34.05719618670352
4.769318670291829e-05,34.05680774902197
4.7804359632295716e-05,34.053968701309486
4.791553256167315e-05,34.061546307621484
4.8026705491050586e-05,34.06156231950095
4.8137878420428014e-05,34.0653785598201
4.824905134980545e-05,34.06504358322911
4.8360224279182877e-05,34.066601074406016
4.847139720856031e-05,34.06154247491025
4.858257013793774e-05,34.08086444623551
4.8693743067315174e-05,34.5658533634061
4.880491599669261e-05,34.9982326798129
4.891608892607004e-05,35.379692876060325
4.902726185544747e-05,35.71514265444999
4.91384347848249e-05,36.00937488055345
4.9249607714202334e-05,36.25807550724964
4.936078064357977e-05,36.46155921339163
4.94719535729572e-05,36.62089162608939
4.958312650233463e-05,36.74279086580573
4.969429943171206e-05,36.81556990218163
4.9805472361089494e-05,36.85174166047509
4.991664529046692e-05,36.847095021032985
5.002781821984436e-05,36.805518920674736
5.013899114922179e-05,36.71695829831266
5.025016407859922e-05,36.597662903665764
5.0361337007976655e-05,36.436913057758495
5.047250993735408e-05,36.253602804871676
5.058368286673152e-05,36.031972303542396
5.069485579610895e-05,35.78352593413523
5.080602872548638e-05,35.494687322611185
5.0917201654863815e-05,35.18382563874482
5.102837458424124e-05,34.84137591341232
5.113954751361868e-05,34.47270952091645
5.1250720442996105e-05,34.07227065466497
5.136189337237354e-05,33.649991756458725
5.1473066301750975e-05,33.20130703400709
5.15842392311284e-05,32.734608312812306
5.169541216050584e-05,32.23955608045596
5.1806585089883266e-05,31.724417523122042
5.19177580192607e-05,31.18317985313071
5.202893094863813e-05,30.626676841186583
5.214010387801556e-05,30.049298073884515
5.2251276807393e-05,29.454014064242237
5.2362449736770426e-05,28.83589664373695
5.247362266614786e-05,28.205906921734844
5.258479559552529e-05,27.553172674553153
5.269596852490272e-05,26.89296317952981
5.280714145428016e-05,26.218601310546944
5.2918314383657586e-05,25.528921370153043
5.302948731303502e-05,24.833465448526596
5.314066024241245e-05,24.122793768306128
5.3251833171789884e-05,23.4082546714066
5.336300610116731e-05,22.677449382140864
5.3474179030544746e-05,21.946311714854048
5.358535195992218e-05,21.198455384008906
5.369652488929961e-05,20.452086435308942
5.3807697818677044e-05,19.69529004893964
5.391887074805447e-05,18.940909172289185
5.4030043677431907e-05,18.182080558248504
5.4141216606809334e-05,17.421332613295018
5.425238953618677e-05,16.657340686220635
5.4363562465564204e-05,15.901533546622181
5.447473539494163e-05,15.146061397329177
5.458590832431907e-05,14.392832504737873
5.4697081253696495e-05,13.641193018624762
5.480825418307393e-05,12.897930579214783
5.4919427112451364e-05,12.157780419147334
5.503060004182879e-05,11.426287898589704
5.514177297120623e-05,10.698820469574718
5.5252945900583655e-05,9.980748060333667
5.536411882996109e-05,9.271921607002943
5.547529175933852e-05,8.57548412908807
5.558646468871595e-05,7.888200776329739
5.569763761809339e-05,7.210592599751777
5.5808810547470815e-05,6.552114570618198
5.591998347684825e-05,5.9085249446934816
5.603115640622568e-05,5.275634538359555
5.614232933560311e-05,4.65967471336822
5.625350226498055e-05,4.062681616615119
5.6364675194357975e-05,3.480157658289975
5.647584812373541e-05,2.923544593419663
5.658702105311284e-05,2.380018896924698
5.669819398249027e-05,1.8636125510210921
5.68093669118677e-05,1.3663039535101527
5.6920539841245135e-05,0.8933565294181901
5.703171277062257e-05,0.4403604019113475
5.71428857e-05,0.015290016716690953
5.725405862937743e-05,-0.38258155525310583
5.736523155875486e-05,-0.746406668387975
5.7476404488132296e-05,-1.0888216145368705
5.7587577417509724e-05,-1.3984968567445508
5.769875034688716e-05,-1.6824992724957144
5.780992327626459e-05,-1.9317439790564388
5.792109620564202e-05,-2.1540676730351973
5.8032269135019456e-05,-2.339260484023438
5.8143442064396884e-05,-2.489018816764378
5.825461499377432e-05,-2.6001063733303544
5.836578792315175e-05,-2.677997210116593
5.847696085252918e-05,-2.722692320194611
5.8588133781906616e-05,-2.72704194102539
5.8699306711284044e-05,-2.689236784933656
5.881047964066148e-05,-2.614236083837865
5.892165257003891e-05,-2.494882522388964
5.903282549941634e-05,-2.3355972599115407
5.9143998428793776e-05,-2.135981437685426
5.9255171358171204e-05,-1.894278993405073
5.936634428754864e-05,-1.6043404125925873
5.947751721692607e-05,-1.2664188126241038
5.95886901463035e-05,-0.8825949265249201
5.9699863075680936e-05,-0.44531720830175575
5.9811036005058364e-05,0.017589718184135236
5.99222089344358e-05,0.016042114418469106
6.003338186381323e-05,0.014440914663070424
6.014455479319066e-05,0.012786118917939186
6.025572772256809e-05,0.010184699204505626
6.0366900651945525e-05,0.008513836783844972
6.047807358132296e-05,0.006787537458220739
6.058924651070039e-05,0.0050058012276329306
6.070041944007782e-05,0.003168628092081544
6.081159236945525e-05,0.0012760180515665799
6.0922765298832685e-05,-0.0006720288939119625
6.103393822821011e-05,-0.0026755127443540833
6.114511115758755e-05,-0.004734433499759782
6.125628408696498e-05,-0.006483209574571866
6.136745701634241e-05,-0.0020964600487258555
6.147862994571984e-05,-0.0016431714149472286
6.158980287509728e-05,0.0003179834028237032
6.170097580447471e-05,-0.0008076836773468271
6.181214873385214e-05,-0.0019658696921574428
6.192332166322958e-05,-0.002036743309787291
6.2034494592607e-05,-0.001648353125491892
6.214566752198443e-05,-0.0017061518469914257
6.225684045136186e-05,-0.0026444108720971105
6.23680133807393e-05,-0.0036085283816947302
6.247918631011673e-05,-0.004598504375784285
6.259035923949416e-05,-0.0030571559097204173
6.27015321688716e-05,-0.0021290222445331046
6.281270509824903e-05,-0.0027801524771735083
6.292387802762646e-05,-0.0034491480527870677
6.303505095700388e-05,-0.004136008971373778
6.314622388638133e-05,-0.004734840395433106
6.325739681575875e-05,-0.004627917765288455
6.336856974513618e-05,-0.003542578618605179
6.347974267451362e-05,-0.003742690506235066
6.359091560389105e-05,-0.00395737219027241
6.370208853326848e-05,-0.004811605793588322
6.381326146264591e-05,-0.00023150319205987786
6.392443439202335e-05,-0.001117070333089061
6.403560732140078e-05,-0.0007451615901545197
6.41467802507782e-05,-0.0003825887110688272
6.425795318015565e-05,-2.9351695831983556e-05
6.436912610953307e-05,-0.001108014406250745
6.44802990389105e-05,-0.0011614383338831504
6.459147196828794e-05,-0.004283855022613468
6.470264489766537e-05,-0.003403498120347047
6.48138178270428e-05,-0.0032658773870807944
6.492499075642023e-05,-0.0028659334019890837
6.503616368579767e-05,-0.003783797871247589
6.51473366151751e-05,-0.00267525813399898
6.525850954455252e-05,-0.0015939767227847897
6.536968247392997e-05,-0.004345587201881673
6.54808554033074e-05,-0.00293049248719789
6.559202833268482e-05,-0.003714998074207958
6.570320126206225e-05,-0.0035394571592591772
6.581437419143969e-05,-0.0034654772527060763
6.592554712081712e-05,-0.004373395901868472
6.603672005019455e-05,-0.0023557140040415155
6.614789297957199e-05,-0.00038930735384039945
6.625906590894942e-05,-0.0036224139620562755
6.637023883832685e-05,-0.00418866701903845
6.648141176770427e-05,-0.007910718589597816
6.659258469708171e-05,-0.0047017713189190765
6.670375762645914e-05,-0.004338402500312779
6.681493055583657e-05,-0.003172828332730995
6.692610348521401e-05,-0.0024643202027736797
6.703727641459144e-05,-0.005389152143511953
6.714844934396887e-05,-0.007064206311364939
6.72596222733463e-05,-0.005890770538947273
6.737079520272374e-05,-0.0033963500201099057
6.748196813210117e-05,-0.006514497373815584
6.75931410614786e-05,-0.005034631964815637
6.770431399085604e-05,0.0005046624204092095
6.781548692023346e-05,0.0006127428668542103
6.792665984961089e-05,0.007008929426044554
6.803783277898833e-05,0.010628918182129795
6.814900570836576e-05,0.011253709381509156
6.826017863774319e-05,0.014673334697830874
6.837135156712062e-05,0.016449463261801904
6.848252449649806e-05,0.023630721105481527
6.859369742587549e-05,0.0284319908046192
6.870487035525291e-05,0.03302641025580071
6.881604328463036e-05,0.03676120948186001
6.892721621400778e-05,0.04283194165960088
6.903838914338521e-05,0.04985082538889505
6.914956207276264e-05,0.055216541252267326
6.926073500214008e-05,0.061837787534348945
6.937190793151751e-05,0.06499451545101818
6.948308086089494e-05,0.06933804464586857
6.959425379027238e-05,0.07155370519862778
6.97054267196498e-05,0.07391298112625738
6.981659964902723e-05,0.07849237873557233
6.992777257840466e-05,0.08296600631282271
7.00389455077821e-05,0.08332038745326964
7.015011843715953e-05,0.0899770547027432
7.026129136653696e-05,0.09571425528676271
7.03724642959144e-05,0.10275816012006515
7.048363722529183e-05,0.10590854469130487
7.059481015466926e-05,0.10910368047103246
7.070598308404669e-05,0.11601606856123436
7.081715601342413e-05,0.1178462610124582
7.092832894280155e-05,0.1239123470556656
7.103950187217898e-05,0.12720454875106832
7.115067480155642e-05,0.13377967457128243
7.126184773093385e-05,0.13604411828943835
7.137302066031128e-05,0.14238463223630254
7.148419358968871e-05,0.14755941146065898
7.159536651906615e-05,0.1528017919035212
7.170653944844358e-05,0.1585074468899134
7.1817712377821e-05,0.16388060718866448
7.192888530719845e-05,0.16892127279977442
7.204005823657588e-05,0.17362944372324338
7.21512311659533e-05,0.1780051199590712
7.226240409533074e-05,0.18185715467843977
7.237357702470817e-05,0.18558734631743626
7.24847499540856e-05,0.18898464923286334
7.259592288346303e-05,0.19204906342472097
7.270709581284047e-05,0.19478058889300928
7.28182687422179e-05,0.19717922563772813
7.292944167159533e-05,0.19924497365887767
7.304061460097277e-05,0.20097783295645777
7.31517875303502e-05,0.200286252572062
7.326296045972762e-05,0.20156675798968768
7.337413338910505e-05,0.20134397209593202
7.348530631848249e-05,0.20206906576959907
7.359647924785992e-05,0.2020745718099499
7.370765217723735e-05,0.20215923105785455
7.381882510661479e-05,0.20190350286962355
7.392999803599222e-05,0.2013073872452571
7.404117096536965e-05,0.20037088418475524
7.415234389474707e-05,0.19909399368811778
7.426351682412452e-05,0.1974767157553448
7.437468975350194e-05,0.19757648895215918
7.448586268287937e-05,0.19547626677843477
7.459703561225681e-05,0.19303949854005664
7.470820854163424e-05,0.19026618423702507
7.481938147101167e-05,0.18715632386933986
7.49305544003891e-05,0.18439996160317249
7.504172732976654e-05,0.18068335950677353
7.515290025914397e-05,0.17789831145082663
7.52640731885214e-05,0.17224158702015635
7.537524611789884e-05,0.16778536704153146
7.548641904727626e-05,0.16299338626835636
7.559759197665369e-05,0.15943630065689524
7.570876490603113e-05,0.1547124736860113
7.581993783540856e-05,0.15002347011654696
7.593111076478599e-05,0.14480869626408316
7.604228369416342e-05,0.14006026897638724
7.615345662354086e-05,0.13482646166511597
7.626462955291829e-05,0.13080589240171112
7.637580248229572e-05,0.12460101569283305
7.648697541167316e-05,0.11807186084120018
7.659814834105058e-05,0.1154202364162343
7.670932127042801e-05,0.10864654533384373
7.682049419980544e-05,0.10394624707789653
7.693166712918288e-05,0.09830441925440185
7.704284005856031e-05,0.09272328647554935
7.715401298793774e-05,0.08821914191564374
7.726518591731518e-05,0.08071854037660639
7.737635884669261e-05,0.07291767761640555
7.748753177607004e-05,0.0705007347906375
7.759870470544746e-05,0.06590901299497083
7.77098776348249e-05,0.06509036677705404
7.782105056420233e-05,0.05765033087675245
7.793222349357976e-05,0.05250391237301657
7.80433964229572e-05,0.047254783716076644
7.815456935233463e-05,0.04262212008400725
7.826574228171206e-05,0.04224172453274842
7.837691521108949e-05,0.04155815734965254
7.848808814046693e-05,0.038657045353813556
7.859926106984436e-05,0.03470793150650213
7.871043399922178e-05,0.03712866717331101
7.882160692859923e-05,0.03589995324721059
7.893277985797665e-05,0.030211528906012773
7.904395278735408e-05,0.03087272173806479
7.915512571673152e-05,0.025501416307416716
7.926629864610895e-05,0.022823531905519386
7.937747157548638e-05,0.023650311389631487
7.948864450486381e-05,0.022263883775362103
7.959981743424125e-05,0.023039609554471697
7.971099036361868e-05,0.0185858011112359
7.98221632929961e-05,0.016384380154317778
7.993333622237355e-05,0.014511203352928029
8.004450915175097e-05,0.013734703100092522
8.01556820811284e-05,0.010721102150486706
8.026685501050583e-05,0.006516442477841209
8.037802793988327e-05,0.003759774243834756
8.04892008692607e-05,-0.0004482471924563171
8.060037379863813e-05,-0.0011890054177434205
8.071154672801557e-05,-0.003938829212010258
8.0822719657393e-05,-0.003065698632587238
8.093389258677043e-05,-0.0017738399223835286
8.104506551614785e-05,-0.0023433220691690257
8.11562384455253e-05,-0.0026485189399861305
8.126741137490272e-05,0.0017618143426292362
8.137858430428015e-05,0.0002804305999908347
8.148975723365759e-05,-0.00041064950730047324
8.160093016303502e-05,-0.002613932323367969
8.171210309241245e-05,-0.0009041797199611339
8.182327602178988e-05,0.0011593732435599491
8.193444895116732e-05,-0.00047113324061768755
8.204562188054475e-05,0.0031222597160330224
8.215679480992217e-05,0.002697293694551941
8.226796773929961e-05,0.0028006384046343315
8.237914066867704e-05,0.0021455960993567533
8.249031359805447e-05,0.005855988651699962
8.26014865274319e-05,0.00554506373089763
8.271265945680934e-05,0.004347380578284578
8.282383238618677e-05,0.005255331638631341
8.29350053155642e-05,0.003094647755308568
8.304617824494164e-05,0.003453815145581351
8.315735117431907e-05,0.003266698113564785
8.32685241036965e-05,0.003278151165964759
8.337969703307394e-05,0.003279120412300204
8.349086996245136e-05,0.0014938301759651234
8.360204289182879e-05,0.0020395770541772364
8.371321582120622e-05,-0.0026567833349799615
8.382438875058366e-05,-0.0016680857854962203
8.393556167996109e-05,-0.0007338514156799482
8.404673460933852e-05,0.0001459197744688468
8.415790753871596e-05,-0.003521940197931313
8.426908046809339e-05,-0.0022926088382520084
8.438025339747081e-05,0.0011460365489686954
8.449142632684824e-05,0.0024736622103940465
8.460259925622568e-05,0.00502928289941501
8.471377218560311e-05,0.0048433115615256015
8.482494511498054e-05,0.0017614953907197752
8.493611804435798e-05,0.001301312541261891
8.504729097373541e-05,0.0006375577205650926
8.515846390311284e-05,0.002929969573081539
8.526963683249027e-05,0.0035930120644271056
8.53808097618677e-05,0.005883185570515965
8.549198269124513e-05,0.005882305617617555
8.560315562062256e-05,0.003454899608262536
8.571432855e-05,0.004992893793332957
8.582550147937743e-05,0.0027784264995118343
8.593667440875486e-05,0.005961139058905308
8.604784733813229e-05,0.007639989844634929
8.615902026750973e-05,0.010743821750492575
8.627019319688716e-05,0.013384294312975406
8.638136612626459e-05,0.0159624467688435
8.649253905564203e-05,0.01607121589088812
8.660371198501945e-05,0.017242931959539798
8.671488491439688e-05,0.020639801646654476
8.682605784377432e-05,0.021810088715025766
8.693723077315175e-05,0.020206257920329426
8.704840370252918e-05,0.02407336894021944
8.715957663190661e-05,0.02550007201517216
8.727074956128405e-05,0.025395947270387655
8.738192249066148e-05,0.026238417919226296
8.74930954200389e-05,0.03121487557117196
8.760426834941635e-05,0.034208299062661124
8.771544127879378e-05,0.03459156621154416
8.78266142081712e-05,0.035321151557018655
8.793778713754863e-05,0.03785437191649319
8.804896006692607e-05,0.04158461290960544
8.81601329963035e-05,0.042879415475014344
8.827130592568093e-05,0.04831082020724626
8.838247885505837e-05,0.05386184139358462
8.84936517844358e-05,0.05920877871362281
8.860482471381323e-05,0.06435163216736088
8.871599764319065e-05,0.06487342429239341
8.88271705725681e-05,0.06620191470123347
8.893834350194552e-05,0.07156768521859512
8.904951643132295e-05,0.07671231583015825
8.91606893607004e-05,0.08099754787349281
8.927186229007782e-05,0.08231603189753543
8.938303521945525e-05,0.08530048613179206
8.949420814883268e-05,0.08527638076078349
8.960538107821012e-05,0.08846974001242125
8.971655400758755e-05,0.08580172104383922
8.982772693696497e-05,0.09121968805940009
8.993889986634242e-05,0.09678818157742354
9.005007279571984e-05,0.10149714987042782
9.016124572509727e-05,0.10254912906494038
9.027241865447471e-05,0.10453613637400953
9.038359158385214e-05,0.1094552893277448
9.049476451322957e-05,0.11342011386890911
9.0605937442607e-05,0.11535835746583513
9.071711037198444e-05,0.11489072297197725
9.082828330136187e-05,0.11810420699881022
9.09394562307393e-05,0.11553370440069018
9.105062916011674e-05,0.12128935414757361
9.116180208949416e-05,0.12469926888730677
9.127297501887159e-05,0.12476624142505052
9.138414794824902e-05,0.12908807487251034
9.149532087762646e-05,0.13349057963966127
9.160649380700389e-05,0.13854322612386546
9.171766673638132e-05,0.1413900472349328
9.182883966575876e-05,0.1459452619984198
9.194001259513619e-05,0.15016459584158948
9.205118552451362e-05,0.15165096397251723
9.216235845389104e-05,0.15565757718275974
9.227353138326848e-05,0.15873435876416733
9.238470431264591e-05,0.1612388120698132
9.249587724202334e-05,0.1639227056075364
9.260705017140078e-05,0.1662908937873756
9.271822310077821e-05,0.16833589510652272
9.282939603015564e-05,0.16523131525591359
9.294056895953307e-05,0.16714300559698198
9.305174188891051e-05,0.16701157346203016
9.316291481828794e-05,0.1629122546087119
9.327408774766536e-05,0.1616972094002842
9.33852606770428e-05,0.16261724887133433
9.349643360642023e-05,0.16239166336788086
9.360760653579766e-05,0.16270564456446102
9.37187794651751e-05,0.16453607807626758
9.382995239455253e-05,0.16086456867018112
9.394112532392996e-05,0.16557305380958032
9.405229825330739e-05,0.16276148971856763
9.416347118268483e-05,0.1648606250177508
9.427464411206226e-05,0.1663406883605569
9.438581704143968e-05,0.16796645143233074
9.449698997081713e-05,0.16902697591737728
9.460816290019455e-05,0.16971280538100325
9.471933582957198e-05,0.1675642378321811
9.483050875894941e-05,0.16781169933916223
9.494168168832685e-05,0.17337962007840238
9.505285461770428e-05,0.17334083484389132
9.516402754708171e-05,0.1728937037821776
9.527520047645915e-05,0.1720382268932612
9.538637340583658e-05,0.1757353210430076
9.5497546335214e-05,0.1745401637367883
9.560871926459143e-05,0.17298594285641766
9.571989219396887e-05,0.17099646667123514
9.58310651233463e-05,0.16860798173272004
9.594223805272373e-05,0.16708643274436497
9.605341098210117e-05,0.1695480768125705
9.61645839114786e-05,0.1693124660350584
9.627575684085603e-05,0.16935767812312702
9.638692977023346e-05,0.16627685245034338
9.64981026996109e-05,0.16453051566979307
9.660927562898833e-05,0.15906936102294392
9.672044855836575e-05,0.1576486755173672
9.68316214877432e-05,0.1589216978197262
9.694279441712062e-05,0.15639266012099826
9.705396734649805e-05,0.15453563554590496
9.716514027587548e-05,0.15094002150397082
9.727631320525292e-05,0.14687384825202132
9.738748613463035e-05,0.14288270535181666
9.749865906400778e-05,0.13739730400744338
9.760983199338522e-05,0.13325506670691442
9.772100492276265e-05,0.1331236776483193
9.783217785214007e-05,0.130732761746797
9.794335078151751e-05,0.12586802593184757
9.805452371089494e-05,0.12297837484424808
9.816569664027237e-05,0.12173630793368191
9.82768695696498e-05,0.12039862929945941
9.838804249902724e-05,0.11726095010282815
9.849921542840467e-05,0.11737723269969419
9.86103883577821e-05,0.11695360474535046
9.872156128715954e-05,0.11233180953267569
9.883273421653697e-05,0.10941313078871265
9.89439071459144e-05,0.10928818446751731
9.905508007529182e-05,0.10926840375453453
9.916625300466926e-05,0.10773088550604591
9.927742593404669e-05,0.10500930292777189
9.938859886342412e-05,0.1043418415893925
9.949977179280156e-05,0.10012342882764332
9.961094472217899e-05,0.09534546417632006
9.972211765155642e-05,0.09030112729455131
9.983329058093384e-05,0.08499041818233703
9.994446351031129e-05,0.08194870368476483
0.00010005563643968871,0.08107151391110035
0.00010016680936906614,0.07608327395704205
0.00010027798229844358,0.0708408911208473
0.00010038915522782101,0.06664422377411622
0.00010050032815719844,0.06494454157061445
0.00010061150108657587,0.06168612475976315
0.00010072267401595331,0.06010675765707406
0.00010083384694533074,0.05732483213291807
0.00010094501987470817,0.06096581359708975
0.0001010561928040856,0.056905445791810554
0.00010116736573346303,0.05225625115386272
0.00010127853866284046,0.04805084167394206
0.0001013897115922179,0.048178891966408156
0.00010150088452159533,0.04718097568876931
0.00010161205745097276,0.04317951830819965
0.00010172323038035019,0.0385553322927962
0.00010183440330972763,0.03597214002673671
0.00010194557623910506,0.03773234058197484
0.00010205674916848249,0.0361291674765391
0.00010216792209785993,0.038857919710257524
0.00010227909502723736,0.03580741983014122
0.00010239026795661478,0.03465598559704246
0.00010250144088599221,0.03730652311901519
0.00010261261381536965,0.035886653848301905
0.00010272378674474708,0.03411814419717242
0.00010283495967412451,0.03130681143009203
0.00010294613260350195,0.030408763735023325
0.00010305730553287938,0.026554246856169805
0.0001031684784622568,0.024881852843630845
0.00010327965139163423,0.024796031317422793
0.00010339082432101168,0.021974692194753197
0.0001035019972503891,0.01929969821599946
0.00010361317017976653,0.0172536490270673
0.00010372434310914397,0.013812156325391994
0.0001038355160385214,0.011232929230954604
0.00010394668896789883,0.007847401110118439
0.00010405786189727626,0.0105140172214374
0.0001041690348266537,0.008263899394339094
0.00010428020775603113,0.007831312307665126
0.00010439138068540855,0.011716771105519233
0.000104502553614786,0.012623325726186562
0.00010461372654416342,0.010586079891273185
0.00010472489947354085,0.009843001493358526
0.0001048360724029183,0.010861132944866212
0.00010494724533229572,0.010046083509617778
0.00010505841826167315,0.014765853646217077
0.00010516959119105058,0.014304664624916445
0.00010528076412042802,0.017843276593818798
0.00010539193704980545,0.019841082304446433
0.00010550310997918287,0.018369414102386728
0.00010561428290856032,0.01846114139870261
0.00010572545583793774,0.01847810037701265
0.00010583662876731517,0.014589184207123214
0.0001059478016966926,0.01794675121701483
0.00010605897462607004,0.012510661911468044
0.00010617014755544747,0.012245117335178766
0.0001062813204848249,0.009556486516934654
0.00010639249341420234,0.01142231331275199
0.00010650366634357977,0.013154812835678
0.0001066148392729572,0.013688284072424778
0.00010672601220233462,0.014036065112679652
0.00010683718513171206,0.015743487752423808
0.00010694835806108949,0.017060221920347732
0.00010705953099046692,0.01858123359876302
0.00010717070391984436,0.02044729575643612
0.00010728187684922179,0.021795432335903933
0.00010739304977859922,0.023036185345085804
0.00010750422270797665,0.023921839021678867
0.00010761539563735409,0.024973102008891173
0.00010772656856673152,0.02591647077695688
0.00010783774149610894,0.028731386881287745
0.00010794891442548639,0.028268181736969156
0.00010806008735486381,0.029222824756552065
0.00010817126028424124,0.030070422227344455
0.00010828243321361867,0.03441684515980873
0.00010839360614299611,0.03539706989941072
0.00010850477907237354,0.0381019359067841
0.00010861595200175097,0.039057010726376885
0.00010872712493112841,0.04159789466766295
0.00010883829786050584,0.039223009791689335
0.00010894947078988326,0.04013032205261448
0.0001090606437192607,0.03685941963036958
0.00010917181664863813,0.03829512144070593
0.00010928298957801556,0.036629267880656374
0.00010939416250739299,0.03753328418532598
0.00010950533543677043,0.0351358929542014
0.00010961650836614786,0.03864129288126342
0.00010972768129552529,0.04047279538822795
0.00010983885422490273,0.03914834127458926
0.00010995002715428016,0.03645187530216381
0.00011006120008365758,0.039028331767088226
0.00011017237301303501,0.04146354894873961
0.00011028354594241245,0.043757526847117936
0.00011039471887178988,0.04591026546222324
0.00011050589180116731,0.047921764794055494
0.00011061706473054475,0.05038075572505041
0.00011072823765992218,0.05216638522903232
0.00011083941058929961,0.053811874648550834
0.00011095058351867704,0.05531722398360592
0.00011106175644805448,0.05275738793955973
0.0001111729293774319,0.05696814773265366
0.00011128410230680933,0.05528081838837782
0.00011139527523618677,0.05721163257562219
0.0001115064481655642,0.05899200596919206
0.00011161762109494163,0.059603833242308335
0.00011172879402431906,0.06118721334718023
0.0001118399669536965,0.06261805390486953
0.00011195113988307393,0.06565049611594602
0.00011206231281245136,0.06518211455174865
0.0001121734857418288,0.06650715760403036
0.00011228465867120623,0.06701711003426393
0.00011239583160058365,0.06810392699911749
0.0001125070045299611,0.06835240854074379
0.00011261817745933852,0.06920050191765735
0.00011272935038871595,0.06989292170114347
0.00011284052331809338,0.07042966789120218
0.00011295169624747082,0.0695465475432581
0.00011306286917684825,0.0717004107089915
0.00011317404210622568,0.0723230430827952
0.00011328521503560312,0.0727899560027059
0.00011339638796498055,0.07410724129966575
0.00011350756089435797,0.07354489411736868
0.0001136187338237354,0.07417956459608896
0.00011372990675311284,0.0744872808121611
0.00011384107968249027,0.07224593341807667
0.0001139522526118677,0.07248605456293036
0.00011406342554124514,0.07089510423395068
0.00011417459847062257,0.06917730153732393
0.0001142857714,0.07034128389700006
0.00011439694432937742,0.06986745218731871
0.00011450811725875487,0.06979652015476102
0.0001146192901881323,0.06801956661642597
0.00011473046311750972,0.06816601015524991
0.00011484163604688716,0.06778559541019812
0.00011495280897626459,0.06818578907678927
0.00011506398190564202,0.06755767595855629
0.00011517515483501945,0.06756436110842275
0.00011528632776439689,0.06667790677310265
0.00011539750069377432,0.06562519596144079
0.00011550867362315174,0.06440622867343718
0.00011561984655252919,0.0630210049090918
0.00011573101948190661,0.05952423184367911
0.00011584219241128404,0.05967420363630255
0.00011595336534066148,0.06017475683017008
0.00011606453827003891,0.059276873118407535
0.00011617571119941634,0.05821457465984472
0.00011628688412879377,0.05698786145448163
0.00011639805705817121,0.055094376405386496
0.00011650922998754864,0.05425530342397008
0.00011662040291692607,0.05264953371574174
0.0001167315758463035,0.05251771949081705
0.00011684274877568093,0.05074104886800836
0.00011695392170505836,0.048803228470404934
0.00011706509463443579,0.05093419195756507
0.00011717626756381323,0.051333025013120315
0.00011728744049319066,0.056514314908104823
0.00011739861342256809,0.05713411682734892
0.00011750978635194553,0.06040793151428442
0.00011762095928132296,0.0595162861268969
0.00011773213221070039,0.058534523122560904
0.00011784330514007781,0.057841281919909844
0.00011795447806945526,0.057071295184213736
0.00011806565099883268,0.056150651439245476
0.00011817682392821011,0.05541942006267889
0.00011828799685758755,0.05428263507220235
0.00011839916978696498,0.053023338537070926
0.00011851034271634241,0.051641530457284576
0.00011862151564571984,0.050137210832843344
0.00011873268857509728,0.04878388319351302
0.0001188438615044747,0.0470608388960856
0.00011895503443385213,0.042024425209877696
0.00011906620736322958,0.04038302896708485
0.000119177380292607,0.040137946756417596
0.00011928855322198443,0.038386015547943034
0.00011939972615136187,0.03650835173454186
0.0001195108990807393,0.03450495531621408
0.00011962207201011673,0.028966713310235103
0.00011973324493949416,0.027059720353760707
0.0001198444178688716,0.025019967142426228
0.00011995559079824903,0.022847453676231668
0.00012006676372762645,0.024183451224443094
0.0001201779366570039,0.02238096265333065
0.00012028910958638132,0.025011226496694718
0.00012040028251575875,0.0231625122070582
0.00012051145544513618,0.02450024734098745
0.00012062262837451362,0.025113989507875117
0.00012073380130389105,0.028071827181495035
0.00012084497423326848,0.026762998956230577
0.00012095614716264592,0.025642714798429195
0.00012106732009202335,0.027829692596046486
0.00012117849302140077,0.03202352630973008
0.0001212896659507782,0.031233928335026324
0.00012140083888015564,0.030364576511132717
0.00012151201180953307,0.02941547083804923
0.0001216231847389105,0.028386611315775877
0.00012173435766828794,0.024761142963317474
0.00012184553059766537,0.023829597679500634
0.0001219567035270428,0.022813110224537636
0.00012206787645642023,0.021711680598428484
0.00012217904938579765,0.018220383263188634
0.0001222902223151751,0.020109400953439046
0.00012240139524455254,0.019544013234611333
0.00012251256817392996,0.022662703875980555
0.0001226237411033074,0.022290668104579987
0.00012273491403268482,0.02029914021864797
0.00012284608696206225,0.021053606498282255
0.00012295725989143968,0.020711417659351448
0.00012306843282081713,0.020290679028634677
0.00012317960575019456,0.019791390606131935
0.000123290778679572,0.021078973649439826
0.00012340195160894942,0.02061798736145284
0.00012351312453832684,0.019234769749777496
0.00012362429746770427,0.018854967555889196
0.0001237354703970817,0.019153479692717627
0.00012384664332645915,0.01869235890174828
0.00012395781625583658,0.018155677179750196
0.000124068989185214,0.017543434526723366
0.00012418016211459144,0.017614960247651617
0.00012429133504396887,0.01736074035906823
0.0001244025079733463,0.017031949550227375
0.00012451368090272372,0.01570397093937697
0.00012462485383210118,0.016657687944361406
0.0001247360267614786,0.017490617957898184
0.00012484719969085603,0.017197125478061296
0.00012495837262023346,0.01675615749520248
0.0001250695455496109,0.018969073882028502
0.00012518071847898832,0.01872179573977193
0.00012529189140836575,0.01930351192846264
0.0001254030643377432,0.021191014418611178
0.00012551423726712063,0.01815081881884397
0.00012562541019649806,0.01744939654177189
0.00012573658312587548,0.017862640249984657
0.0001258477560552529,0.017721122483821183
0.00012595892898463034,0.016632984710793178
0.00012607010191400777,0.01739867537363879
0.00012618127484338522,0.018089201441643693
0.00012629244777276265,0.01693978947406984
0.00012640362070214008,0.017660065274917612
0.0001265147936315175,0.017432638357492588
0.00012662596656089494,0.016560786964538065
0.00012673713949027236,0.017286954290133504
0.0001268483124196498,0.01792938794445784
0.00012695948534902725,0.02132561444173979
0.00012707065827840467,0.022073419841428524
0.0001271818312077821,0.02504212039477116
0.00012729300413715953,0.025953169774990906
0.00012740417706653696,0.026789979217652728
0.00012751534999591439,0.027552548722756615
0.00012762652292529181,0.028795531889800934
0.00012773769585466927,0.029462953596663826
0.0001278488687840467,0.030057170940277045
0.00012796004171342413,0.030578183920640576
0.00012807121464280155,0.031025992537754447
0.00012818238757217898,0.031400596791618635
0.0001282935605015564,0.02885420147502503
0.00012840473343093384,0.029372988350064168
0.0001285159063603113,0.029812700329577384
0.00012862707928968872,0.030173337413564677
0.00012873825221906615,0.028238820113423345
0.00012884942514844358,0.028702431117376213
0.000128960598077821,0.029082364614556506
0.00012907177100719843,0.030267142993490943
0.0001291829439365759,0.029156148824478867
0.00012929411686595332,0.02977384644954241
0.00012940528979533074,0.025305532362483795
0.00012951646272470817,0.026263167151341457
0.0001296276356540856,0.0271253169718932
0.00012973880858346303,0.02722596251225066
0.00012984998151284045,0.027965103550464856
0.0001299611544422179,0.028607386667761515
0.00013007232737159534,0.029152811864140638
0.00013018350030097277,0.03312497626358373
0.0001302946732303502,0.033815493033895236
0.00013040584615972762,0.034415730668061396
0.00013051701908910505,0.03434706145250464
0.00013062819201848248,0.0348257844586227
0.00013073936494785993,0.035213035527701636
0.00013085053787723736,0.03927282396410608
0.0001309617108066148,0.03983905513068025
0.00013107288373599222,0.038892163321861545
0.00013118405666536964,0.03943528945384553
0.00013129522959474707,0.039891026176711274
0.0001314064025241245,0.04025937349045879
0.00013151757545350196,0.039361345782596036
0.00013162874838287938,0.03967521893244304
0.0001317399213122568,0.03976593781334602
0.00013185109424163424,0.0376608219823012
0.00013196226717101167,0.03583481214006327
0.0001320734401003891,0.03624338928233223
0.00013218461302976652,0.03655287031040721
0.00013229578595914398,0.034987499990212084
0.0001324069588885214,0.03527998830358032
0.00013251813181789883,0.03546971990651856
0.00013262930474727626,0.03555669479902682
0.0001327404776766537,0.035107549245662326
0.00013285165060603112,0.035033231506641525
0.00013296282353540855,0.03635151752029433
0.000133073996464786,0.0363211992684113
0.00013318516939416343,0.03515914989734931
0.00013329634232354086,0.03406514309063197
0.00013340751525291829,0.032640395542368854
0.00013351868818229571,0.0348090841341595
0.00013362986111167314,0.03546237167688203
0.00013374103404105057,0.03600877432457942
0.00013385220697042802,0.03399876556948607
0.00013396337989980545,0.03408812088152875
0.00013407455282918288,0.03494653690130113
0.0001341857257585603,0.03569167082190813
0.00013429689868793774,0.03632352264334973
0.00013440807161731516,0.03684209236562595
0.0001345192445466926,0.0366333648019397
0.00013463041747607005,0.037005728431817944
0.00013474159040544748,0.039006105626124166
0.0001348527633348249,0.03807880275266786
0.00013496393626420233,0.034623339466206535
0.00013507510919357976,0.03232940839288776
0.0001351862821229572,0.03254577274218007
0.00013529745505233462,0.02523108346358982
0.00013540862798171207,0.029049975901995578
0.0001355198009110895,0.030527594360829767
0.00013563097384046693,0.030197440209435523
0.00013574214676984435,0.029780051458305364
0.00013585331969922178,0.030800102051524256
0.0001359644926285992,0.0323182396244091
0.00013607566555797667,0.03368710730533165
0.0001361868384873541,0.03499025184396464
0.00013629801141673152,0.03566438322025744
0.00013640918434610895,0.036634878498921886
0.00013652035727548638,0.03850221817688018
0.0001366315302048638,0.03927347210046357
0.00013674270313424123,0.04327438981903506
0.0001368538760636187,0.045445403478980045
0.00013696504899299612,0.04630102394614131
0.00013707622192237354,0.049428439411069974
0.00013718739485175097,0.052166496583299214
0.0001372985677811284,0.049069800347718046
0.00013740974071050583,0.04772333755260401
0.00013752091363988326,0.04665017529879358
0.0001376320865692607,0.04540107163738887
0.00013774325949863814,0.047905928433725556
0.00013785443242801557,0.051436915032754695
0.000137965605357393,0.0509624027187415
0.00013807677828677042,0.05162868167582044
0.00013818795121614785,0.051121380875517076
0.00013829912414552528,0.04884396461383028
0.00013841029707490273,0.05167424858106083
0.00013852147000428016,0.05383325899541446
0.0001386326429336576,0.052024939875643744
0.00013874381586303502,0.051989119673772816
0.00013885498879241245,0.05424118007397727
0.00013896616172178987,0.0524591519786303
0.0001390773346511673,0.05473592562904226
0.00013918850758054476,0.051993644552433556
0.00013929968050992219,0.05437895527951445
0.0001394108534392996,0.05179390107870763
0.00013952202636867704,0.057406121014786586
0.00013963319929805447,0.05996462663034794
0.0001397443722274319,0.061184103421058664
0.00013985554515680933,0.06344639424995427
0.00013996671808618678,0.06814214822443251
0.0001400778910155642,0.07024194052698904
0.00014018906394494164,0.07192076631518696
0.00014030023687431906,0.07363612181002045
0.0001404114098036965,0.07814025105393421
0.00014052258273307392,0.0797358085912797
0.00014063375566245135,0.08665461591022844
0.0001407449285918288,0.08660963560015884
0.00014085610152120623,0.08833298721380817
0.00014096727445058366,0.09060015786161114
0.0001410784473799611,0.0904921147942586
0.00014118962030933851,0.09186794663056919
0.00014130079323871594,0.09139657413392106
0.00014141196616809337,0.08870373518954147
0.00014152313909747083,0.09005798968877238
0.00014163431202684825,0.08601243364488452
0.00014174548495622568,0.0858062017375935
0.0001418566578856031,0.08736412786591118
0.00014196783081498054,0.08581460043125488
0.00014207900374435797,0.08292032100039608
0.0001421901766737354,0.08247675988450062
0.00014230134960311285,0.08281301097400917
0.00014241252253249028,0.08325792642957178
0.0001425236954618677,0.08473128187674892
0.00014263486839124513,0.08534917376301282
0.00014274604132062256,0.08798616211516871
0.00014285721425,0.08504709641163168
0.00014296838717937742,0.08658882802129267
0.00014307956010875487,0.08532145239067702
0.0001431907330381323,0.08448297886427941
0.00014330190596750973,0.08526414459604155
0.00014341307889688716,0.08674069547269646
0.00014352425182626458,0.09046177278813056
0.000143635424755642,0.09003400905320125
0.00014374659768501947,0.09157495991495741
0.0001438577706143969,0.09134618215098175
0.00014396894354377432,0.09144070069253982
0.00014408011647315175,0.09104053423180163
0.00014419128940252918,0.08917784624270597
0.0001443024623319066,0.08928532203265374
0.00014441363526128403,0.09024778286305
0.0001445248081906615,0.09248643850154163
0.00014463598112003892,0.09395233855005784
0.00014474715404941635,0.09334175702176128
0.00014485832697879377,0.09503988754680948
0.0001449694999081712,0.09340701838939754
0.00014508067283754863,0.0918362781671974
0.00014519184576692606,0.08987257195042953
0.0001453030186963035,0.09119227420065004
0.00014541419162568094,0.08941351940152856
0.00014552536455505837,0.0891162773772521
0.0001456365374844358,0.09115024595356985
0.00014574771041381322,0.09291246739627165
0.00014585888334319065,0.09200809373582415
0.00014597005627256808,0.09156782893350549
0.00014608122920194554,0.09206823593118124
0.00014619240213132296,0.09690164338620039
0.0001463035750607004,0.1012076935501419
0.00014641474799007782,0.10234437575105641
0.00014652592091945525,0.11260535010925027
0.00014663709384883268,0.1129998982563785
0.0001467482667782101,0.11552035193386424
0.00014685943970758756,0.1168973413632747
0.00014697061263696499,0.12073336849987305
0.00014708178556634241,0.12337205824516857
0.00014719295849571984,0.12573318218607263
0.00014730413142509727,0.12543522705010024
0.0001474153043544747,0.12542220956136427
0.00014752647728385213,0.12248350470766288
0.00014763765021322958,0.12223633989300485
0.000147748823142607,0.11717006310183416
0.00014785999607198444,0.11787805075768364
0.00014797116900136187,0.11774928383564574
0.0001480823419307393,0.11680841270431834
0.00014819351486011672,0.11479557211353576
0.00014830468778949415,0.11340176669486943
0.0001484158607188716,0.11080107286604028
0.00014852703364824903,0.11402487202606251
0.00014863820657762646,0.11617161150939216
0.0001487493795070039,0.11650690102241382
0.00014886055243638132,0.1168199212696896
0.00014897172536575874,0.11854951108526005
0.00014908289829513617,0.12219573751771419
0.00014919407122451363,0.1260425714298863
0.00014930524415389106,0.12531400940675627
0.00014941641708326848,0.11524180300349435
0.0001495275900126459,0.08903806396964392
0.00014963876294202334,-0.042576020185258134
0.00014974993587140077,-0.3641423133703481
0.0001498611088007782,-0.7927318145949924
0.00014997228173015565,-1.1710701571475275
0.00015008345465953308,-1.4995967156687644
0.0001501946275889105,-1.7788005507314755
0.00015030580051828793,-2.0156837212347005
0.00015041697344766536,-2.200338483698994
0.0001505281463770428,-2.347404308028346
0.00015063931930642025,-2.4494897977127983
0.00015075049223579767,-2.514059845286806
0.0001508616651651751,-2.5355719831479018
0.00015097283809455253,-2.5219262268900553
0.00015108401102392996,-2.4715506108400636
0.00015119518395330738,-2.382571828961615
0.0001513063568826848,-2.2554661641124727
0.00015141752981206227,-2.098641500031571
0.0001515287027414397,-1.908871748290817
0.00015163987567081712,-1.6890830934019514
0.00015175104860019455,-1.435586040956657
0.00015186222152957198,-1.1499105511006025
0.0001519733944589494,-0.832750968532674
0.00015208456738832684,-0.49069853473987163
0.0001521957403177043,-0.12665124645149298
0.00015230691324708172,0.26450844203970464
0.00015241808617645915,0.6805250567017099
0.00015252925910583657,1.1297084774398691
0.000152640432035214,1.5952813178978518
0.00015275160496459143,2.0853412119541215
0.00015286277789396886,2.6033969316843666
0.00015297395082334631,3.138807748449933
0.00015308512375272374,3.691987507470525
0.00015319629668210117,4.266159300134306
0.0001533074696114786,4.858035734989384
0.00015341864254085603,5.467452401040498
0.00015352981547023345,6.095566150199816
0.00015364098839961088,6.734262322581768
0.00015375216132898834,7.38358094745863
0.00015386333425836576,8.050747729413198
0.0001539745071877432,8.725258127278977
0.00015408568011712062,9.413087274280073
0.00015419685304649805,10.115597231595057
0.00015430802597587548,10.822326611442858
0.0001544191989052529,11.540332482869536
0.00015453037183463036,12.258416394943135
0.0001546415447640078,12.984917840766302
0.00015475271769338522,13.720061166793878
0.00015486389062276264,14.455771944055195
0.00015497506355214007,15.189803188425744
0.0001550862364815175,15.934914386665552
0.00015519740941089493,16.68241374679343
0.00015530858234027238,17.427702677021607
0.0001554197552696498,18.176728471208484
0.00015553092819902724,18.919868618570177
0.00015564210112840467,19.653419178912593
0.0001557532740577821,20.39115404207317
0.00015586444698715952,21.131985921145215
0.00015597561991653695,21.86407703915639
0.0001560867928459144,22.584655207102582
0.00015619796577529183,23.301596984387874
0.00015630913870466926,24.010576869134795
0.0001564203116340467,24.713959459266217
0.00015653148456342412,25.402333092753558
0.00015664265749280155,26.080744302747497
0.00015675383042217897,26.750012927738684
0.00015686500335155643,27.402217134355492
0.00015697617628093386,28.042114954452163
0.00015708734921031128,28.66447144645892
0.0001571985221396887,29.274229388943244
0.00015730969506906614,29.861943482359532
0.00015742086799844357,30.433667123515164
0.000157532040927821,30.988530096245643
0.00015764321385719845,31.5226645261351
0.00015775438678657588,32.037614646342384
0.0001578655597159533,32.53183936850658
0.00015797673264533074,32.99707952100114
0.00015808790557470816,33.449348608761284
0.0001581990785040856,33.8695038675455
0.00015831025143346305,34.267124380975865
0.00015842142436284047,34.6325439584001
0.0001585325972922179,34.970167225236956
0.00015864377022159533,35.276627111029015
0.00015875494315097276,35.56370178326907
0.00015886611608035019,35.81086023150804
0.00015897728900972761,36.036360076297974
0.00015908846193910507,36.22011894010282
0.0001591996348684825,36.37765242837566
0.00015931080779785993,36.49727254425334
0.00015942198072723735,36.58432200074451
0.00015953315365661478,36.63722449263629
0.0001596443265859922,36.65326414030348
0.00015975549951536964,36.62761064166012
0.0001598666724447471,36.56127450298059
0.00015997784537412452,36.4590656124563
0.00016008901830350195,36.31569196030078
0.00016020019123287938,36.12657453430081
0.0001603113641622568,35.886907229668054
0.00016042253709163423,35.608556981877996
0.00016053371002101166,35.28841732570125
0.00016064488295038912,34.93853738791043
0.00016075605587976654,34.55760855499796
0.00016086722880914397,34.25349260143143
0.0001609784017385214,34.12908706234962
0.00016108957466789883,34.16088227481388
0.00016120074759727626,34.183547936436796
0.00016131192052665368,34.20137573213734
0.00016142309345603114,34.22197359392435
0.00016153426638540857,34.24634260817952
0.000161645439314786,34.26422697549907
0.00016175661224416342,34.291320651370505
0.00016186778517354085,34.31080750671423
0.00016197895810291828,34.328627447229444
0.0001620901310322957,34.34191810461523
0.00016220130396167316,34.36348283898637
0.0001623124768910506,34.37669579617732
0.00016242364982042802,34.38974574545024
0.00016253482274980544,34.3991477966335
0.00016264599567918287,34.41097119285365
0.0001627571686085603,34.4254490202181
0.00016286834153793773,34.43572957344315
0.00016297951446731518,34.44744376554088
0.0001630906873966926,34.45584297694466
0.00016320186032607004,34.462930778180436
0.00016331303325544747,34.46798943627354
0.0001634242061848249,34.48083259869979
0.00016353537911420232,34.49359869664105
0.00016364655204357975,34.50891401248461
0.0001637577249729572,34.51520315419486
0.00016386889790233463,34.534183050368725
0.00016398007083171206,34.54138056926979
0.0001640912437610895,34.55185725307659
0.00016420241669046692,34.559075284656146
0.00016431358961984435,34.565252772269154
0.00016442476254922177,34.567052247275164
0.00016453593547859923,34.574498162614304
0.00016464710840797666,34.57883607971358
0.00016475828133735409,34.57863219927129
0.00016486945426673151,34.5833842297956
0.00016498062719610894,34.587435195490634
0.00016509180012548637,34.587328626738575
0.0001652029730548638,34.59006261926327
0.00016531414598424125,34.59687148426388
0.00016542531891361868,34.58943833729061
0.0001655364918429961,34.59047674175793
0.00016564766477237354,34.59209526862394
0.00016575883770175096,34.59114350068079
0.0001658700106311284,34.59017633470763
0.00016598118356050585,34.58729644304471
0.00016609235648988328,34.59057500006673
0.0001662035294192607,34.59812343141389
0.00016631470234863813,34.5894006884981
0.00016642587527801556,34.587371938024724
0.000166537048207393,34.585425039940766
0.00016664822113677042,34.57983694027667
0.00016675939406614787,34.57477893221421
0.0001668705669955253,34.58185673198579
0.00016698173992490273,34.573652058819874
0.00016709291285428015,34.563977101741635
0.00016720408578365758,34.553545718708556
0.000167315258713035,34.541807062528804
0.00016742643164241244,34.532084362823774
0.0001675376045717899,34.5313438290828
0.00016764877750116732,34.52827128567124
0.00016775995043054475,34.52075861973404
0.00016787112335992218,34.51573615660554
0.0001679822962892996,34.50928342120656
0.00016809346921867703,34.497583085149216
0.00016820464214805446,34.49271416194148
0.00016831581507743192,34.488036450918905
0.00016842698800680934,34.4760080137434
0.00016853816093618677,34.46747631351194
0.0001686493338655642,34.45836116221275
0.00016876050679494163,34.447836736045964
0.00016887167972431906,34.43678911668602
0.00016898285265369648,34.428197378563326
0.00016909402558307394,34.41231089141731
0.00016920519851245137,34.40713274751338
0.0001693163714418288,34.391866507573006
0.00016942754437120622,34.380725162078676
0.00016953871730058365,34.364377450263994
0.00016964989022996108,34.35210153292681
0.0001697610631593385,34.341516642074154
0.00016987223608871596,34.335722768487265
0.0001699834090180934,34.32275445359145
0.00017009458194747082,34.316847322469336
0.00017020575487684825,34.305374506273054
0.00017031692780622567,34.297931975653846
0.0001704281007356031,34.28402977227556
0.00017053927366498053,34.27631165740036
0.00017065044659435799,34.258360669765565
0.0001707616195237354,34.24223183108636
0.00017087279245311284,34.230019033660824
0.00017098396538249027,34.21496033344977
0.0001710951383118677,34.20020652955211
0.00017120631124124513,34.18869469177913
0.00017131748417062255,34.172147264151334
0.0001714286571,34.1608668737802
0.00017153983002937744,34.14804347248188
0.00017165100295875486,34.13798618086765
0.0001717621758881323,34.1219448127305
0.00017187334881750972,34.10798572565515
0.00017198452174688715,34.10056290133548
0.00017209569467626458,34.08975934130225
0.00017220686760564203,34.08908625028315
0.00017231804053501946,34.076762059067526
0.0001724292134643969,34.0686703332327
0.00017254038639377432,34.06633622449996
0.00017265155932315174,34.062739546154894
0.00017276273225252917,34.058635449641194
0.00017287390518190663,34.052150408189895
0.00017298507811128405,34.03865047396801
0.00017309625104066148,34.03434805956069
0.0001732074239700389,34.0305738690468
0.00017331859689941634,34.03296027558899
0.00017342976982879377,34.02472457339505
0.0001735409427581712,34.022797062358705
0.00017365211568754865,34.014085209519244
0.00017376328861692608,34.00789835454324
0.0001738744615463035,34.003430381211075
0.00017398563447568093,34.001801983840366
0.00017409680740505836,34.00010816958737
0.0001742079803344358,34.00070565589712
0.00017431915326381322,33.99638108964871
0.00017443032619319067,33.99826774110522
0.0001745414991225681,33.99334232059764
0.00017465267205194553,33.99451413135755
0.00017476384498132296,33.98621012767047
0.00017487501791070038,33.9816152744729
0.0001749861908400778,33.97825817309191
0.00017509736376945524,33.97170225811932
0.0001752085366988327,33.966612154102684
0.00017531970962821012,33.96349397472819
0.00017543088255758755,33.9600415662212
0.00017554205548696498,33.96008641874577
0.0001756532284163424,33.96077785522229
0.00017576440134571983,33.962999392349886
0.00017587557427509726,33.96445232574683
0.00017598674720447472,33.972891683409
0.00017609792013385215,33.974220694817106
0.00017620909306322957,33.97222468689016
0.000176320265992607,33.97837454606777
0.00017643143892198443,33.97883145520679
0.00017654261185136186,33.97735877303376
0.00017665378478073929,33.9803223604415
0.00017676495771011674,33.98484673568054
0.00017687613063949417,33.98622303941275
0.0001769873035688716,33.99394054231046
0.00017709847649824902,33.99286273073037
0.00017720964942762645,33.99340148027364
0.00017732082235700388,33.993226622845306
0.0001774319952863813,33.99677272920094
0.00017754316821575876,34.00702968900703
0.0001776543411451362,34.014175605541375
0.00017776551407451362,34.016685072759586
0.00017787668700389105,34.02663309609182
0.00017798785993326848,34.03335244809254
0.0001780990328626459,34.032641863494604
0.00017821020579202333,34.041751636641685
0.0001783213787214008,34.0522861926267
0.00017843255165077821,34.0555347979439
0.00017854372458015564,34.06588033918833
0.00017865489750953307,34.079054119330216
0.0001787660704389105,34.087315365139496
0.00017887724336828793,34.089752401722606
0.00017898841629766535,34.102619204904315
0.0001790995892270428,34.10880931080815
0.00017921076215642024,34.11198911719676
0.00017932193508579767,34.121767599580814
0.0001794331080151751,34.12100957457034
0.00017954428094455252,34.12733992092577
0.00017965545387392995,34.132581977966744
0.00017976662680330738,34.14520457936337
0.00017987779973268483,34.150454938271
0.00017998897266206226,34.16148671822984
0.0001801001455914397,34.170149435870364
0.00018021131852081712,34.17842725002483
0.00018032249145019454,34.19094861615557
0.00018043366437957197,34.19698419997884
0.00018054483730894943,34.197864604948286
0.00018065601023832686,34.20644102868079
0.00018076718316770428,34.21019684232526
0.0001808783560970817,34.21189942912973
0.00018098952902645914,34.214669405688234
0.00018110070195583657,34.21570011873533
0.000181211874885214,34.21782473964776
0.00018132304781459145,34.22232105596337
0.00018143422074396888,34.22396214359721
0.0001815453936733463,34.22682124875864
0.00018165656660272373,34.229796772741125
0.00018176773953210116,34.23313345986867
0.0001818789124614786,34.23882037569132
0.00018199008539085602,34.24602366150286
0.00018210125832023347,34.246105699329696
0.0001822124312496109,34.25337836523104
0.00018232360417898833,34.26134555122488
0.00018243477710836576,34.26893448587704
0.00018254595003774319,34.28171444641186
0.0001826571229671206,34.28568359227896
0.00018276829589649804,34.298576630386634
0.0001828794688258755,34.3097698507862
0.00018299064175525292,34.32302292558085
0.00018310181468463035,34.33353165735031
0.00018321298761400778,34.34283078267013
0.0001833241605433852,34.35055106095989
0.00018343533347276264,34.35554306762938
0.00018354650640214006,34.36225734340096
0.00018365767933151752,34.37435546214899
0.00018376885226089495,34.38909918973424
0.00018388002519027238,34.39630316948813
0.0001839911981196498,34.39439398369628
0.00018410237104902723,34.402869150279344
0.00018421354397840466,34.40729573657078
0.0001843247169077821,34.411200594365006
0.00018443588983715954,34.41094079708548
0.00018454706276653697,34.40824287678624
0.0001846582356959144,34.40654182563855
0.00018476940862529183,34.41438736730756
0.00018488058155466925,34.41458785754092
0.00018499175448404668,34.41832718823484
0.0001851029274134241,34.416256948169206
0.00018521410034280156,34.4117125949224
0.000185325273272179,34.41171385094134
0.00018543644620155642,34.40527165761256
0.00018554761913093385,34.40154685102959
0.00018565879206031128,34.395988957685944
0.0001857699649896887,34.396930519002616
0.00018588113791906613,34.392133207264244
0.0001859923108484436,34.39415678058918
0.00018610348377782102,34.38945156390676
0.00018621465670719844,34.39167018180848
0.00018632582963657587,34.387280076909626
0.0001864370025659533,34.392053544800014
0.00018654817549533073,34.388026159138455
0.00018665934842470816,34.38847086751877
0.0001867705213540856,34.387308262801064
0.00018688169428346304,34.38933650549639
0.00018699286721284047,34.3813279640049
0.0001871040401422179,34.382540466791944
0.00018721521307159532,34.37157070163146
0.00018732638600097275,34.36490734068559
0.0001874375589303502,34.36049205913253
0.00018754873185972763,34.35576181343628
0.00018765990478910506,34.35021927588558
0.0001877710777184825,34.348225751008236
0.00018788225064785992,34.34137911047496
0.00018799342357723735,34.33345604136335
0.00018810459650661477,34.328008845976235
0.00018821576943599223,34.32480703063773
0.00018832694236536966,34.3318257189779
0.00018843811529474708,34.33282438631861
0.0001885492882241245,34.33352914894914
0.00018866046115350194,34.32598271372468
0.00018877163408287937,34.321565912776116
0.0001888828070122568,34.31672617701827
0.00018899397994163425,34.31151804043875
0.00018910515287101168,34.30422782864178
0.0001892163258003891,34.3013939806849
0.00018932749872976654,34.29413379591007
0.00018943867165914396,34.28822495544467
0.0001895498445885214,34.28132395150189
0.00018966101751789882,34.28448265989947
0.00018977219044727627,34.27891030295936
0.0001898833633766537,34.280517470578204
0.00018999453630603113,34.273583154504124
0.00019010570923540856,34.27170336525909
0.00019021688216478599,34.257043939804845
0.00019032805509416341,34.25266064075897
0.00019043922802354084,34.24391510197856
0.0001905504009529183,34.23760404538369
0.00019066157388229573,34.23020658539939
0.00019077274681167315,34.22179958241841
0.00019088391974105058,34.21490307373742
0.000190995092670428,34.20751125381289
0.00019110626559980544,34.1965449057338
0.00019121743852918287,34.184636881900246
0.00019132861145856032,34.17517501384518
0.00019143978438793775,34.161069108568775
0.00019155095731731518,34.14719463902494
0.0001916621302466926,34.137467578806614
0.00019177330317607003,34.13355908059205
0.00019188447610544746,34.120413744045386
0.0001919956490348249,34.111378925447625
0.00019210682196420234,34.10943598620679
0.00019221799489357977,34.1028243664379
0.0001923291678229572,34.09626164383299
0.00019244034075233463,34.088445738225445
0.00019255151368171206,34.08140878823496
0.00019266268661108948,34.081536503739365
0.0001927738595404669,34.07785742930624
0.00019288503246984437,34.07635939545226
0.0001929962053992218,34.069709531266504
0.00019310737832859922,34.07528098108999
0.00019321855125797665,34.075265330656194
0.00019332972418735408,34.07865107584199
0.0001934408971167315,34.072260482509805
0.00019355207004610893,34.07187834869123
0.0001936632429754864,34.07132615587159
0.00019377441590486382,34.072413490815244
0.00019388558883424125,34.07179554020015
0.00019399676176361867,34.06697504904129
0.0001941079346929961,34.061025209237144
0.00019421910762237353,34.05924980150888
0.00019433028055175096,34.057099405478034
0.0001944414534811284,34.05649745758415
0.00019455262641050584,34.05278033521435
0.00019466379933988327,34.049164254563195
0.0001947749722692607,34.04565734703569
0.00019488614519863812,34.042267744031975
0.00019499731812801555,34.03900357695218
0.000195108491057393,34.03587297719646
0.00019521966398677043,34.03288407616493
0.00019533083691614786,34.03004500525775
0.0001954420098455253,34.02736389587504
0.00019555318277490272,34.02484887941694
0.00019566435570428015,34.022508087283605
0.00019577552863365757,34.02034965087515
0.00019588670156303503,34.01838170159172
0.00019599787449241246,34.01661237083346
0.00019610904742178989,34.015049790000496
0.00019622022035116731,34.01370209049298
0.00019633139328054474,34.012577403711035
0.00019644256620992217,34.011683861054806
0.0001965537391392996,34.01102959392443
0.00019666491206867705,34.010622733720034
0.00019677608499805448,34.01047141184178
0.0001968872579274319,34.01058375968978
0.00019699843085680934,34.010967908664185
0.00019710960378618676,34.011631990165135
0.0001972207767155642,34.01258413559275
0.00019733194964494162,34.0138324763472
0.00019744312257431908,34.01538514382859
0.0001975542955036965,34.01725026943706
0.00019766546843307393,34.01943598457277
0.00019777664136245136,34.021950420635854
0.0001978878142918288,34.02480170902643
0.00019799898722120622,34.027997981144644
0.00019811016015058364,34.03154736839064
0.0001982213330799611,34.03545800216455
0.00019833250600933853,34.03973801386652
0.00019844367893871595,34.04439553489667
0.00019855485186809338,34.04943869665516
0.0001986660247974708,34.05487563054211
0.00019877719772684824,34.06071446795766
0.00019888837065622567,34.06696334030195
0.00019899954358560312,34.073630378975125
0.00019911071651498055,34.08072371537731
0.00019922188944435798,34.08825148090865
0.0001993330623737354,34.09622180696928
0.00019944423530311283,34.10464282495935
0.00019955540823249026,34.113522666278975
0.0001996665811618677,34.1228694623283
0.00019977775409124514,34.13269134450748
0.00019988892702062257,34.14299644421663
0.00020000009995,34.1537928928559
