Time,Amplitude
0.0,36.28831830314772
1.111729293774319e-07,36.28219675045402
2.223458587548638e-07,36.276399325666276
3.3351878813229573e-07,36.27091950996399
4.446917175097276e-07,36.26575078452663
5.558646468871596e-07,36.26088663053368
6.670375762645915e-07,36.25632052916463
7.782105056420233e-07,36.252045961598974
8.893834350194552e-07,36.24805640901617
1.0005563643968871e-06,36.24434535259572
1.1117292937743191e-06,36.240906273517105
1.222902223151751e-06,36.23773265295981
1.334075152529183e-06,36.23481797210331
1.4452480819066147e-06,36.23215571212709
1.5564210112840467e-06,36.22973935421064
1.6675939406614785e-06,36.227562379533445
1.7787668700389105e-06,36.22561826927498
1.8899397994163425e-06,36.22390050461474
2.0011127287937743e-06,36.2224025667322
2.112285658171206e-06,36.22111793680684
2.2234585875486383e-06,36.22004009601816
2.33463151692607e-06,36.21916252554563
2.445804446303502e-06,36.21847870656873
2.5569773756809336e-06,36.21798212026695
2.668150305058366e-06,36.217666247819785
2.7793232344357976e-06,36.2175245704067
2.8904961638132294e-06,36.21755056920719
3.0016690931906616e-06,36.21773772540073
3.1128420225680934e-06,36.21807952016682
3.224014951945525e-06,36.21856943468492
3.335187881322957e-06,36.219200950134535
3.446360810700389e-06,36.219967547695134
3.557533740077821e-06,36.22086270854621
3.6687066694552528e-06,36.22187991386724
3.779879598832685e-06,36.22301264483771
3.891052528210116e-06,36.224254382637106
4.0022254575875485e-06,36.22559860844491
4.113398386964981e-06,36.22703880344061
4.224571316342412e-06,36.22856844880368
4.335744245719844e-06,36.23018102571361
4.4469171750972765e-06,36.231870015349884
4.558090104474708e-06,36.23362889889198
4.66926303385214e-06,36.23545115751939
4.780435963229572e-06,36.2373302724116
4.891608892607004e-06,36.239259724748074
5.002781821984436e-06,36.241232995708316
5.113954751361867e-06,36.243243566471804
5.2251276807392995e-06,36.24528491821802
5.336300610116732e-06,36.24735053212644
5.447473539494163e-06,36.24943388937656
5.558646468871595e-06,36.25152847114269
5.6698193982490274e-06,36.251774091502206
5.780992327626459e-06,36.25243055108703
5.892165257003891e-06,36.25868325960953
6.003338186381323e-06,36.25425847216296
6.114511115758755e-06,36.258010745761716
6.225684045136187e-06,36.262714315389076
6.336856974513619e-06,36.26696512823283
6.44802990389105e-06,36.26883280188487
6.559202833268483e-06,36.26850472211683
6.670375762645914e-06,36.27051944558036
6.781548692023346e-06,36.27561802144441
6.892721621400778e-06,36.275630356607984
7.00389455077821e-06,36.27561365558749
7.115067480155642e-06,36.273259236079284
7.226240409533074e-06,36.27572849710921
7.3374133389105055e-06,36.28000471419028
7.448586268287938e-06,36.27689007291448
7.55975919766537e-06,36.271210857878934
7.670932127042801e-06,36.269343109801866
7.782105056420233e-06,36.26732913488923
7.893277985797666e-06,36.26083245212303
8.004450915175097e-06,36.26394911442774
8.115623844552528e-06,36.26155956892843
8.226796773929961e-06,36.26439025098546
8.337969703307393e-06,36.27311528135645
8.449142632684824e-06,36.27304437315704
8.560315562062257e-06,36.270855256087444
8.671488491439689e-06,36.27158406712545
8.78266142081712e-06,36.27723595672869
8.893834350194553e-06,36.28314957360926
9.005007279571984e-06,36.28142217064347
9.116180208949416e-06,36.28362969915813
9.227353138326849e-06,36.28398724223341
9.33852606770428e-06,36.28886925018485
9.449698997081712e-06,36.29171116879157
9.560871926459145e-06,36.29460364780981
9.672044855836576e-06,36.29086124804095
9.783217785214007e-06,36.300159921952606
9.89439071459144e-06,36.30148174129588
1.0005563643968872e-05,36.303186055400076
1.0116736573346303e-05,36.304926678882104
1.0227909502723734e-05,36.30443748525624
1.0339082432101168e-05,36.307199862827794
1.0450255361478599e-05,36.31138605008121
1.056142829085603e-05,36.30733020683016
1.0672601220233463e-05,36.30912402432403
1.0783774149610895e-05,36.307687151180325
1.0894947078988326e-05,36.3028992700888
1.1006120008365759e-05,36.304627224466955
1.111729293774319e-05,36.29673158014476
1.1228465867120622e-05,36.29470218392575
1.1339638796498055e-05,36.289474026755975
1.1450811725875486e-05,36.29248139777141
1.1561984655252918e-05,36.28893981245916
1.167315758463035e-05,36.29155726185417
1.1784330514007782e-05,36.29363461989382
1.1895503443385213e-05,36.29310304321631
1.2006676372762646e-05,36.29342606554896
1.2117849302140078e-05,36.30001375779882
1.222902223151751e-05,36.301144062798805
1.2340195160894942e-05,36.30654092334503
1.2451368090272374e-05,36.30869185673554
1.2562541019649805e-05,36.30663616189194
1.2673713949027238e-05,36.30553840570124
1.278488687840467e-05,36.30820047223544
1.28960598077821e-05,36.305340624839374
1.3007232737159532e-05,36.31418731227554
1.3118405666536965e-05,36.318815316977854
1.3229578595914397e-05,36.31707814100318
1.3340751525291828e-05,36.317700693914595
1.3451924454669261e-05,36.315830154439396
1.3563097384046692e-05,36.30539850739757
1.3674270313424124e-05,36.30955796268445
1.3785443242801557e-05,36.31031259523117
1.3896616172178988e-05,36.312943094554754
1.400778910155642e-05,36.30974140864768
1.4118962030933853e-05,36.31034276979982
1.4230134960311284e-05,36.308925351628936
1.4341307889688715e-05,36.308793616304406
1.4452480819066148e-05,36.30824220939359
1.456365374844358e-05,36.30678924919887
1.4674826677821011e-05,36.302470172994845
1.4785999607198444e-05,36.29688782624864
1.4897172536575875e-05,36.299529852653386
1.5008345465953307e-05,36.30046444362431
1.511951839533074e-05,36.29555782279776
1.5230691324708171e-05,36.29635847240201
1.5341864254085603e-05,36.29511352961375
1.5453037183463034e-05,36.287663368833016
1.5564210112840465e-05,36.288760320650844
1.56753830422179e-05,36.286863625644486
1.578655597159533e-05,36.28333795919704
1.5897728900972763e-05,36.27923581096504
1.6008901830350194e-05,36.27977583505936
1.6120074759727626e-05,36.281473812757596
1.6231247689105057e-05,36.28182633541429
1.634242061848249e-05,36.28358659608311
1.6453593547859923e-05,36.283808745820224
1.6564766477237354e-05,36.28122507843604
1.6675939406614786e-05,36.2842924449632
1.6787112335992217e-05,36.27827908954998
1.689828526536965e-05,36.28172516909716
1.7009458194747083e-05,36.27827774676466
1.7120631124124515e-05,36.2781090907815
1.7231804053501946e-05,36.279709407754076
1.7342976982879377e-05,36.27891430180634
1.745414991225681e-05,36.27417881296068
1.756532284163424e-05,36.26964488982114
1.767649577101167e-05,36.26378622874232
1.7787668700389106e-05,36.26445774698783
1.7898841629766537e-05,36.26356218952001
1.801001455914397e-05,36.25453598645968
1.81211874885214e-05,36.25823899690735
1.823236041789883e-05,36.25787984032101
1.8343533347276263e-05,36.258872062734966
1.8454706276653698e-05,36.257561029036175
1.856587920603113e-05,36.25407821703451
1.867705213540856e-05,36.25633599744976
1.8788225064785992e-05,36.2547106677732
1.8899397994163423e-05,36.25101201783726
1.9010570923540854e-05,36.25866556895929
1.912174385291829e-05,36.26028608069775
1.923291678229572e-05,36.255409940781526
1.9344089711673152e-05,36.25952654473974
1.9455262641050583e-05,36.264090313799365
1.9566435570428015e-05,36.254841602632666
1.9677608499805446e-05,36.254914835085806
1.978878142918288e-05,36.258563797467154
1.9899954358560312e-05,36.25914240240008
2.0011127287937744e-05,36.25372344840687
2.0122300217315175e-05,36.251943085420166
2.0233473146692606e-05,36.25938834957414
2.0344646076070038e-05,36.260624039876866
2.045581900544747e-05,36.26367280955059
2.0566991934824904e-05,36.26134401947557
2.0678164864202335e-05,36.25579635924354
2.0789337793579766e-05,36.252527965891176
2.0900510722957198e-05,36.25274942158782
2.101168365233463e-05,36.24587489371619
2.112285658171206e-05,36.2380600862193
2.1234029511089495e-05,36.23836901391757
2.1345202440466927e-05,36.239568597931935
2.1456375369844358e-05,36.236021876474965
2.156754829922179e-05,36.23463510804551
2.167872122859922e-05,36.23205360172811
2.1789894157976652e-05,36.23840694111092
2.1901067087354087e-05,36.240069936077695
2.2012240016731518e-05,36.24017900361348
2.212341294610895e-05,36.2443454826372
2.223458587548638e-05,36.24227137495338
2.2345758804863812e-05,36.24597807909113
2.2456931734241244e-05,36.25669524269914
2.256810466361868e-05,36.257894720494136
2.267927759299611e-05,36.26597398130421
2.279045052237354e-05,36.26652261851047
2.2901623451750973e-05,36.270600491059454
2.3012796381128404e-05,36.276771010252965
2.3123969310505835e-05,36.2808426693513
2.3235142239883267e-05,36.27662844787041
2.33463151692607e-05,36.27798210209265
2.3457488098638133e-05,36.27137903061847
2.3568661028015564e-05,36.26658723396644
2.3679833957392995e-05,36.26477227238275
2.3791006886770427e-05,36.26775344071996
2.3902179816147858e-05,36.266675736726825
2.4013352745525293e-05,36.26644125022665
2.4124525674902724e-05,36.265268729476865
2.4235698604280156e-05,36.26092131459367
2.4346871533657587e-05,36.25828166108596
2.445804446303502e-05,36.25821468259776
2.456921739241245e-05,36.25598403563807
2.4680390321789884e-05,36.25726187144034
2.4791563251167316e-05,36.26343475022893
2.4902736180544747e-05,36.256801043829554
2.501390910992218e-05,36.25701229113378
2.512508203929961e-05,36.25761750009132
2.523625496867704e-05,36.260505115921205
2.5347427898054476e-05,36.258959385074704
2.5458600827431907e-05,36.25885187245923
2.556977375680934e-05,36.25595534641925
2.568094668618677e-05,36.25836197570298
2.57921196155642e-05,36.2566273402899
2.5903292544941633e-05,36.26329470828047
2.6014465474319064e-05,36.26677836390611
2.61256384036965e-05,36.26751907988902
2.623681133307393e-05,36.26785593314302
2.634798426245136e-05,36.28077658511984
2.6459157191828793e-05,36.278843063907786
2.6570330121206224e-05,36.27711385836676
2.6681503050583656e-05,36.27249728712263
2.679267597996109e-05,36.27591596236128
2.6903848909338522e-05,36.27773114771889
2.7015021838715953e-05,36.28054515224852
2.7126194768093385e-05,36.282418607021675
2.7237367697470816e-05,36.285269531144145
2.7348540626848247e-05,36.28392921155082
2.7459713556225682e-05,36.28766993086318
2.7570886485603113e-05,36.286658837186096
2.7682059414980545e-05,36.285614693173635
2.7793232344357976e-05,36.28305002759702
2.7904405273735408e-05,36.27920055115389
2.801557820311284e-05,36.27610857270024
2.8126751132490274e-05,36.27488600220171
2.8237924061867705e-05,36.2743164460963
2.8349096991245136e-05,36.27156122917019
2.8460269920622568e-05,36.27450898605481
2.857144285e-05,36.27153145257477
2.868261577937743e-05,36.2802091346515
2.8793788708754862e-05,36.281000053472354
2.8904961638132297e-05,36.284796326385504
2.9016134567509728e-05,36.28364334773317
2.912730749688716e-05,36.28569748750199
2.923848042626459e-05,36.29113212775844
2.9349653355642022e-05,36.294313739087166
2.9460826285019453e-05,36.294060126598396
2.9571999214396888e-05,36.294637797218584
2.968317214377432e-05,36.291836507915974
2.979434507315175e-05,36.29411827793137
2.9905518002529182e-05,36.28843887368375
3.0016690931906614e-05,36.2949658808962
3.0127863861284045e-05,36.29700284343896
3.023903679066148e-05,36.293654703722154
3.035020972003891e-05,36.290377031881214
3.0461382649416342e-05,36.29226168665738
3.057255557879378e-05,36.28479543012297
3.0683728508171205e-05,36.27703772510488
3.079490143754864e-05,36.273004287279846
3.090607436692607e-05,36.274425135203956
3.10172472963035e-05,36.269422993165314
3.112842022568093e-05,36.266816868700374
3.1239593155058365e-05,36.27192060258699
3.13507660844358e-05,36.27380322625186
3.146193901381323e-05,36.26797156045934
3.157311194319066e-05,36.26049749147597
3.168428487256809e-05,36.26098685292761
3.1795457801945526e-05,36.26636778920911
3.1906630731322954e-05,36.27330927660813
3.201780366070039e-05,36.276948679908
3.212897659007782e-05,36.28058740168592
3.224014951945525e-05,36.27899509673346
3.2351322448832686e-05,36.28745215868683
3.2462495378210114e-05,36.28453774654874
3.257366830758755e-05,36.28808726701689
3.268484123696498e-05,36.289371768050415
3.279601416634241e-05,36.289606758832385
3.2907187095719846e-05,36.28805871503479
3.3018360025097274e-05,36.29044119042528
3.312953295447471e-05,36.289345714099404
3.324070588385214e-05,36.29237196707924
3.335187881322957e-05,36.28813577072341
3.3463051742607006e-05,36.286377992387436
3.3574224671984434e-05,36.27921806049985
3.368539760136187e-05,36.275006287004814
3.37965705307393e-05,36.27578083996437
3.390774346011673e-05,36.2680847586159
3.4018916389494166e-05,36.26634567360314
3.4130089318871594e-05,36.263613592237625
3.424126224824903e-05,36.255125529973455
3.435243517762646e-05,36.24945047896509
3.446360810700389e-05,36.24890596704604
3.457478103638132e-05,36.239502135166354
3.4685953965758755e-05,36.2360206503895
3.479712689513619e-05,36.23353391466992
3.490829982451362e-05,36.231482027291946
3.501947275389105e-05,36.22539890682216
3.513064568326848e-05,36.22947502746944
3.5241818612645915e-05,36.22354676669678
3.535299154202334e-05,36.22089651780355
3.546416447140078e-05,36.218162241567015
3.557533740077821e-05,36.21204746032629
3.568651033015564e-05,36.211064836207505
3.5797683259533075e-05,36.21442359067734
3.59088561889105e-05,36.207471601146814
3.602002911828794e-05,36.20786705997353
3.613120204766537e-05,36.20319214509942
3.62423749770428e-05,36.21076760129513
3.6353547906420235e-05,36.207991806374665
3.646472083579766e-05,36.203361849077204
3.65758937651751e-05,36.19959013604034
3.6687066694552526e-05,36.19680692149798
3.679823962392996e-05,36.19285135586486
3.6909412553307395e-05,36.187820107400206
3.702058548268482e-05,36.18499227671433
3.713175841206226e-05,36.184919585688434
3.7242931341439686e-05,36.18633327574798
3.735410427081712e-05,36.18749873463518
3.746527720019455e-05,36.179383997733545
3.7576450129571984e-05,36.163323834625174
3.768762305894942e-05,36.16920425028674
3.7798795988326846e-05,36.17217724382606
3.790996891770428e-05,36.1786215289447
3.802114184708171e-05,36.176911630378925
3.8132314776459144e-05,36.17242572393997
3.824348770583658e-05,36.17645473905142
3.8354660635214006e-05,36.17732520242528
3.846583356459144e-05,36.17995130970998
3.857700649396887e-05,36.1785415322474
3.8688179423346304e-05,36.1714356326165
3.879935235272373e-05,36.17198192384929
3.891052528210117e-05,36.17092098979916
3.90216982114786e-05,36.17473459045734
3.913287114085603e-05,36.171504427708285
3.9244044070233464e-05,36.17695224652225
3.935521699961089e-05,36.17364989774253
3.946638992898833e-05,36.1762475710644
3.957756285836576e-05,36.17588965466722
3.968873578774319e-05,36.172361477177986
3.9799908717120624e-05,36.169846712282656
3.991108164649805e-05,36.16486932939609
4.002225457587549e-05,36.163729037103515
4.0133427505252915e-05,36.16680086802528
4.024460043463035e-05,36.17038344382001
4.0355773364007785e-05,36.16668607921288
4.046694629338521e-05,36.16435005061297
4.057811922276265e-05,36.16247197157298
4.0689292152140075e-05,36.15901542770893
4.080046508151751e-05,36.159282614466875
4.091163801089494e-05,36.15866177039016
4.102281094027237e-05,36.15758331729181
4.113398386964981e-05,36.15921000221727
4.1245156799027235e-05,36.1575880422784
4.135632972840467e-05,36.15609017924513
4.14675026577821e-05,36.15449958840452
4.157867558715953e-05,36.1602682371185
4.168984851653697e-05,36.162489606427656
4.1801021445914396e-05,36.16756420298676
4.191219437529183e-05,36.17108205248764
4.202336730466926e-05,36.17200350335099
4.213454023404669e-05,36.17039499013249
4.224571316342412e-05,36.17356726758326
4.2356886092801556e-05,36.173001188593155
4.246805902217899e-05,36.17852850374806
4.257923195155642e-05,36.18385154085735
4.269040488093385e-05,36.18027780855298
4.280157781031128e-05,36.18677498039107
4.2912750739688716e-05,36.18404939898159
4.3023923669066144e-05,36.17830496568083
4.313509659844358e-05,36.17440130936886
4.3246269527821014e-05,36.1698028487209
4.335744245719844e-05,36.16892915388767
4.3468615386575876e-05,36.166683925536276
4.3579788315953304e-05,36.16158289909654
4.369096124533074e-05,36.158821585156446
4.3802134174708174e-05,36.15928127782276
4.39133071040856e-05,36.15601830769245
4.4024480033463036e-05,36.1550093796052
4.4135652962840464e-05,36.15539540491207
4.42468258922179e-05,36.151679838174005
4.435799882159533e-05,36.145475334893064
4.446917175097276e-05,36.144786347801364
4.45803446803502e-05,36.14104188706472
4.4691517609727625e-05,36.14360961761486
4.480269053910506e-05,36.14731222846215
4.491386346848249e-05,36.14511124909526
4.502503639785992e-05,36.14455464902436
4.513620932723736e-05,36.141171067952016
4.5247382256614785e-05,36.14283688809964
4.535855518599222e-05,36.14411531383329
4.546972811536965e-05,36.14667481002213
4.558090104474708e-05,36.14810607858532
4.569207397412451e-05,36.147395282836584
4.5803246903501945e-05,36.14600055833776
4.591441983287938e-05,36.14808211984375
4.602559276225681e-05,36.146182427620154
4.613676569163424e-05,36.145255610478785
4.624793862101167e-05,36.14528188132422
4.6359111550389105e-05,36.1395555124769
4.647028447976653e-05,36.140393878447505
4.658145740914397e-05,36.139611470683114
4.66926303385214e-05,36.13814109461367
4.680380326789883e-05,36.14387357164865
4.6914976197276265e-05,36.14439982956127
4.7026149126653693e-05,36.1432070085231
4.713732205603113e-05,36.14416561329846
4.724849498540856e-05,36.14213821586865
4.735966791478599e-05,36.13907755703607
4.7470840844163426e-05,36.12906131395123
4.7582013773540854e-05,36.12190293961488
4.769318670291829e-05,36.1187345223584
4.7804359632295716e-05,36.11897118010759
4.791553256167315e-05,36.1189242922698
4.8026705491050586e-05,36.118701259406905
4.8137878420428014e-05,36.117573002259434
4.824905134980545e-05,36.11748924279092
4.8360224279182877e-05,36.11611490991925
4.847139720856031e-05,36.11822949839067
4.858257013793774e-05,36.11830313526869
4.8693743067315174e-05,36.12326225224547
4.880491599669261e-05,36.12502545410411
4.891608892607004e-05,36.1256651993741
4.902726185544747e-05,36.12624800042816
4.91384347848249e-05,36.13044357188609
4.9249607714202334e-05,36.13047957756576
4.936078064357977e-05,36.133681236739235
4.94719535729572e-05,36.12845886924002
4.958312650233463e-05,36.13313358567418
4.969429943171206e-05,36.61794849356366
4.9805472361089494e-05,37.07473481417176
4.991664529046692e-05,37.48150863756534
5.002781821984436e-05,37.828315143729455
5.013899114922179e-05,38.12783970415496
5.025016407859922e-05,38.37401303781033
5.0361337007976655e-05,38.578314874954415
5.047250993735408e-05,38.732272983483504
5.058368286673152e-05,38.84143852277465
5.069485579610895e-05,38.90465377258986
5.080602872548638e-05,38.93878249177758
5.0917201654863815e-05,38.92578472124426
5.102837458424124e-05,38.87759667562496
5.113954751361868e-05,38.785963717703716
5.1250720442996105e-05,38.661906602174334
5.136189337237354e-05,38.49700282792764
5.1473066301750975e-05,38.300119660143686
5.15842392311284e-05,38.073953089657024
5.169541216050584e-05,37.815363722522704
5.1806585089883266e-05,37.52247165502909
5.19177580192607e-05,37.205438802818676
5.202893094863813e-05,36.85852789597181
5.214010387801556e-05,36.48223891497042
5.2251276807393e-05,36.078375309880144
5.2362449736770426e-05,35.64822598945604
5.247362266614786e-05,35.18641043742399
5.258479559552529e-05,34.70661296612864
5.269596852490272e-05,34.1937178134984
5.280714145428016e-05,33.6577349431738
5.2918314383657586e-05,33.09787150636247
5.302948731303502e-05,32.52091568289283
5.314066024241245e-05,31.921520124223257
5.3251833171789884e-05,31.31519409066123
5.336300610116731e-05,30.686837312727615
5.3474179030544746e-05,30.035705490622306
5.358535195992218e-05,29.373266626433672
5.369652488929961e-05,28.68781617892308
5.3807697818677044e-05,27.993643961710468
5.391887074805447e-05,27.291296494381292
5.4030043677431907e-05,26.57663743710183
5.4141216606809334e-05,25.855057111304934
5.425238953618677e-05,25.121356912799566
5.4363562465564204e-05,24.38005201558504
5.447473539494163e-05,23.628985466829842
5.458590832431907e-05,22.87491964109315
5.4697081253696495e-05,22.121396736889743
5.480825418307393e-05,21.358438115549177
5.4919427112451364e-05,20.599927707362262
5.503060004182879e-05,19.826567666867888
5.514177297120623e-05,19.057261568567107
5.5252945900583655e-05,18.288175381843708
5.536411882996109e-05,17.523156740926677
5.547529175933852e-05,16.754377153746546
5.558646468871595e-05,15.992425224798787
5.569763761809339e-05,15.225050098677302
5.5808810547470815e-05,14.467929716948113
5.591998347684825e-05,13.715597788697016
5.603115640622568e-05,12.970441136806398
5.614232933560311e-05,12.227385888209112
5.625350226498055e-05,11.494513705218033
5.6364675194357975e-05,10.773452295414387
5.647584812373541e-05,10.05800065018006
5.658702105311284e-05,9.35284323997032
5.669819398249027e-05,8.656119116206249
5.68093669118677e-05,7.976664568245942
5.6920539841245135e-05,7.313995115015501
5.703171277062257e-05,6.660589943155318
5.71428857e-05,6.025824337905825
5.725405862937743e-05,5.409017034280068
5.736523155875486e-05,4.808142301092176
5.7476404488132296e-05,4.233385057685419
5.7587577417509724e-05,3.6729744533109585
5.769875034688716e-05,3.1324561591370297
5.780992327626459e-05,2.6175813457039143
5.792109620564202e-05,2.126185010788508
5.8032269135019456e-05,1.6583811427186752
5.8143442064396884e-05,1.2136954970441118
5.825461499377432e-05,0.7932690543253941
5.836578792315175e-05,0.4026652917510131
5.847696085252918e-05,0.0394085920902881
5.8588133781906616e-05,-0.2836430432469093
5.8699306711284044e-05,-0.5821120614537043
5.881047964066148e-05,-0.8435542569837623
5.892165257003891e-05,-1.0745248148070732
5.903282549941634e-05,-1.2737614822205217
5.9143998428793776e-05,-1.4433428221281213
5.9255171358171204e-05,-1.568252820565271
5.936634428754864e-05,-1.6583262830488388
5.947751721692607e-05,-1.7142152109377926
5.95886901463035e-05,-1.7333266803430492
5.9699863075680936e-05,-1.7099326076984949
5.9811036005058364e-05,-1.653404465561815
5.99222089344358e-05,-1.5469646980718301
6.003338186381323e-05,-1.3974541693413733
6.014455479319066e-05,-1.2122210799276336
6.025572772256809e-05,-0.9793028273594986
6.0366900651945525e-05,-0.7051522267933545
6.047807358132296e-05,-0.38153948132788906
6.058924651070039e-05,-0.002836656270771086
6.070041944007782e-05,0.42915054744440984
6.081159236945525e-05,0.8933307528381211
6.0922765298832685e-05,0.8748017061242889
6.103393822821011e-05,0.8350704813160437
6.114511115758755e-05,0.8001197572012793
6.125628408696498e-05,0.7713009262993321
6.136745701634241e-05,0.738211913979028
6.147862994571984e-05,0.7121740231621213
6.158980287509728e-05,0.6868163231022537
6.170097580447471e-05,0.662400600151916
6.181214873385214e-05,0.6454910204656403
6.192332166322958e-05,0.6320213593734617
6.2034494592607e-05,0.6070278104607283
6.214566752198443e-05,0.5904540095126569
6.225684045136186e-05,0.5764418648285095
6.23680133807393e-05,0.5668320651199759
6.247918631011673e-05,0.5568479670126117
6.259035923949416e-05,0.5437716795053166
6.27015321688716e-05,0.5295284097123282
6.281270509824903e-05,0.5141727785392161
6.292387802762646e-05,0.5033354955444571
6.303505095700388e-05,0.4904005948399552
6.314622388638133e-05,0.4764260669161659
6.325739681575875e-05,0.4578352718040711
6.336856974513618e-05,0.4396087856149614
6.347974267451362e-05,0.4178155656415522
6.359091560389105e-05,0.4049336551818479
6.370208853326848e-05,0.39202922378599253
6.381326146264591e-05,0.3732166146657036
6.392443439202335e-05,0.3651596091503902
6.403560732140078e-05,0.3602178765124473
6.41467802507782e-05,0.3568516540783667
6.425795318015565e-05,0.34572707799467345
6.436912610953307e-05,0.34939040511431757
6.44802990389105e-05,0.3413823981041748
6.459147196828794e-05,0.3351642475149465
6.470264489766537e-05,0.33448597416545645
6.48138178270428e-05,0.341964440856072
6.492499075642023e-05,0.34631475344617324
6.503616368579767e-05,0.3509924057339404
6.51473366151751e-05,0.3623024855812258
6.525850954455252e-05,0.3735091430172015
6.536968247392997e-05,0.38148551311938467
6.54808554033074e-05,0.3904164921640516
6.559202833268482e-05,0.39808959924648396
6.570320126206225e-05,0.406251655568134
6.581437419143969e-05,0.41471967862328535
6.592554712081712e-05,0.42694015050723366
6.603672005019455e-05,0.4410439177769349
6.614789297957199e-05,0.44828677518617793
6.625906590894942e-05,0.4630436570922566
6.637023883832685e-05,0.4722742024083724
6.648141176770427e-05,0.48192768574191186
6.659258469708171e-05,0.4881789458380823
6.670375762645914e-05,0.49965271232292824
6.681493055583657e-05,0.5079885027341015
6.692610348521401e-05,0.5207530705093395
6.703727641459144e-05,0.5310043012147467
6.714844934396887e-05,0.5436761420223994
6.72596222733463e-05,0.5568672123941861
6.737079520272374e-05,0.5667645855912746
6.748196813210117e-05,0.5789207185290488
6.75931410614786e-05,0.5945815679455463
6.770431399085604e-05,0.610228656015019
6.781548692023346e-05,0.6274442751812028
6.792665984961089e-05,0.6453552301354121
6.803783277898833e-05,0.6662592360338068
6.814900570836576e-05,0.6862869226238171
6.826017863774319e-05,0.7127222103524187
6.837135156712062e-05,0.7323043956422581
6.848252449649806e-05,0.7537870641197262
6.859369742587549e-05,0.7777347157798163
6.870487035525291e-05,0.8012143735815156
6.881604328463036e-05,0.8209973476742298
6.892721621400778e-05,0.8415348050880092
6.903838914338521e-05,0.8662729222507168
6.914956207276264e-05,0.8908606404860978
6.926073500214008e-05,0.9124761237972854
6.937190793151751e-05,0.9333801693616028
6.948308086089494e-05,0.9594450744279144
6.959425379027238e-05,0.9787583240648025
6.97054267196498e-05,0.9996826894453484
6.981659964902723e-05,1.0191391720639742
6.992777257840466e-05,1.039800593266767
7.00389455077821e-05,1.0549792381092913
7.015011843715953e-05,1.0742710310975745
7.026129136653696e-05,1.0927645472048473
7.03724642959144e-05,1.1155726211550885
7.048363722529183e-05,1.1265369040253588
7.059481015466926e-05,1.1423112785195404
7.070598308404669e-05,1.160247527698184
7.081715601342413e-05,1.177342935781959
7.092832894280155e-05,1.1893863135221416
7.103950187217898e-05,1.2059596336781464
7.115067480155642e-05,1.2202342999679952
7.126184773093385e-05,1.240255610027115
7.137302066031128e-05,1.2563642166833733
7.148419358968871e-05,1.275304977940215
7.159536651906615e-05,1.2971398844039081
7.170653944844358e-05,1.3165613864219068
7.1817712377821e-05,1.329465127483008
7.192888530719845e-05,1.3333499394080728
7.204005823657588e-05,1.3529302311961395
7.21512311659533e-05,1.3683800258753471
7.226240409533074e-05,1.3837915722382002
7.237357702470817e-05,1.3975514034208383
7.24847499540856e-05,1.4067111124217204
7.259592288346303e-05,1.4213328051248366
7.270709581284047e-05,1.432273831553658
7.28182687422179e-05,1.4433630890876568
7.292944167159533e-05,1.4564801916182337
7.304061460097277e-05,1.4605434508843778
7.31517875303502e-05,1.4678338846917802
7.326296045972762e-05,1.4741375804652657
7.337413338910505e-05,1.4807489719054276
7.348530631848249e-05,1.4817780212284772
7.359647924785992e-05,1.47976180918519
7.370765217723735e-05,1.4774436528919423
7.381882510661479e-05,1.4754579885190955
7.392999803599222e-05,1.480884108895686
7.404117096536965e-05,1.485030798132235
7.415234389474707e-05,1.4868912932809277
7.426351682412452e-05,1.4895254409863259
7.437468975350194e-05,1.4879206142014343
7.448586268287937e-05,1.487352202988623
7.459703561225681e-05,1.4920871565480684
7.470820854163424e-05,1.4969914530703718
7.481938147101167e-05,1.4928594486229039
7.49305544003891e-05,1.4955868853346976
7.504172732976654e-05,1.4999031159977263
7.515290025914397e-05,1.4943836322790576
7.52640731885214e-05,1.489337086986031
7.537524611789884e-05,1.4847356290620797
7.548641904727626e-05,1.4838978204493232
7.559759197665369e-05,1.4784719362728658
7.570876490603113e-05,1.4723024546711827
7.581993783540856e-05,1.4687506827657535
7.593111076478599e-05,1.4653939752816902
7.604228369416342e-05,1.4524999713807887
7.615345662354086e-05,1.4482729795876468
7.626462955291829e-05,1.435930819189655
7.637580248229572e-05,1.4263351504195279
7.648697541167316e-05,1.4121781532429842
7.659814834105058e-05,1.4044723856354342
7.670932127042801e-05,1.395079543919639
7.682049419980544e-05,1.3822063278443848
7.693166712918288e-05,1.3758386677264571
7.704284005856031e-05,1.3691442075913807
7.715401298793774e-05,1.3531413506989955
7.726518591731518e-05,1.3416663512733975
7.737635884669261e-05,1.3283150833010862
7.748753177607004e-05,1.3142065372246978
7.759870470544746e-05,1.309168380861061
7.77098776348249e-05,1.297442835080646
7.782105056420233e-05,1.289527873132715
7.793222349357976e-05,1.2856101820611991
7.80433964229572e-05,1.276697123653974
7.815456935233463e-05,1.2732723314887522
7.826574228171206e-05,1.2660547965448354
7.837691521108949e-05,1.2550405442179289
7.848808814046693e-05,1.2404859898225524
7.859926106984436e-05,1.2399586377464578
7.871043399922178e-05,1.236100699231433
7.882160692859923e-05,1.2321914153577997
7.893277985797665e-05,1.221340087549659
7.904395278735408e-05,1.2133281893430015
7.915512571673152e-05,1.2059429981867171
7.926629864610895e-05,1.1945008164098787
7.937747157548638e-05,1.1820940558035022
7.948864450486381e-05,1.170654488643074
7.959981743424125e-05,1.1557215462779353
7.971099036361868e-05,1.143240493158976
7.98221632929961e-05,1.132443491765564
7.993333622237355e-05,1.116469527534491
8.004450915175097e-05,1.1066425824149295
8.01556820811284e-05,1.097052229050231
8.026685501050583e-05,1.0864193177681027
8.037802793988327e-05,1.0739959573048594
8.04892008692607e-05,1.0557950600480785
8.060037379863813e-05,1.0426143076346712
8.071154672801557e-05,1.0243825080069096
8.0822719657393e-05,1.0153679730560743
8.093389258677043e-05,1.0052704571230924
8.104506551614785e-05,0.9993628735443222
8.11562384455253e-05,0.9914430840486134
8.126741137490272e-05,0.9823193358725555
8.137858430428015e-05,0.9716515593756894
8.148975723365759e-05,0.9626303018785559
8.160093016303502e-05,0.9504081404517873
8.171210309241245e-05,0.9439786134685096
8.182327602178988e-05,0.9374518812276604
8.193444895116732e-05,0.9294997835242802
8.204562188054475e-05,0.9270822697944386
8.215679480992217e-05,0.9167072515752884
8.226796773929961e-05,0.9145664325420436
8.237914066867704e-05,0.9083122995340585
8.249031359805447e-05,0.8996879083374801
8.26014865274319e-05,0.892983724444365
8.271265945680934e-05,0.8841232098224376
8.282383238618677e-05,0.8759352202665361
8.29350053155642e-05,0.8689844206070372
8.304617824494164e-05,0.8577391534709138
8.315735117431907e-05,0.8564215244096661
8.32685241036965e-05,0.848461427770461
8.337969703307394e-05,0.8454930721478743
8.349086996245136e-05,0.8406302235297414
8.360204289182879e-05,0.8375807580031975
8.371321582120622e-05,0.836407415197443
8.382438875058366e-05,0.8321519677831677
8.393556167996109e-05,0.8343441679687371
8.404673460933852e-05,0.8322166411422623
8.415790753871596e-05,0.8296145084482589
8.426908046809339e-05,0.8309761463078538
8.438025339747081e-05,0.8278923317573688
8.449142632684824e-05,0.8300669086137868
8.460259925622568e-05,0.8295169957454639
8.471377218560311e-05,0.8334199260563111
8.482494511498054e-05,0.8403561701150373
8.493611804435798e-05,0.8442900562727876
8.504729097373541e-05,0.8534295248826603
8.515846390311284e-05,0.858657072633048
8.526963683249027e-05,0.8605129660436476
8.53808097618677e-05,0.8584769888800263
8.549198269124513e-05,0.8587620182108169
8.560315562062256e-05,0.8623392546770778
8.571432855e-05,0.8630806434809888
8.582550147937743e-05,0.8646973503518923
8.593667440875486e-05,0.8646735540266596
8.604784733813229e-05,0.8696138489509779
8.615902026750973e-05,0.8677993817789811
8.627019319688716e-05,0.8668625308121893
8.638136612626459e-05,0.8694658260762795
8.649253905564203e-05,0.8707765077872471
8.660371198501945e-05,0.8679626908042416
8.671488491439688e-05,0.8745659882817252
8.682605784377432e-05,0.8810256133454486
8.693723077315175e-05,0.8870680146685834
8.704840370252918e-05,0.8960531399701309
8.715957663190661e-05,0.9057609041840985
8.727074956128405e-05,0.9129729512292898
8.738192249066148e-05,0.9237874074979081
8.74930954200389e-05,0.9359276725283181
8.760426834941635e-05,0.9426049995533421
8.771544127879378e-05,0.9511209886630964
8.78266142081712e-05,0.9555013148102133
8.793778713754863e-05,0.9647375338511459
8.804896006692607e-05,0.9759633951073006
8.81601329963035e-05,0.9895153951529925
8.827130592568093e-05,0.9991678180329424
8.838247885505837e-05,1.0123852038234575
8.84936517844358e-05,1.0248829729294306
8.860482471381323e-05,1.0357725855891298
8.871599764319065e-05,1.0470468389126242
8.88271705725681e-05,1.0583271979984639
8.893834350194552e-05,1.0732208162155934
8.904951643132295e-05,1.0823268785663867
8.91606893607004e-05,1.0848738707569272
8.927186229007782e-05,1.093957818002142
8.938303521945525e-05,1.091018566686522
8.949420814883268e-05,1.0971606845159871
8.960538107821012e-05,1.1037021720791953
8.971655400758755e-05,1.1127218292580778
8.982772693696497e-05,1.1184959374986092
8.993889986634242e-05,1.1228341374906008
9.005007279571984e-05,1.123009308739609
9.016124572509727e-05,1.132607624555691
9.027241865447471e-05,1.1375639195510354
9.038359158385214e-05,1.1436623559757382
9.049476451322957e-05,1.1476048041493834
9.0605937442607e-05,1.152222077997373
9.071711037198444e-05,1.1547251858107803
9.082828330136187e-05,1.1632964755384303
9.09394562307393e-05,1.1684032088861138
9.105062916011674e-05,1.1735845514390677
9.116180208949416e-05,1.1800712284845178
9.127297501887159e-05,1.1842849419539945
9.138414794824902e-05,1.1953786727521196
9.149532087762646e-05,1.2021743204942241
9.160649380700389e-05,1.2059752960077268
9.171766673638132e-05,1.2182990240396296
9.182883966575876e-05,1.225951854662969
9.194001259513619e-05,1.2403633600906439
9.205118552451362e-05,1.2512518108523376
9.216235845389104e-05,1.2579954787579906
9.227353138326848e-05,1.2565204232792913
9.238470431264591e-05,1.2564265030721966
9.249587724202334e-05,1.2585176467612011
9.260705017140078e-05,1.26281907011963
9.271822310077821e-05,1.2670187439786764
9.282939603015564e-05,1.272237163998122
9.294056895953307e-05,1.2720537694415137
9.305174188891051e-05,1.2745658856659385
9.316291481828794e-05,1.2778096948446285
9.327408774766536e-05,1.275598950204322
9.33852606770428e-05,1.2786868360890997
9.349643360642023e-05,1.27209125562069
9.360760653579766e-05,1.2684275108697107
9.37187794651751e-05,1.2674535772532265
9.382995239455253e-05,1.2702697617421093
9.394112532392996e-05,1.2730534899450496
9.405229825330739e-05,1.2745017193169694
9.416347118268483e-05,1.2787390315636844
9.427464411206226e-05,1.2877142181506684
9.438581704143968e-05,1.2930423220344955
9.449698997081713e-05,1.2959751335936693
9.460816290019455e-05,1.2981364518728433
9.471933582957198e-05,1.3003024676021535
9.483050875894941e-05,1.3018633162714608
9.494168168832685e-05,1.2980592036141243
9.505285461770428e-05,1.3028362977860783
9.516402754708171e-05,1.3025634372753296
9.527520047645915e-05,1.3076208599155514
9.538637340583658e-05,1.3073038242670083
9.5497546335214e-05,1.3080718536763631
9.560871926459143e-05,1.3100228760360433
9.571989219396887e-05,1.3115779020872167
9.58310651233463e-05,1.313684613203495
9.594223805272373e-05,1.3115115139884013
9.605341098210117e-05,1.309327120295525
9.61645839114786e-05,1.3033907880705329
9.627575684085603e-05,1.296891111579495
9.638692977023346e-05,1.287047856137148
9.64981026996109e-05,1.2881878997209186
9.660927562898833e-05,1.285053603549247
9.672044855836575e-05,1.2799177166712241
9.68316214877432e-05,1.2789836391101579
9.694279441712062e-05,1.2785967381673888
9.705396734649805e-05,1.2771176533501576
9.716514027587548e-05,1.2754229497750484
9.727631320525292e-05,1.2725187807142824
9.738748613463035e-05,1.2725613710211254
9.749865906400778e-05,1.2732526358638787
9.760983199338522e-05,1.2702762836544335
9.772100492276265e-05,1.2705363903938693
9.783217785214007e-05,1.272366436987094
9.794335078151751e-05,1.2707195283685224
9.805452371089494e-05,1.2707651157469149
9.816569664027237e-05,1.2722706848280996
9.82768695696498e-05,1.2695090821423511
9.838804249902724e-05,1.2681066509776915
9.849921542840467e-05,1.2652732578305388
9.86103883577821e-05,1.2604123428339364
9.872156128715954e-05,1.252911415435768
9.883273421653697e-05,1.2529241293997886
9.89439071459144e-05,1.2507857141927639
9.905508007529182e-05,1.2512774744762682
9.916625300466926e-05,1.2485798469502347
9.927742593404669e-05,1.2443649115972497
9.938859886342412e-05,1.2339680479366961
9.949977179280156e-05,1.2261054973614167
9.961094472217899e-05,1.2131730880743432
9.972211765155642e-05,1.205571264495765
9.983329058093384e-05,1.1952235897641088
9.994446351031129e-05,1.1838254214096948
0.00010005563643968871,1.170177608781395
0.00010016680936906614,1.1646932176308227
0.00010027798229844358,1.1550591844819709
0.00010038915522782101,1.1454357558827444
0.00010050032815719844,1.138853985519517
0.00010061150108657587,1.1358997141453433
0.00010072267401595331,1.133505897058137
0.00010083384694533074,1.1285541657946538
0.00010094501987470817,1.1250207136682893
0.0001010561928040856,1.1166815305318112
0.00010116736573346303,1.1160739629099243
0.00010127853866284046,1.1168678963674494
0.0001013897115922179,1.110816920931823
0.00010150088452159533,1.1072321244162586
0.00010161205745097276,1.1100880804690194
0.00010172323038035019,1.107410297595112
0.00010183440330972763,1.1113548845913408
0.00010194557623910506,1.1111039403307779
0.00010205674916848249,1.1092583270023149
0.00010216792209785993,1.1096077631334045
0.00010227909502723736,1.0991383383357207
0.00010239026795661478,1.095285066194593
0.00010250144088599221,1.0974812216069685
0.00010261261381536965,1.0911413333590514
0.00010272378674474708,1.0825085370853835
0.00010283495967412451,1.0800199726068729
0.00010294613260350195,1.0740224860866372
0.00010305730553287938,1.0660084286435136
0.0001031684784622568,1.0508003503939707
0.00010327965139163423,1.0400192035006433
0.00010339082432101168,1.033172275473965
0.0001035019972503891,1.0311065618821902
0.00010361317017976653,1.0259528379229887
0.00010372434310914397,1.022624101342697
0.0001038355160385214,1.017338813108297
0.00010394668896789883,1.008647068360931
0.00010405786189727626,1.0028440443198081
0.0001041690348266537,1.006519142632279
0.00010428020775603113,0.9997428278860894
0.00010439138068540855,0.9956950145093589
0.000104502553614786,0.9924271175989969
0.00010461372654416342,0.9926878212573015
0.00010472489947354085,1.0009126176821437
0.0001048360724029183,1.0027884968673932
0.00010494724533229572,1.0063778466800777
0.00010505841826167315,1.0092396176210887
0.00010516959119105058,1.0126798749855919
0.00010528076412042802,1.0141012029173528
0.00010539193704980545,1.0079045684175927
0.00010550310997918287,1.0098141509328793
0.00010561428290856032,1.0078955727606473
0.00010572545583793774,1.008079691683375
0.00010583662876731517,1.0047611812397654
0.0001059478016966926,1.0094906312947804
0.00010605897462607004,1.0076355787147027
0.00010617014755544747,1.0173529451422525
0.0001062813204848249,1.0218920004834569
0.00010639249341420234,1.025104778713116
0.00010650366634357977,1.0247855457656518
0.0001066148392729572,1.0245848447241055
0.00010672601220233462,1.0243639888463125
0.00010683718513171206,1.0301825266706957
0.00010694835806108949,1.0285142678989414
0.00010705953099046692,1.0305352877761027
0.00010717070391984436,1.0331660091424517
0.00010728187684922179,1.0386979398062195
0.00010739304977859922,1.0494958939947552
0.00010750422270797665,1.0549071321341146
0.00010761539563735409,1.064268283065074
0.00010772656856673152,1.0635423498686079
0.00010783774149610894,1.0748453304288492
0.00010794891442548639,1.0824650882362745
0.00010806008735486381,1.089286174698011
0.00010817126028424124,1.0945148054135396
0.00010828243321361867,1.0954775753096284
0.00010839360614299611,1.1015082738348523
0.00010850477907237354,1.1068063028840112
0.00010861595200175097,1.1131972677128295
0.00010872712493112841,1.116606863876882
0.00010883829786050584,1.128158819588207
0.00010894947078988326,1.1339935169482216
0.0001090606437192607,1.1378266455417456
0.00010917181664863813,1.1443567545775928
0.00010928298957801556,1.1447033070540393
0.00010939416250739299,1.1488201244740466
0.00010950533543677043,1.1500045137651735
0.00010961650836614786,1.1443667772082038
0.00010972768129552529,1.1495329861118682
0.00010983885422490273,1.1495498727108593
0.00010995002715428016,1.159139699088406
0.00011006120008365758,1.1635083690860393
0.00011017237301303501,1.16414042008129
0.00011028354594241245,1.1655129244812867
0.00011039471887178988,1.1689658993467502
0.00011050589180116731,1.1695093235523564
0.00011061706473054475,1.1769981745297922
0.00011072823765992218,1.1768165774722836
0.00011083941058929961,1.1865251552683618
0.00011095058351867704,1.1886025417551522
0.00011106175644805448,1.1942428751461585
0.0001111729293774319,1.1987664172915193
0.00011128410230680933,1.205386814948985
0.00011139527523618677,1.206619922858906
0.0001115064481655642,1.2120169658595166
0.00011161762109494163,1.2169642166428818
0.00011172879402431906,1.221231186675167
0.0001118399669536965,1.2219850561878658
0.00011195113988307393,1.2299223422587
0.00011206231281245136,1.2341329792658484
0.0001121734857418288,1.2329517121180333
0.00011228465867120623,1.2360837878539224
0.00011239583160058365,1.2343397219301482
0.0001125070045299611,1.2372522847237106
0.00011261817745933852,1.2390428958812878
0.00011272935038871595,1.2411139153774848
0.00011284052331809338,1.2292856331337958
0.00011295169624747082,1.2215126639557312
0.00011306286917684825,1.2130907633111183
0.00011317404210622568,1.2061235866918092
0.00011328521503560312,1.2050898092966416
0.00011339638796498055,1.199140770745875
0.00011350756089435797,1.2032435680667248
0.0001136187338237354,1.2013565155841668
0.00011372990675311284,1.1947157654661877
0.00011384107968249027,1.1918675855298784
0.0001139522526118677,1.188358788640393
0.00011406342554124514,1.1880617327401513
0.00011417459847062257,1.186266338382102
0.0001142857714,1.1864379987781104
0.00011439694432937742,1.1845515040997385
0.00011450811725875487,1.187549138968795
0.0001146192901881323,1.1811883518468957
0.00011473046311750972,1.1739243097157617
0.00011484163604688716,1.174848229618855
0.00011495280897626459,1.1714298937260101
0.00011506398190564202,1.167731989601166
0.00011517515483501945,1.1667306305644691
0.00011528632776439689,1.1663892700898577
0.00011539750069377432,1.1584173442811492
0.00011550867362315174,1.1582446575843448
0.00011561984655252919,1.152476559934609
0.00011573101948190661,1.1534349285846317
0.00011584219241128404,1.1567235284736475
0.00011595336534066148,1.1475472753043368
0.00011606453827003891,1.1451027139814463
0.00011617571119941634,1.1445501920956676
0.00011628688412879377,1.1423038759383461
0.00011639805705817121,1.1375781242913674
0.00011650922998754864,1.1319484267862814
0.00011662040291692607,1.130189174643253
0.0001167315758463035,1.1199678752607054
0.00011684274877568093,1.1196206121040313
0.00011695392170505836,1.12246905376981
0.00011706509463443579,1.1290011004202158
0.00011717626756381323,1.126958839347068
0.00011728744049319066,1.134776622981532
0.00011739861342256809,1.134992353254396
0.00011750978635194553,1.1377206634075678
0.00011762095928132296,1.1369255890827659
0.00011773213221070039,1.1363449593210415
0.00011784330514007781,1.1421874301618706
0.00011795447806945526,1.1486079833908864
0.00011806565099883268,1.144530198814993
0.00011817682392821011,1.1493119774922225
0.00011828799685758755,1.1476149383301013
0.00011839916978696498,1.1511277966971376
0.00011851034271634241,1.1522074926498205
0.00011862151564571984,1.1472996134150015
0.00011873268857509728,1.1467766774520034
0.0001188438615044747,1.1452291358081967
0.00011895503443385213,1.1454416061755803
0.00011906620736322958,1.1400741870212792
0.000119177380292607,1.138626753959131
0.00011928855322198443,1.1340836933262972
0.00011939972615136187,1.1331019018765054
0.0001195108990807393,1.133036193686621
0.00011962207201011673,1.1282921101313979
0.00011973324493949416,1.1275659453581395
0.0001198444178688716,1.1244946545570207
0.00011995559079824903,1.123866672428316
0.00012006676372762645,1.1186499035852728
0.0001201779366570039,1.1119990358658922
0.00012028910958638132,1.111709131852403
0.00012040028251575875,1.10698435347985
0.00012051145544513618,1.1081797621484775
0.00012062262837451362,1.1081083354798897
0.00012073380130389105,1.1123144237691631
0.00012084497423326848,1.1173631974903986
0.00012095614716264592,1.1208393511465895
0.00012106732009202335,1.1215762119735537
0.00012117849302140077,1.1224398260506352
0.0001212896659507782,1.1207044731403055
0.00012140083888015564,1.1213707936008834
0.00012151201180953307,1.119500207887142
0.0001216231847389105,1.1136005268304756
0.00012173435766828794,1.113046329359726
0.00012184553059766537,1.1073772409290767
0.0001219567035270428,1.1105991644416426
0.00012206787645642023,1.109985935873941
0.00012217904938579765,1.1071666196451826
0.0001222902223151751,1.105157412806855
0.00012240139524455254,1.1017493187576262
0.00012251256817392996,1.1002424779155244
0.0001226237411033074,1.0910219005213961
0.00012273491403268482,1.084341237111407
0.00012284608696206225,1.080086483487837
0.00012295725989143968,1.0719365795196165
0.00012306843282081713,1.0713147790887445
0.00012317960575019456,1.0525284186117976
0.000123290778679572,1.0483841559911449
0.00012340195160894942,1.0498143367564579
0.00012351312453832684,1.0506829156985626
0.00012362429746770427,1.051766087133623
0.0001237354703970817,1.0439133200201411
0.00012384664332645915,1.0415988751492362
0.00012395781625583658,1.039876799291901
0.000124068989185214,1.0417782020218231
0.00012418016211459144,1.0471074357472498
0.00012429133504396887,1.0441391269042897
0.0001244025079733463,1.0472682279021526
0.00012451368090272372,1.0447542269837398
0.00012462485383210118,1.0423712130613831
0.0001247360267614786,1.0451537501405077
0.00012484719969085603,1.0449234131108411
0.00012495837262023346,1.0453914077028832
0.0001250695455496109,1.0443287395975842
0.00012518071847898832,1.0419292994976528
0.00012529189140836575,1.0422183182411804
0.0001254030643377432,1.0358085100884509
0.00012551423726712063,1.0378506117834383
0.00012562541019649806,1.036199475518304
0.00012573658312587548,1.0287808550836468
0.0001258477560552529,1.032925977171168
0.00012595892898463034,1.0375783352252668
0.00012607010191400777,1.0343555154635853
0.00012618127484338522,1.0342104530238334
0.00012629244777276265,1.0361822108677594
0.00012640362070214008,1.0357012115807138
0.0001265147936315175,1.0369687382240869
0.00012662596656089494,1.0360422078414797
0.00012673713949027236,1.0372659859384659
0.0001268483124196498,1.0387169895236705
0.00012695948534902725,1.0396246432921599
0.00012707065827840467,1.0402279445665292
0.0001271818312077821,1.0495491209974173
0.00012729300413715953,1.0589945286271816
0.00012740417706653696,1.0601200219857323
0.00012751534999591439,1.0639109085976677
0.00012762652292529181,1.0678367922883616
0.00012773769585466927,1.0785399737183372
0.0001278488687840467,1.0864117109363312
0.00012796004171342413,1.095555950800325
0.00012807121464280155,1.101138707829577
0.00012818238757217898,1.1040155041342068
0.0001282935605015564,1.105614833770712
0.00012840473343093384,1.109865183700635
0.0001285159063603113,1.1068877514248758
0.00012862707928968872,1.1067474503486248
0.00012873825221906615,1.1072303062722273
0.00012884942514844358,1.1050476308843593
0.000128960598077821,1.1047241061995405
0.00012907177100719843,1.1028903666677334
0.0001291829439365759,1.1030075985193761
0.00012929411686595332,1.1022801834787115
0.00012940528979533074,1.0998257284473207
0.00012951646272470817,1.097709708997033
0.0001296276356540856,1.0926231579481278
0.00012973880858346303,1.086460009005045
0.00012984998151284045,1.0849439724347876
0.0001299611544422179,1.083497059120066
0.00013007232737159534,1.0802269092946606
0.00013018350030097277,1.0837485920637138
0.0001302946732303502,1.083664985359618
0.00013040584615972762,1.08302164175206
0.00013051701908910505,1.0840680761503905
0.00013062819201848248,1.0848424579462064
0.00013073936494785993,1.083731947263904
0.00013085053787723736,1.082451276695175
0.0001309617108066148,1.079712731296324
0.00013107288373599222,1.0766280830622275
0.00013118405666536964,1.0755376468977786
0.00013129522959474707,1.0779341452043563
0.0001314064025241245,1.0812015173893488
0.00013151757545350196,1.084842922429314
0.00013162874838287938,1.0878059814139047
0.0001317399213122568,1.086501459759257
0.00013185109424163424,1.0837200910514007
0.00013196226717101167,1.0754682264724806
0.0001320734401003891,1.0714727641964816
0.00013218461302976652,1.0646447341482836
0.00013229578595914398,1.069301430451783
0.0001324069588885214,1.064656076315086
0.00013251813181789883,1.0620721806293851
0.00013262930474727626,1.0652475415672493
0.0001327404776766537,1.065450779103604
0.00013285165060603112,1.0644342858716282
0.00013296282353540855,1.0638331973273052
0.000133073996464786,1.0601948905060539
0.00013318516939416343,1.0561113497714023
0.00013329634232354086,1.0488510404734763
0.00013340751525291829,1.0418158340186403
0.00013351868818229571,1.039792321693741
0.00013362986111167314,1.041324359227454
0.00013374103404105057,1.0392566380101045
0.00013385220697042802,1.0432388098518424
0.00013396337989980545,1.0463791709735175
0.00013407455282918288,1.0516935550844093
0.0001341857257585603,1.0529475978463936
0.00013429689868793774,1.0557967065462228
0.00013440807161731516,1.058138849364127
0.0001345192445466926,1.058937955734052
0.00013463041747607005,1.060161001336644
0.00013474159040544748,1.0552059307986144
0.0001348527633348249,1.0483231576577956
0.00013496393626420233,1.051479468906689
0.00013507510919357976,1.0433384178526905
0.0001351862821229572,1.0436615912732385
0.00013529745505233462,1.044444401437959
0.00013540862798171207,1.046801785116659
0.0001355198009110895,1.041864598084675
0.00013563097384046693,1.039448047938033
0.00013574214676984435,1.0339956394296896
0.00013585331969922178,1.0378297969376835
0.0001359644926285992,1.0333679144774632
0.00013607566555797667,1.0338264632812824
0.0001361868384873541,1.031353847334335
0.00013629801141673152,1.0285363940290828
0.00013640918434610895,1.036459214460263
0.00013652035727548638,1.0269111775405928
0.0001366315302048638,1.028252644970136
0.00013674270313424123,1.026103453142871
0.0001368538760636187,1.0291491044546262
0.00013696504899299612,1.0298823451059025
0.00013707622192237354,1.0294923689565605
0.00013718739485175097,1.0234430706400701
0.0001372985677811284,1.0228138739416601
0.00013740974071050583,1.0257543067515718
0.00013752091363988326,1.0269640677330383
0.0001376320865692607,1.0296431201869467
0.00013774325949863814,1.0312571437209201
0.00013785443242801557,1.0396286382848219
0.000137965605357393,1.0426745262313966
0.00013807677828677042,1.046940838825571
0.00013818795121614785,1.0476867752506511
0.00013829912414552528,1.0475533203218346
0.00013841029707490273,1.048825642628081
0.00013852147000428016,1.0465451825545988
0.0001386326429336576,1.0482434856758598
0.00013874381586303502,1.048218134711552
0.00013885498879241245,1.0480558338568433
0.00013896616172178987,1.041367734859216
0.0001390773346511673,1.0371112692360167
0.00013918850758054476,1.032613100662424
0.00013929968050992219,1.0266365725066275
0.0001394108534392996,1.025186054422576
0.00013952202636867704,1.0178618709451754
0.00013963319929805447,1.0106031237407131
0.0001397443722274319,1.0108321289931481
0.00013985554515680933,1.0159418066665744
0.00013996671808618678,1.0092935300879509
0.0001400778910155642,1.0051886356370008
0.00014018906394494164,1.0025112464713282
0.00014030023687431906,1.0013459195956982
0.0001404114098036965,0.9964438205632342
0.00014052258273307392,0.9960773002423353
0.00014063375566245135,0.9933202753759345
0.0001407449285918288,0.997684311896407
0.00014085610152120623,0.9979716978254454
0.00014096727445058366,1.0006292448957752
0.0001410784473799611,1.0010404375472552
0.00014118962030933851,1.0024980699062178
0.00014130079323871594,1.0049445628561815
0.00014141196616809337,1.0047385577348265
0.00014152313909747083,1.0066852767429992
0.00014163431202684825,1.0091908362455968
0.00014174548495622568,1.0072650357065667
0.0001418566578856031,1.0041862982441383
0.00014196783081498054,1.0043683702592576
0.00014207900374435797,1.0090388908868495
0.0001421901766737354,1.0085539944310002
0.00014230134960311285,1.0102173724218693
0.00014241252253249028,1.006806217374113
0.0001425236954618677,1.000830509115894
0.00014263486839124513,0.9949475968412251
0.00014274604132062256,0.9934683266522408
0.00014285721425,0.9943950355188533
0.00014296838717937742,0.9962263192055891
0.00014307956010875487,0.9980393410236699
0.0001431907330381323,1.0008592764285995
0.00014330190596750973,1.006428224514365
0.00014341307889688716,1.0160084447830506
0.00014352425182626458,1.016698185678623
0.000143635424755642,1.0179936631495365
0.00014374659768501947,1.0209093251378785
0.0001438577706143969,1.0169467409531185
0.00014396894354377432,1.0156062850162995
0.00014408011647315175,1.020530376688336
0.00014419128940252918,1.0216471565473348
0.0001443024623319066,1.0235371418250627
0.00014441363526128403,1.0216550252396661
0.0001445248081906615,1.0239073604031503
0.00014463598112003892,1.0304936813345056
0.00014474715404941635,1.0326045785536608
0.00014485832697879377,1.03297581045167
0.0001449694999081712,1.0316731593608142
0.00014508067283754863,1.0296025871884915
0.00014519184576692606,1.0278757113737258
0.0001453030186963035,1.0212323898462103
0.00014541419162568094,1.0198201341953401
0.00014552536455505837,1.0169846930330804
0.0001456365374844358,1.0210985318441628
0.00014574771041381322,1.0195490526027562
0.00014585888334319065,1.016607485345173
0.00014597005627256808,1.0183056779536748
0.00014608122920194554,1.0237458961777233
0.00014619240213132296,1.020044754470257
0.0001463035750607004,1.0281981431390679
0.00014641474799007782,1.0279985344382259
0.00014652592091945525,1.0240453276615407
0.00014663709384883268,1.0245458167407482
0.0001467482667782101,1.0341299263287642
0.00014685943970758756,1.0340773975346926
0.00014697061263696499,1.0393212593896815
0.00014708178556634241,1.0385921636881363
0.00014719295849571984,1.0462884895207294
0.00014730413142509727,1.0419318539852473
0.0001474153043544747,1.0479612666692355
0.00014752647728385213,1.0469587803491969
0.00014763765021322958,1.0449009816371848
0.000147748823142607,1.05223063762881
0.00014785999607198444,1.0545922422698828
0.00014797116900136187,1.051618845909122
0.0001480823419307393,1.0523913580828084
0.00014819351486011672,1.0532849744022603
0.00014830468778949415,1.0534681856760741
0.0001484158607188716,1.057266504506091
0.00014852703364824903,1.0600147642907694
0.00014863820657762646,1.056895726359534
0.0001487493795070039,1.0565996930043529
0.00014886055243638132,1.0552933617378146
0.00014897172536575874,1.0491315743432812
0.00014908289829513617,1.0495631325753403
0.00014919407122451363,1.048903206810977
0.00014930524415389106,1.0519572681810967
0.00014941641708326848,1.0536206135442459
0.0001495275900126459,1.0521105345485537
0.00014963876294202334,0.9302149277947962
0.00014974993587140077,0.4506747161619953
0.0001498611088007782,0.032703551162074365
0.00014997228173015565,-0.3231666699555406
0.00015008345465953308,-0.6320126147328722
0.0001501946275889105,-0.8931131244514201
0.00015030580051828793,-1.1036767598077348
0.00015041697344766536,-1.2731210467030292
0.0001505281463770428,-1.4003290591732094
0.00015063931930642025,-1.486520618506944
0.00015075049223579767,-1.5324573543221303
0.0001508616651651751,-1.5441318166337024
0.00015097283809455253,-1.5207043605978026
0.00015108401102392996,-1.4679169511754766
0.00015119518395330738,-1.3679478537408634
0.0001513063568826848,-1.2327108554865058
0.00015141752981206227,-1.066186140855682
0.0001515287027414397,-0.8757981315035788
0.00015163987567081712,-0.6573215858336914
0.00015175104860019455,-0.40876487101041264
0.00015186222152957198,-0.13327350486249495
0.0001519733944589494,0.16676473721999546
0.00015208456738832684,0.4950834464993925
0.0001521957403177043,0.8483002609538026
0.00015230691324708172,1.2266202777557234
0.00015241808617645915,1.6268606476847391
0.00015252925910583657,2.053193853000301
0.000152640432035214,2.4995650419468762
0.00015275160496459143,2.9693990184079153
0.00015286277789396886,3.4554835446658356
0.00015297395082334631,3.9668327898640827
0.00015308512375272374,4.500300433034517
0.00015319629668210117,5.050986088481984
0.0001533074696114786,5.615076134853191
0.00015341864254085603,6.1985444476947285
0.00015352981547023345,6.79506895434799
0.00015364098839961088,7.4134400550271184
0.00015375216132898834,8.042571265782682
0.00015386333425836576,8.688767398522094
0.0001539745071877432,9.336673584377484
0.00015408568011712062,9.999781714989272
0.00015419685304649805,10.667607875611113
0.00015430802597587548,11.344050646961199
0.0001544191989052529,12.029120932603352
0.00015453037183463036,12.723481289116227
0.0001546415447640078,13.41696691372393
0.00015475271769338522,14.11312732270908
0.00015486389062276264,14.811869674324484
0.00015497506355214007,15.521385237466792
0.0001550862364815175,16.22737476817773
0.00015519740941089493,16.93909589718815
0.00015530858234027238,17.643928794735814
0.0001554197552696498,18.36273387096664
0.00015553092819902724,19.073339496993462
0.00015564210112840467,19.78676288544564
0.0001557532740577821,20.49384841164131
0.00015586444698715952,21.196931726426357
0.00015597561991653695,21.897956930775553
0.0001560867928459144,22.594099208215553
0.00015619796577529183,23.282827324453713
0.00015630913870466926,23.962231474464833
0.0001564203116340467,24.63064375837738
0.00015653148456342412,25.29001511614708
0.00015664265749280155,25.944874841935853
0.00015675383042217897,26.580664968161617
0.00015686500335155643,27.20488325125442
0.00015697617628093386,27.816639526357974
0.00015708734921031128,28.418136716993768
0.0001571985221396887,28.99915692019668
0.00015730969506906614,29.565623962457106
0.00015742086799844357,30.122068451198015
0.000157532040927821,30.65725169421786
0.00015764321385719845,31.168890035415757
0.00015775438678657588,31.66975920953619
0.0001578655597159533,32.144558182381154
0.00015797673264533074,32.59731008844489
0.00015808790557470816,33.02804069820771
0.0001581990785040856,33.438554847483545
0.00015831025143346305,33.820660248254654
0.00015842142436284047,34.16859726005893
0.0001585325972922179,34.501645388699345
0.00015864377022159533,34.804854415186576
0.00015875494315097276,35.07917915991859
0.00015886611608035019,35.323931622629615
0.00015897728900972761,35.53142599558017
0.00015908846193910507,35.71354140377421
0.0001591996348684825,35.86757555065237
0.00015931080779785993,35.98744758645735
0.00015942198072723735,36.077587191333755
0.00015953315365661478,36.132657306617524
0.0001596443265859922,36.14636316303788
0.00015975549951536964,36.129944561115146
0.0001598666724447471,36.07426802713013
0.00015997784537412452,35.97795869194616
0.00016008901830350195,35.84961374760494
0.00016020019123287938,35.6834605948937
0.0001603113641622568,35.46572523266446
0.00016042253709163423,35.205240796264945
0.00016053371002101166,34.90366103015409
0.00016064488295038912,34.550594434569305
0.00016075605587976654,34.16181487683337
0.00016086722880914397,33.85469844846371
0.0001609784017385214,33.92180340134567
0.00016108957466789883,33.97702109150121
0.00016120074759727626,34.022128000579684
0.00016131192052665368,34.06589859418925
0.00016142309345603114,34.108318376622265
0.00016153426638540857,34.14093419526748
0.000161645439314786,34.17858841976578
0.00016175661224416342,34.20851696604332
0.00016186778517354085,34.236285646116116
0.00016197895810291828,34.26266128457965
0.0001620901310322957,34.29628848045279
0.00016220130396167316,34.32096105282447
0.0001623124768910506,34.3484422138645
0.00016242364982042802,34.36391684869372
0.00016253482274980544,34.38221537543401
0.00016264599567918287,34.40071680968719
0.0001627571686085603,34.42112901471115
0.00016286834153793773,34.43841711383474
0.00016297951446731518,34.45981964751036
0.0001630906873966926,34.481909356717296
0.00016320186032607004,34.50724756124213
0.00016331303325544747,34.53531682299542
0.0001634242061848249,34.55860549994906
0.00016353537911420232,34.58125229849795
0.00016364655204357975,34.60562339851476
0.0001637577249729572,34.63357043429957
0.00016386889790233463,34.65266113976881
0.00016398007083171206,34.67870397026286
0.0001640912437610895,34.70495090725484
0.00016420241669046692,34.72734017667385
0.00016431358961984435,34.744228888810056
0.00016442476254922177,34.7608975279369
0.00016453593547859923,34.77192337037041
0.00016464710840797666,34.78970204345298
0.00016475828133735409,34.79987512568959
0.00016486945426673151,34.809264511409914
0.00016498062719610894,34.81909311831007
0.00016509180012548637,34.82913416954099
0.0001652029730548638,34.83324409423314
0.00016531414598424125,34.83961011700033
0.00016542531891361868,34.84705505937181
0.0001655364918429961,34.85408411434938
0.00016564766477237354,34.86045253146946
0.00016575883770175096,34.86628740099382
0.0001658700106311284,34.87323905113841
0.00016598118356050585,34.88225408345414
0.00016609235648988328,34.88940970550829
0.0001662035294192607,34.90048344323766
0.00016631470234863813,34.91106997565638
0.00016642587527801556,34.918433560092225
0.000166537048207393,34.92436131652196
0.00016664822113677042,34.92300286708137
0.00016675939406614787,34.928582151077094
0.0001668705669955253,34.93282775332945
0.00016698173992490273,34.93503155222086
0.00016709291285428015,34.93626339410852
0.00016720408578365758,34.931604711268335
0.000167315258713035,34.93429328752728
0.00016742643164241244,34.93292513780654
0.0001675376045717899,34.92712951581283
0.00016764877750116732,34.93094028046189
0.00016775995043054475,34.92834592758799
0.00016787112335992218,34.921080726515264
0.0001679822962892996,34.92016930785658
0.00016809346921867703,34.92309491347826
0.00016820464214805446,34.92323261142875
0.00016831581507743192,34.92052772667013
0.00016842698800680934,34.91519691805202
0.00016853816093618677,34.91653122898018
0.0001686493338655642,34.910387112722304
0.00016876050679494163,34.90736279966798
0.00016887167972431906,34.90311185553156
0.00016898285265369648,34.89717801688156
0.00016909402558307394,34.88981997749251
0.00016920519851245137,34.8893969658799
0.0001693163714418288,34.88286369079203
0.00016942754437120622,34.877697068197406
0.00016953871730058365,34.875330478302644
0.00016964989022996108,34.87724596578487
0.0001697610631593385,34.880441978929824
0.00016987223608871596,34.87467408563239
0.0001699834090180934,34.87645934748237
0.00017009458194747082,34.869843122403985
0.00017020575487684825,34.87703178239609
0.00017031692780622567,34.87498800372259
0.0001704281007356031,34.87330222761682
0.00017053927366498053,34.871499698011434
0.00017065044659435799,34.869685442014166
0.0001707616195237354,34.863481791621545
0.00017087279245311284,34.8638683424337
0.00017098396538249027,34.85465028850052
0.0001710951383118677,34.85872532798156
0.00017120631124124513,34.85932227904532
0.00017131748417062255,34.856093862201455
0.0001714286571,34.84728622837574
0.00017153983002937744,34.845289583413596
0.00017165100295875486,34.840296405290744
0.0001717621758881323,34.83427522550181
0.00017187334881750972,34.83513050510119
0.00017198452174688715,34.832755202277085
0.00017209569467626458,34.83145721071147
0.00017220686760564203,34.82816623760479
0.00017231804053501946,34.82260796687771
0.0001724292134643969,34.82185765110299
0.00017254038639377432,34.815944471683636
0.00017265155932315174,34.81812370147573
0.00017276273225252917,34.811466507691904
0.00017287390518190663,34.80839606316953
0.00017298507811128405,34.80915721505333
0.00017309625104066148,34.808646411860735
0.0001732074239700389,34.81102711370332
0.00017331859689941634,34.808807322668564
0.00017342976982879377,34.81128117683563
0.0001735409427581712,34.819133003510075
0.00017365211568754865,34.82636579875494
0.00017376328861692608,34.83538365392767
0.0001738744615463035,34.839898113126296
0.00017398563447568093,34.84456776362942
0.00017409680740505836,34.85475637274048
0.0001742079803344358,34.865668814675786
0.00017431915326381322,34.87575479792092
0.00017443032619319067,34.88167302940545
0.0001745414991225681,34.88748125718089
0.00017465267205194553,34.89368731168585
0.00017476384498132296,34.90637873007089
0.00017487501791070038,34.91676843660481
0.0001749861908400778,34.918314973675294
0.00017509736376945524,34.931556210368484
0.0001752085366988327,34.93422599095423
0.00017531970962821012,34.939401202832975
0.00017543088255758755,34.954232105147184
0.00017554205548696498,34.96537246348536
0.0001756532284163424,34.97852240494695
0.00017576440134571983,34.99231933320743
0.00017587557427509726,35.000993282822186
0.00017598674720447472,35.02045680436146
0.00017609792013385215,35.033420737163986
0.00017620909306322957,35.045866216014566
0.000176320265992607,35.06175171041179
0.00017643143892198443,35.08534923661419
0.00017654261185136186,35.09860629872861
0.00017665378478073929,35.120145635706926
0.00017676495771011674,35.13507950631359
0.00017687613063949417,35.15760887259491
0.0001769873035688716,35.172414625698465
0.00017709847649824902,35.18913520175428
0.00017720964942762645,35.207361018441276
0.00017732082235700388,35.23784417560536
0.0001774319952863813,35.248278895641434
0.00017754316821575876,35.27193512429635
0.0001776543411451362,35.29284760170795
0.00017776551407451362,35.317819740293686
0.00017787668700389105,35.33311859320459
0.00017798785993326848,35.35583396790607
0.0001780990328626459,35.37461424234962
0.00017821020579202333,35.398682657519736
0.0001783213787214008,35.4148015001929
0.00017843255165077821,35.4384786190452
0.00017854372458015564,35.45208709756991
0.00017865489750953307,35.471497101164296
0.0001787660704389105,35.49591836705545
0.00017887724336828793,35.508733269253035
0.00017898841629766535,35.52919811597138
0.0001790995892270428,35.54773654386557
0.00017921076215642024,35.57141917632896
0.00017932193508579767,35.5891847244294
0.0001794331080151751,35.6090931708278
0.00017954428094455252,35.628612251429125
0.00017965545387392995,35.652656380507494
0.00017976662680330738,35.668500056736235
0.00017987779973268483,35.688040355883004
0.00017998897266206226,35.70273045003497
0.0001801001455914397,35.726552247932425
0.00018021131852081712,35.74713657502531
0.00018032249145019454,35.76908166289763
0.00018043366437957197,35.78272900466966
0.00018054483730894943,35.807428855719756
0.00018065601023832686,35.82510354167116
0.00018076718316770428,35.847388249563615
0.0001808783560970817,35.86119033310335
0.00018098952902645914,35.8748911731189
0.00018110070195583657,35.89066577063013
0.000181211874885214,35.90562735277325
0.00018132304781459145,35.92458953693739
0.00018143422074396888,35.93963165254986
0.0001815453936733463,35.95264797860924
0.00018165656660272373,35.96952996797455
0.00018176773953210116,35.98213878245798
0.0001818789124614786,35.99196114178213
0.00018199008539085602,36.0078759404068
0.00018210125832023347,36.01949949224417
0.0001822124312496109,36.03733483110497
0.00018232360417898833,36.04746153101502
0.00018243477710836576,36.06029013684476
0.00018254595003774319,36.06667284255771
0.0001826571229671206,36.07488424578651
0.00018276829589649804,36.08242979158909
0.0001828794688258755,36.096349721304954
0.00018299064175525292,36.10328964410371
0.00018310181468463035,36.11851471273971
0.00018321298761400778,36.12695553851051
0.0001833241605433852,36.13516104451324
0.00018343533347276264,36.145754605935075
0.00018354650640214006,36.161462684571006
0.00018365767933151752,36.16427870515432
0.00018376885226089495,36.17895253963853
0.00018388002519027238,36.1806645981944
0.0001839911981196498,36.19368345753738
0.00018410237104902723,36.19943796613523
0.00018421354397840466,36.20688613006723
0.0001843247169077821,36.21198446317825
0.00018443588983715954,36.220570493496794
0.00018454706276653697,36.22581279369773
0.0001846582356959144,36.23407077688524
0.00018476940862529183,36.229486890934
0.00018488058155466925,36.235916521976115
0.00018499175448404668,36.235055531005095
0.0001851029274134241,36.245043076873934
0.00018521410034280156,36.249057753420416
0.000185325273272179,36.25539422060451
0.00018543644620155642,36.250164165384206
0.00018554761913093385,36.24915997740171
0.00018565879206031128,36.25167739047931
0.0001857699649896887,36.254569468236234
0.00018588113791906613,36.262104344258184
0.0001859923108484436,36.2622108817628
0.00018610348377782102,36.26517522599386
0.00018621465670719844,36.27195162036669
0.00018632582963657587,36.27647702092584
0.0001864370025659533,36.283805039750156
0.00018654817549533073,36.291453918579954
0.00018665934842470816,36.29014183466842
0.0001867705213540856,36.293503441325065
0.00018688169428346304,36.291348950028095
0.00018699286721284047,36.297954213299114
0.0001871040401422179,36.30142393874993
0.00018721521307159532,36.308541348672044
0.00018732638600097275,36.3100660404935
0.0001874375589303502,36.3133637641075
0.00018754873185972763,36.309133863477996
0.00018765990478910506,36.309086362399405
0.0001877710777184825,36.306155602694744
0.00018788225064785992,36.300725730046096
0.00018799342357723735,36.30504087056594
0.00018810459650661477,36.30292463519009
0.00018821576943599223,36.29992761883659
0.00018832694236536966,36.29946255066429
0.00018843811529474708,36.29528246214445
0.0001885492882241245,36.2848382106705
0.00018866046115350194,36.28447938815295
0.00018877163408287937,36.276651524931594
0.0001888828070122568,36.269897831594484
0.00018899397994163425,36.26704658848149
0.00018910515287101168,36.2645466673712
0.0001892163258003891,36.260166057215216
0.00018932749872976654,36.25187319335676
0.00018943867165914396,36.24210056055026
0.0001895498445885214,36.23942841036389
0.00018966101751789882,36.24032647356832
0.00018977219044727627,36.23502028646133
0.0001898833633766537,36.233059369995665
0.00018999453630603113,36.23087095297393
0.00019010570923540856,36.230126584284626
0.00019021688216478599,36.23030005939884
0.00019032805509416341,36.22960158473612
0.00019043922802354084,36.225013794838496
0.0001905504009529183,36.21983403461283
0.00019066157388229573,36.217517192853215
0.00019077274681167315,36.211166213755156
0.00019088391974105058,36.209683432293026
0.000190995092670428,36.20322906000489
0.00019110626559980544,36.20024668018411
0.00019121743852918287,36.19968226610445
0.00019132861145856032,36.20089671575825
0.00019143978438793775,36.19726477696051
0.00019155095731731518,36.193259735667816
0.0001916621302466926,36.18769137191523
0.00019177330317607003,36.18232036715963
0.00019188447610544746,36.17733839276563
0.0001919956490348249,36.16726174677086
0.00019210682196420234,36.16645157482533
0.00019221799489357977,36.16579915250825
0.0001923291678229572,36.16137898795132
0.00019244034075233463,36.16331438107957
0.00019255151368171206,36.1586012282795
0.00019266268661108948,36.153639354626264
0.0001927738595404669,36.1531843917343
0.00019288503246984437,36.15450796947754
0.0001929962053992218,36.1562901484058
0.00019310737832859922,36.15486568927365
0.00019321855125797665,36.155556479483124
0.00019332972418735408,36.15771921030626
0.0001934408971167315,36.16207010315583
0.00019355207004610893,36.15801581658632
0.0001936632429754864,36.159351979584976
0.00019377441590486382,36.16095213983944
0.00019388558883424125,36.17496272122275
0.00019399676176361867,36.16975668797085
0.0001941079346929961,36.16872909368345
0.00019421910762237353,36.17318833594254
0.00019433028055175096,36.17050987894728
0.0001944414534811284,36.166523240352056
0.00019455262641050584,36.16734416956259
0.00019466379933988327,36.1682634618259
0.0001947749722692607,36.16928073155889
0.00019488614519863812,36.17039559317331
0.00019499731812801555,36.171607661080905
0.000195108491057393,36.172916549693426
0.00019521966398677043,36.17432187342263
0.00019533083691614786,36.17582324668025
0.0001954420098455253,36.17742028387805
0.00019555318277490272,36.179112599427775
0.00019566435570428015,36.18089980774118
0.00019577552863365757,36.182781523230005
0.00019588670156303503,36.18475736030601
0.00019599787449241246,36.186826933380935
0.00019610904742178989,36.188989856866534
0.00019622022035116731,36.19124574517456
0.00019633139328054474,36.19359421271676
0.00019644256620992217,36.196034873904885
0.0001965537391392996,36.19856734315068
0.00019666491206867705,36.201191234865895
0.00019677608499805448,36.20390616346229
0.0001968872579274319,36.206711743351605
0.00019699843085680934,36.20960758894559
0.00019710960378618676,36.212593314656
0.0001972207767155642,36.215668534894576
0.00019733194964494162,36.21883286407308
0.00019744312257431908,36.22208591660325
0.0001975542955036965,36.22542730689685
0.00019766546843307393,36.22885664936561
0.00019777664136245136,36.232373558421294
0.0001978878142918288,36.23597764847565
0.00019799898722120622,36.23966853394042
0.00019811016015058364,36.24344582922736
0.0001982213330799611,36.24730914874822
0.00019833250600933853,36.251258106914754
0.00019844367893871595,36.25529231813871
0.00019855485186809338,36.25941139683182
0.0001986660247974708,36.26361495740586
0.00019877719772684824,36.267902614272565
0.00019888837065622567,36.27227398184369
0.00019899954358560312,36.27672867453098
0.00019911071651498055,36.28126630674618
0.00019922188944435798,36.28588649290106
0.0001993330623737354,36.29058884740734
0.00019944423530311283,36.295372984676796
0.00019955540823249026,36.300238519121166
0.0001996665811618677,36.30518506515221
0.00019977775409124514,36.31021223718166
0.00019988892702062257,36.31531964962127
0.00020000009995,36.320506916882806
