Time,Amplitude
0.0,0.27742272836525594
1.111729293774319e-07,0.27740127372926077
2.223458587548638e-07,0.2773814681560768
3.3351878813229573e-07,0.27736327661795523
4.446917175097276e-07,0.27734666408714725
5.558646468871596e-07,0.27733159553590414
6.670375762645915e-07,0.2773180359364771
7.782105056420233e-07,0.2773059502611174
8.893834350194552e-07,0.27729530348207615
1.0005563643968871e-06,0.27728606057160465
1.1117292937743191e-06,0.2772781865019542
1.222902223151751e-06,0.27727164624537587
1.334075152529183e-06,0.277266404774121
1.4452480819066147e-06,0.2772624270604408
1.5564210112840467e-06,0.27725967807658647
1.6675939406614785e-06,0.2772581227948092
1.7787668700389105e-06,0.2772577261873603
1.8899397994163425e-06,0.2772584532264909
2.0011127287937743e-06,0.2772602688844523
2.112285658171206e-06,0.27726313813349573
2.2234585875486383e-06,0.2772670259458724
2.33463151692607e-06,0.27727189729383345
2.445804446303502e-06,0.27727771714963023
2.5569773756809336e-06,0.2772844504855139
2.668150305058366e-06,0.2772920622737357
2.7793232344357976e-06,0.2773005174865469
2.8904961638132294e-06,0.2773097810961986
3.0016690931906616e-06,0.2773198180749421
3.1128420225680934e-06,0.2773305933950287
3.224014951945525e-06,0.27734207202870953
3.335187881322957e-06,0.2773542189482358
3.446360810700389e-06,0.2773669991258588
3.557533740077821e-06,0.2773803775338297
3.6687066694552528e-06,0.2773943191443998
3.779879598832685e-06,0.2774087889298203
3.891052528210116e-06,0.27742375186234236
4.0022254575875485e-06,0.27743917291421727
4.113398386964981e-06,0.2774550170576962
4.224571316342412e-06,0.2774712492650305
4.335744245719844e-06,0.2774878345084712
4.4469171750972765e-06,0.2775047377602697
4.558090104474708e-06,0.2775219239926771
4.66926303385214e-06,0.27753935817794473
4.780435963229572e-06,0.2775570052883237
4.891608892607004e-06,0.2775748302960654
5.002781821984436e-06,0.2775927981734209
5.113954751361867e-06,0.2776108738926415
5.2251276807392995e-06,0.2776290224259784
5.336300610116732e-06,0.2776472087456828
5.447473539494163e-06,0.27766539782400607
5.558646468871595e-06,0.27768355463315963
5.6698193982490274e-06,0.2776942474828286
5.780992327626459e-06,0.2777188431025763
5.892165257003891e-06,0.27776757932875284
6.003338186381323e-06,0.27774884437522984
6.114511115758755e-06,0.27776505143010005
6.225684045136187e-06,0.27778436682370633
6.336856974513619e-06,0.2777947938242684
6.44802990389105e-06,0.27781183181243124
6.559202833268483e-06,0.2778100679080148
6.670375762645914e-06,0.2778369601015793
6.781548692023346e-06,0.27783519769481174
6.892721621400778e-06,0.27784920487623377
7.00389455077821e-06,0.27782654635586396
7.115067480155642e-06,0.27785318266471376
7.226240409533074e-06,0.2778899118035235
7.3374133389105055e-06,0.27788658720797316
7.448586268287938e-06,0.27785686190545433
7.55975919766537e-06,0.27784522272698753
7.670932127042801e-06,0.2778808926498635
7.782105056420233e-06,0.2779117415669387
7.893277985797666e-06,0.27800028014695455
8.004450915175097e-06,0.2780416782526307
8.115623844552528e-06,0.27806142887538804
8.226796773929961e-06,0.27806169533974207
8.337969703307393e-06,0.27811055011587216
8.449142632684824e-06,0.27807510644836625
8.560315562062257e-06,0.27807132868466533
8.671488491439689e-06,0.27796437717551964
8.78266142081712e-06,0.2780604256154128
8.893834350194553e-06,0.2780697890412057
9.005007279571984e-06,0.27809034101373203
9.116180208949416e-06,0.27810301920504615
9.227353138326849e-06,0.2781470731623354
9.33852606770428e-06,0.2781118889422759
9.449698997081712e-06,0.2781173428130646
9.560871926459145e-06,0.27809823373022646
9.672044855836576e-06,0.2780978435780757
9.783217785214007e-06,0.27803139742801936
9.89439071459144e-06,0.27799900740319455
1.0005563643968872e-05,0.2779012532799166
1.0116736573346303e-05,0.2778631907873587
1.0227909502723734e-05,0.27786129520155545
1.0339082432101168e-05,0.27788876783330596
1.0450255361478599e-05,0.27788553114647335
1.056142829085603e-05,0.27783025814724716
1.0672601220233463e-05,0.27782464689525027
1.0783774149610895e-05,0.2777723549046747
1.0894947078988326e-05,0.2777011787929816
1.1006120008365759e-05,0.27763901502279575
1.111729293774319e-05,0.27768696454233355
1.1228465867120622e-05,0.27775632143258
1.1339638796498055e-05,0.27773917215656063
1.1450811725875486e-05,0.2777667203100428
1.1561984655252918e-05,0.27784857525705314
1.167315758463035e-05,0.27785117383402513
1.1784330514007782e-05,0.2778737411055277
1.1895503443385213e-05,0.2779746232676264
1.2006676372762646e-05,0.2779783070547727
1.2117849302140078e-05,0.27793588192454155
1.222902223151751e-05,0.27804997160483125
1.2340195160894942e-05,0.27801058028091397
1.2451368090272374e-05,0.2779554293555391
1.2562541019649805e-05,0.2778922054393693
1.2673713949027238e-05,0.277898764044618
1.278488687840467e-05,0.2778070287985681
1.28960598077821e-05,0.27778348644015893
1.3007232737159532e-05,0.2777490679028611
1.3118405666536965e-05,0.2778198268283923
1.3229578595914397e-05,0.2778027963986815
1.3340751525291828e-05,0.27781941403694815
1.3451924454669261e-05,0.2777710045658672
1.3563097384046692e-05,0.2777662484034051
1.3674270313424124e-05,0.2776397321522093
1.3785443242801557e-05,0.2776349460886487
1.3896616172178988e-05,0.2775862990400124
1.400778910155642e-05,0.277556413806545
1.4118962030933853e-05,0.2775370477955353
1.4230134960311284e-05,0.277549101365244
1.4341307889688715e-05,0.27748873232148
1.4452480819066148e-05,0.27743729620919155
1.456365374844358e-05,0.27748036815468147
1.4674826677821011e-05,0.27740584481879044
1.4785999607198444e-05,0.27736598821418296
1.4897172536575875e-05,0.2773998696252424
1.5008345465953307e-05,0.2774262162659447
1.511951839533074e-05,0.2774178920272112
1.5230691324708171e-05,0.2774735742393087
1.5341864254085603e-05,0.2774302291904469
1.5453037183463034e-05,0.27741603360278966
1.5564210112840465e-05,0.27741813540795496
1.56753830422179e-05,0.27744304345655124
1.578655597159533e-05,0.27742108047042324
1.5897728900972763e-05,0.2774184659085884
1.6008901830350194e-05,0.2774145986635168
1.6120074759727626e-05,0.2774042639984653
1.6231247689105057e-05,0.27741601469047
1.634242061848249e-05,0.27743571697569325
1.6453593547859923e-05,0.2774327865962958
1.6564766477237354e-05,0.27745800837823725
1.6675939406614786e-05,0.27744175213146166
1.6787112335992217e-05,0.2774845103198139
1.689828526536965e-05,0.27747566420647113
1.7009458194747083e-05,0.27747593658552516
1.7120631124124515e-05,0.27750766314295994
1.7231804053501946e-05,0.2775652465101266
1.7342976982879377e-05,0.2775885673832733
1.745414991225681e-05,0.2776250915429769
1.756532284163424e-05,0.27762805474006164
1.767649577101167e-05,0.2776498888244506
1.7787668700389106e-05,0.27773441450453945
1.7898841629766537e-05,0.27780993613725025
1.801001455914397e-05,0.2777883812538287
1.81211874885214e-05,0.27775686120472826
1.823236041789883e-05,0.27783086106909083
1.8343533347276263e-05,0.2778705143432233
1.8454706276653698e-05,0.27791769310042996
1.856587920603113e-05,0.27793201133638173
1.867705213540856e-05,0.27795200247406116
1.8788225064785992e-05,0.2779189174663503
1.8899397994163423e-05,0.27793674901769466
1.9010570923540854e-05,0.27790305543290517
1.912174385291829e-05,0.2778418786826495
1.923291678229572e-05,0.2778215721273813
1.9344089711673152e-05,0.27782593314744136
1.9455262641050583e-05,0.2777900077127974
1.9566435570428015e-05,0.2777665885748535
1.9677608499805446e-05,0.277731027671627
1.978878142918288e-05,0.2777988542627287
1.9899954358560312e-05,0.2778769177887007
2.0011127287937744e-05,0.2778196388368002
2.0122300217315175e-05,0.2778081731795729
2.0233473146692606e-05,0.27780581504819524
2.0344646076070038e-05,0.2778162028998398
2.045581900544747e-05,0.27784603116326356
2.0566991934824904e-05,0.277895811902638
2.0678164864202335e-05,0.2779454393079245
2.0789337793579766e-05,0.27796501926271244
2.0900510722957198e-05,0.27798939257939836
2.101168365233463e-05,0.2779740395355497
2.112285658171206e-05,0.27802561770107914
2.1234029511089495e-05,0.2780940515192773
2.1345202440466927e-05,0.27812499547653696
2.1456375369844358e-05,0.27813025985833867
2.156754829922179e-05,0.27818964452270456
2.167872122859922e-05,0.2782476291746183
2.1789894157976652e-05,0.2782666896861731
2.1901067087354087e-05,0.27825068637542094
2.2012240016731518e-05,0.2783364451359047
2.212341294610895e-05,0.278439284282759
2.223458587548638e-05,0.27847738456085974
2.2345758804863812e-05,0.2785292943268188
2.2456931734241244e-05,0.2784860711423856
2.256810466361868e-05,0.2784924030431732
2.267927759299611e-05,0.2784876277218306
2.279045052237354e-05,0.27850674457083396
2.2901623451750973e-05,0.2784621321201916
2.3012796381128404e-05,0.2784410853614121
2.3123969310505835e-05,0.2784081175474468
2.3235142239883267e-05,0.27840201558796984
2.33463151692607e-05,0.27840439618925167
2.3457488098638133e-05,0.2783559235889777
2.3568661028015564e-05,0.2783044317192565
2.3679833957392995e-05,0.27828749521726975
2.3791006886770427e-05,0.27829473663592913
2.3902179816147858e-05,0.2782908340853424
2.4013352745525293e-05,0.2783488342174629
2.4124525674902724e-05,0.27840521435338217
2.4235698604280156e-05,0.27837507117900084
2.4346871533657587e-05,0.2783726967232444
2.445804446303502e-05,0.2782482468645873
2.456921739241245e-05,0.27824298523030716
2.4680390321789884e-05,0.27824157874651245
2.4791563251167316e-05,0.2782671916827457
2.4902736180544747e-05,0.27828975696244235
2.501390910992218e-05,0.27832456217063983
2.512508203929961e-05,0.2783057717480835
2.523625496867704e-05,0.27829756348209683
2.5347427898054476e-05,0.2783708563217677
2.5458600827431907e-05,0.27833848246394544
2.556977375680934e-05,0.2783596554159703
2.568094668618677e-05,0.2783285573561397
2.57921196155642e-05,0.27831694972240123
2.5903292544941633e-05,0.27829709232874833
2.6014465474319064e-05,0.2783126255214445
2.61256384036965e-05,0.27831788081605763
2.623681133307393e-05,0.2783788551480241
2.634798426245136e-05,0.27833220022117267
2.6459157191828793e-05,0.2783314772196265
2.6570330121206224e-05,0.2783380241019562
2.6681503050583656e-05,0.2784147146141181
2.679267597996109e-05,0.27842070168679556
2.6903848909338522e-05,0.27849038895962663
2.7015021838715953e-05,0.27848309780614916
2.7126194768093385e-05,0.2784721443506607
2.7237367697470816e-05,0.2784818663069375
2.7348540626848247e-05,0.27852183817694026
2.7459713556225682e-05,0.2785462676178992
2.7570886485603113e-05,0.27854739637404075
2.7682059414980545e-05,0.2785741345065739
2.7793232344357976e-05,0.27859681862518193
2.7904405273735408e-05,0.2786703158691974
2.801557820311284e-05,0.2786388116826279
2.8126751132490274e-05,0.2787019055246581
2.8237924061867705e-05,0.2787295464803944
2.8349096991245136e-05,0.2787172643451218
2.8460269920622568e-05,0.27869654252286846
2.857144285e-05,0.2786863826396681
2.868261577937743e-05,0.27868495572686575
2.8793788708754862e-05,0.2787038529141342
2.8904961638132297e-05,0.2787041509239034
2.9016134567509728e-05,0.27873250521428405
2.912730749688716e-05,0.27863919541360416
2.923848042626459e-05,0.2786853948592557
2.9349653355642022e-05,0.2786851181496792
2.9460826285019453e-05,0.27861932051096533
2.9571999214396888e-05,0.2785216026118633
2.968317214377432e-05,0.278519761431622
2.979434507315175e-05,0.2785288459061346
2.9905518002529182e-05,0.27854410982634703
3.0016690931906614e-05,0.2785602038941073
3.0127863861284045e-05,0.2785650802964211
3.023903679066148e-05,0.27856102128458865
3.035020972003891e-05,0.2785584303981377
3.0461382649416342e-05,0.27856184284410906
3.057255557879378e-05,0.2786440527791713
3.0683728508171205e-05,0.27867690248347016
3.079490143754864e-05,0.27865230886222636
3.090607436692607e-05,0.2787021039799131
3.10172472963035e-05,0.2787150578260866
3.112842022568093e-05,0.27871234238819936
3.1239593155058365e-05,0.2787863173272061
3.13507660844358e-05,0.27883235566584436
3.146193901381323e-05,0.27889142414799223
3.157311194319066e-05,0.27890044749599296
3.168428487256809e-05,0.2789427842222375
3.1795457801945526e-05,0.27895431773674045
3.1906630731322954e-05,0.27899354410999117
3.201780366070039e-05,0.2789420225220194
3.212897659007782e-05,0.27889051118721714
3.224014951945525e-05,0.27889594729671957
3.2351322448832686e-05,0.27887364017314853
3.2462495378210114e-05,0.27889213092125753
3.257366830758755e-05,0.27884304236078605
3.268484123696498e-05,0.2788715708722796
3.279601416634241e-05,0.27881395975298756
3.2907187095719846e-05,0.2787608474076067
3.3018360025097274e-05,0.27871336463907664
3.312953295447471e-05,0.2787294234908954
3.324070588385214e-05,0.27866600179674095
3.335187881322957e-05,0.27857980892760953
3.3463051742607006e-05,0.27855441656441665
3.3574224671984434e-05,0.27854383284255496
3.368539760136187e-05,0.2785234708226473
3.37965705307393e-05,0.27848457722564646
3.390774346011673e-05,0.2784530768076708
3.4018916389494166e-05,0.2784367638598999
3.4130089318871594e-05,0.2784783509506534
3.424126224824903e-05,0.27849521815201206
3.435243517762646e-05,0.27849127802973245
3.446360810700389e-05,0.27851039457576376
3.457478103638132e-05,0.27851213028952154
3.4685953965758755e-05,0.27851281409232037
3.479712689513619e-05,0.27856099728688366
3.490829982451362e-05,0.27857006080722735
3.501947275389105e-05,0.2785850381094908
3.513064568326848e-05,0.27854047393110865
3.5241818612645915e-05,0.2784937999663775
3.535299154202334e-05,0.2784433380913771
3.546416447140078e-05,0.2783939200587798
3.557533740077821e-05,0.27834768731634796
3.568651033015564e-05,0.27843389527032064
3.5797683259533075e-05,0.27837904849585476
3.59088561889105e-05,0.27832344914400936
3.602002911828794e-05,0.27827228943319127
3.613120204766537e-05,0.27827891270823757
3.62423749770428e-05,0.2782175893900146
3.6353547906420235e-05,0.2782049300147899
3.646472083579766e-05,0.278196324710836
3.65758937651751e-05,0.27813444447331653
3.6687066694552526e-05,0.2780998371691004
3.679823962392996e-05,0.2780724457388271
3.6909412553307395e-05,0.27812400245227514
3.702058548268482e-05,0.2781572738568616
3.713175841206226e-05,0.27819748894874086
3.7242931341439686e-05,0.2782369407431975
3.735410427081712e-05,0.27815568940029534
3.746527720019455e-05,0.27813708813368765
3.7576450129571984e-05,0.27816051854891566
3.768762305894942e-05,0.27818693523744475
3.7798795988326846e-05,0.2781942557749651
3.790996891770428e-05,0.27814422964320085
3.802114184708171e-05,0.2782019045455928
3.8132314776459144e-05,0.27813753961991866
3.824348770583658e-05,0.27816589402928027
3.8354660635214006e-05,0.2781909990419446
3.846583356459144e-05,0.27818793246902446
3.857700649396887e-05,0.2782082922737171
3.8688179423346304e-05,0.27817224904908683
3.879935235272373e-05,0.2781278394584713
3.891052528210117e-05,0.27806488589049794
3.90216982114786e-05,0.27801506153400507
3.913287114085603e-05,0.27789122869245153
3.9244044070233464e-05,0.2778949375838856
3.935521699961089e-05,0.27783130562417946
3.946638992898833e-05,0.27778313708133306
3.957756285836576e-05,0.27774670842314436
3.968873578774319e-05,0.27764543777744627
3.9799908717120624e-05,0.27764519874024457
3.991108164649805e-05,0.27757010180870717
4.002225457587549e-05,0.2774815469061768
4.0133427505252915e-05,0.2774104004789511
4.024460043463035e-05,0.27736834572381414
4.0355773364007785e-05,0.27733827330797556
4.046694629338521e-05,0.2773343070461298
4.057811922276265e-05,0.2773176466622188
4.0689292152140075e-05,0.2773414950269372
4.080046508151751e-05,0.27736176215716324
4.091163801089494e-05,0.27738553413620326
4.102281094027237e-05,0.2773961531830927
4.113398386964981e-05,0.2773908835420142
4.1245156799027235e-05,0.27738442500673943
4.135632972840467e-05,0.2773617379118297
4.14675026577821e-05,0.27740271762354407
4.157867558715953e-05,0.27746602964974476
4.168984851653697e-05,0.2775127506791664
4.1801021445914396e-05,0.27743435060976035
4.191219437529183e-05,0.277393537556526
4.202336730466926e-05,0.27737667010885664
4.213454023404669e-05,0.27741539967496104
4.224571316342412e-05,0.27734678084823366
4.2356886092801556e-05,0.277304568876797
4.246805902217899e-05,0.2772643559999928
4.257923195155642e-05,0.27721758054096307
4.269040488093385e-05,0.2770864479587842
4.280157781031128e-05,0.2770509384685854
4.2912750739688716e-05,0.2769408521723881
4.3023923669066144e-05,0.2768403974020226
4.313509659844358e-05,0.27670530356277423
4.3246269527821014e-05,0.2766874219123005
4.335744245719844e-05,0.2766679816391312
4.3468615386575876e-05,0.2767081007157719
4.3579788315953304e-05,0.27670247403230974
4.369096124533074e-05,0.27667134053732606
4.3802134174708174e-05,0.2766647434069851
4.39133071040856e-05,0.2766785863402196
4.4024480033463036e-05,0.27668903015434043
4.4135652962840464e-05,0.27673782326661106
4.42468258922179e-05,0.2767200000298894
4.435799882159533e-05,0.27672007146034566
4.446917175097276e-05,0.2767384708827595
4.45803446803502e-05,0.2767342920789421
4.4691517609727625e-05,0.27679198260777843
4.480269053910506e-05,0.2767451620661816
4.491386346848249e-05,0.2767467426216333
4.502503639785992e-05,0.2767804529824608
4.513620932723736e-05,0.2767891277719149
4.5247382256614785e-05,0.2767672678837331
4.535855518599222e-05,0.2767226489383675
4.546972811536965e-05,0.27666991567706267
4.558090104474708e-05,0.27661826350875046
4.569207397412451e-05,0.27659133855883383
4.5803246903501945e-05,0.2765191646136094
4.591441983287938e-05,0.2764513467203898
4.602559276225681e-05,0.2763945864344361
4.613676569163424e-05,0.2763858025686132
4.624793862101167e-05,0.2763505585673342
4.6359111550389105e-05,0.27634480819658497
4.647028447976653e-05,0.2763097269417006
4.658145740914397e-05,0.27624919447482255
4.66926303385214e-05,0.27626313011969345
4.680380326789883e-05,0.27621892269576814
4.6914976197276265e-05,0.2762096775137508
4.7026149126653693e-05,0.27624281736666306
4.713732205603113e-05,0.27629862852355064
4.724849498540856e-05,0.27628620066902543
4.735966791478599e-05,0.2763620589901686
4.7470840844163426e-05,0.27637782434077807
4.7582013773540854e-05,0.2763813791897007
4.769318670291829e-05,0.27639845695956977
4.7804359632295716e-05,0.27642476379446007
4.791553256167315e-05,0.27641544086102887
4.8026705491050586e-05,0.27642748911297343
4.8137878420428014e-05,0.2763998114573061
4.824905134980545e-05,0.27634590234834905
4.8360224279182877e-05,0.2763685501493055
4.847139720856031e-05,0.2763912969373354
4.858257013793774e-05,0.2764312629154243
4.8693743067315174e-05,0.27638090151014794
4.880491599669261e-05,0.276379841512352
4.891608892607004e-05,0.27631763878521604
4.902726185544747e-05,0.2763116318884406
4.91384347848249e-05,0.2762969053439357
4.9249607714202334e-05,0.2762762263797649
4.936078064357977e-05,0.27621807980991314
4.94719535729572e-05,0.27619587971793375
4.958312650233463e-05,0.27617897761303994
4.969429943171206e-05,0.2716448370841347
4.9805472361089494e-05,0.2595207968444804
4.991664529046692e-05,0.2443561030427935
5.002781821984436e-05,0.2288761469152555
5.013899114922179e-05,0.2144454881183994
5.025016407859922e-05,0.20142487750782462
5.0361337007976655e-05,0.1902534900642893
5.047250993735408e-05,0.18090470677281495
5.058368286673152e-05,0.1733104391747781
5.069485579610895e-05,0.16733128781412965
5.080602872548638e-05,0.16287188833655597
5.0917201654863815e-05,0.15978527317209953
5.102837458424124e-05,0.1580356081875336
5.113954751361868e-05,0.1575870235916462
5.1250720442996105e-05,0.15844476155519394
5.136189337237354e-05,0.16070903735939995
5.1473066301750975e-05,0.1644002755992836
5.15842392311284e-05,0.1697272817406969
5.169541216050584e-05,0.17663867900429434
5.1806585089883266e-05,0.18532573250183992
5.19177580192607e-05,0.19567688457846208
5.202893094863813e-05,0.20786408618431645
5.214010387801556e-05,0.22181433982677654
5.2251276807393e-05,0.2375817699939437
5.2362449736770426e-05,0.2548605356663754
5.247362266614786e-05,0.2737373102441669
5.258479559552529e-05,0.2939710111924227
5.269596852490272e-05,0.3154559558813991
5.280714145428016e-05,0.3380695244961195
5.2918314383657586e-05,0.36164012093164055
5.302948731303502e-05,0.3860527687598516
5.314066024241245e-05,0.41129033726213016
5.3251833171789884e-05,0.43723038110625434
5.336300610116731e-05,0.46373413031866384
5.3474179030544746e-05,0.49093088035547294
5.358535195992218e-05,0.5187487539662493
5.369652488929961e-05,0.5471434942421413
5.3807697818677044e-05,0.576202868276145
5.391887074805447e-05,0.606035395992696
5.4030043677431907e-05,0.6364867450898241
5.4141216606809334e-05,0.6677058616274653
5.425238953618677e-05,0.6996415132766367
5.4363562465564204e-05,0.7322398304931643
5.447473539494163e-05,0.7655397976015728
5.458590832431907e-05,0.7993461587976043
5.4697081253696495e-05,0.8336270831479724
5.480825418307393e-05,0.8683277314656694
5.4919427112451364e-05,0.9033925860906317
5.503060004182879e-05,0.9386320460516521
5.514177297120623e-05,0.9739216486188866
5.5252945900583655e-05,1.009288765528267
5.536411882996109e-05,1.0446029281396219
5.547529175933852e-05,1.0799210372416304
5.558646468871595e-05,1.11502757645377
5.569763761809339e-05,1.1499042222506264
5.5808810547470815e-05,1.1847063122984434
5.591998347684825e-05,1.2191606259920627
5.603115640622568e-05,1.253456290621015
5.614232933560311e-05,1.2874905436170114
5.625350226498055e-05,1.321315035211871
5.6364675194357975e-05,1.3547837513377907
5.647584812373541e-05,1.3880375606258344
5.658702105311284e-05,1.4209108987412367
5.669819398249027e-05,1.4535388426666722
5.68093669118677e-05,1.4856508496849972
5.6920539841245135e-05,1.5172921676534048
5.703171277062257e-05,1.548355820466949
5.71428857e-05,1.5788186505765591
5.725405862937743e-05,1.6085802059829017
5.736523155875486e-05,1.637601736923266
5.7476404488132296e-05,1.6657665976959424
5.7587577417509724e-05,1.6930313031937916
5.769875034688716e-05,1.7194476925995588
5.780992327626459e-05,1.7448260012448664
5.792109620564202e-05,1.7691283262736142
5.8032269135019456e-05,1.7924042882653755
5.8143442064396884e-05,1.8145678634264384
5.825461499377432e-05,1.8355027463005804
5.836578792315175e-05,1.8553039758410519
5.847696085252918e-05,1.8738687533844889
5.8588133781906616e-05,1.8912200710970641
5.8699306711284044e-05,1.907301673930264
5.881047964066148e-05,1.9221278253032335
5.892165257003891e-05,1.9355693700816086
5.903282549941634e-05,1.9476197148899097
5.9143998428793776e-05,1.958257495085618
5.9255171358171204e-05,1.967374859892946
5.936634428754864e-05,1.9749449385471014
5.947751721692607e-05,1.980916203529859
5.95886901463035e-05,1.9851385097370704
5.9699863075680936e-05,1.9876095976196624
5.9811036005058364e-05,1.9883964905721112
5.99222089344358e-05,1.987313146405128
6.003338186381323e-05,1.984257070418392
6.014455479319066e-05,1.9793657677299035
6.025572772256809e-05,1.9724638583378262
6.0366900651945525e-05,1.9635232808288914
6.047807358132296e-05,1.9525224832760508
6.058924651070039e-05,1.9394909443994932
6.070041944007782e-05,1.9242110639694636
6.081159236945525e-05,1.9067689288499685
6.0922765298832685e-05,1.892128196137556
6.103393822821011e-05,1.8845630257548742
6.114511115758755e-05,1.8807901487158196
6.125628408696498e-05,1.8787595850218244
6.136745701634241e-05,1.8773452384565288
6.147862994571984e-05,1.8761640434083027
6.158980287509728e-05,1.8748498261306386
6.170097580447471e-05,1.8733640169604604
6.181214873385214e-05,1.8717144429870618
6.192332166322958e-05,1.8700914767065553
6.2034494592607e-05,1.868537374169732
6.214566752198443e-05,1.867284886684272
6.225684045136186e-05,1.8663304357604138
6.23680133807393e-05,1.8657842511080334
6.247918631011673e-05,1.8657741619875785
6.259035923949416e-05,1.8661324353731035
6.27015321688716e-05,1.8668869153045133
6.281270509824903e-05,1.8678419794386034
6.292387802762646e-05,1.8690425002489777
6.303505095700388e-05,1.8702217501212406
6.314622388638133e-05,1.8714895557352422
6.325739681575875e-05,1.8725912874636899
6.336856974513618e-05,1.8734541127787554
6.347974267451362e-05,1.8739502465114386
6.359091560389105e-05,1.8742106347667988
6.370208853326848e-05,1.8741349035360364
6.381326146264591e-05,1.873801657620881
6.392443439202335e-05,1.8731502483378932
6.403560732140078e-05,1.8724095128727742
6.41467802507782e-05,1.871563748763158
6.425795318015565e-05,1.8708116521671256
6.436912610953307e-05,1.8700929977075573
6.44802990389105e-05,1.8694625577621458
6.459147196828794e-05,1.8691349926719163
6.470264489766537e-05,1.8689290792584032
6.48138178270428e-05,1.8689455809968538
6.492499075642023e-05,1.869190920702585
6.503616368579767e-05,1.8696501455593844
6.51473366151751e-05,1.8701200305147234
6.525850954455252e-05,1.8707210537436203
6.536968247392997e-05,1.8712683994071109
6.54808554033074e-05,1.8717551844371514
6.559202833268482e-05,1.8721845842814984
6.570320126206225e-05,1.8723914781937236
6.581437419143969e-05,1.8723894442488678
6.592554712081712e-05,1.8723322920794152
6.603672005019455e-05,1.8721330295796281
6.614789297957199e-05,1.8717435724885871
6.625906590894942e-05,1.871320960406231
6.637023883832685e-05,1.8708804528472514
6.648141176770427e-05,1.8703888890828986
6.659258469708171e-05,1.8699834272242857
6.670375762645914e-05,1.8696397126634954
6.681493055583657e-05,1.8694294329526324
6.692610348521401e-05,1.8693238094084443
6.703727641459144e-05,1.8692864216467138
6.714844934396887e-05,1.8694161804742493
6.72596222733463e-05,1.8696445383682747
6.737079520272374e-05,1.8699124680398018
6.748196813210117e-05,1.8701882298937222
6.75931410614786e-05,1.8705848734720514
6.770431399085604e-05,1.870880753737483
6.781548692023346e-05,1.8711227965242585
6.792665984961089e-05,1.8712608234692192
6.803783277898833e-05,1.871431422746693
6.814900570836576e-05,1.8713858693355128
6.826017863774319e-05,1.871362364627751
6.837135156712062e-05,1.8712114400266968
6.848252449649806e-05,1.8710243024069446
6.859369742587549e-05,1.8707430446482138
6.870487035525291e-05,1.870562297278923
6.881604328463036e-05,1.8703709808175897
6.892721621400778e-05,1.8701054009738218
6.903838914338521e-05,1.8699008915216662
6.914956207276264e-05,1.8698383965026308
6.926073500214008e-05,1.869716724026223
6.937190793151751e-05,1.8697176612928228
6.948308086089494e-05,1.8698496910075546
6.959425379027238e-05,1.869980221296845
6.97054267196498e-05,1.870119413715981
6.981659964902723e-05,1.8702665485671195
6.992777257840466e-05,1.8704434540979247
7.00389455077821e-05,1.8705565027386475
7.015011843715953e-05,1.870706457803915
7.026129136653696e-05,1.870788802963634
7.03724642959144e-05,1.8708012635987783
7.048363722529183e-05,1.8707909410187864
7.059481015466926e-05,1.870791192778253
7.070598308404669e-05,1.8707773371084164
7.081715601342413e-05,1.8707015852561886
7.092832894280155e-05,1.8705931684418649
7.103950187217898e-05,1.8705504122458159
7.115067480155642e-05,1.8704793896571486
7.126184773093385e-05,1.8704977927348378
7.137302066031128e-05,1.870355532595646
7.148419358968871e-05,1.870355516302842
7.159536651906615e-05,1.8703294748590964
7.170653944844358e-05,1.8702957064515837
7.1817712377821e-05,1.8702982971189035
7.192888530719845e-05,1.8703698572542642
7.204005823657588e-05,1.8703841654897646
7.21512311659533e-05,1.8703999739483104
7.226240409533074e-05,1.8704071545198517
7.237357702470817e-05,1.8704218475471284
7.24847499540856e-05,1.8703280601166388
7.259592288346303e-05,1.8702201989546419
7.270709581284047e-05,1.8701259180669287
7.28182687422179e-05,1.870085101425447
7.292944167159533e-05,1.8699413904137294
7.304061460097277e-05,1.8699450170928955
7.31517875303502e-05,1.8698862886862055
7.326296045972762e-05,1.8698648108346192
7.337413338910505e-05,1.8698198360499456
7.348530631848249e-05,1.8697363860569796
7.359647924785992e-05,1.86974688810162
7.370765217723735e-05,1.8697191190381184
7.381882510661479e-05,1.8697746065594467
7.392999803599222e-05,1.8698434689931098
7.404117096536965e-05,1.8699548151045058
7.415234389474707e-05,1.8700273979097248
7.426351682412452e-05,1.8701397422524177
7.437468975350194e-05,1.8701927221840071
7.448586268287937e-05,1.8702283866672464
7.459703561225681e-05,1.8702408451462726
7.470820854163424e-05,1.8702382775107822
7.481938147101167e-05,1.8701957351542056
7.49305544003891e-05,1.8702471739018942
7.504172732976654e-05,1.8701597196146968
7.515290025914397e-05,1.8701621647216142
7.52640731885214e-05,1.8701277049966565
7.537524611789884e-05,1.8700872216631657
7.548641904727626e-05,1.8699715010320974
7.559759197665369e-05,1.8699075974983352
7.570876490603113e-05,1.86983180358314
7.581993783540856e-05,1.869724780222971
7.593111076478599e-05,1.8696935809790418
7.604228369416342e-05,1.8696725601536526
7.615345662354086e-05,1.8696768847452097
7.626462955291829e-05,1.8696528938426509
7.637580248229572e-05,1.8696541234643536
7.648697541167316e-05,1.8696529327148783
7.659814834105058e-05,1.8696431874738166
7.670932127042801e-05,1.8697437909717247
7.682049419980544e-05,1.869756302157365
7.693166712918288e-05,1.869767298584372
7.704284005856031e-05,1.8698587459573737
7.715401298793774e-05,1.8699027160365136
7.726518591731518e-05,1.8699584778007172
7.737635884669261e-05,1.870027306192198
7.748753177607004e-05,1.8700890032831632
7.759870470544746e-05,1.8700516274909116
7.77098776348249e-05,1.870138618877584
7.782105056420233e-05,1.8702194901251237
7.793222349357976e-05,1.8702050677480275
7.80433964229572e-05,1.8702094303547834
7.815456935233463e-05,1.8702755780778844
7.826574228171206e-05,1.870316212656977
7.837691521108949e-05,1.8703516527966486
7.848808814046693e-05,1.8702858464800913
7.859926106984436e-05,1.8703712072892975
7.871043399922178e-05,1.8703420829498194
7.882160692859923e-05,1.870289243706183
7.893277985797665e-05,1.8701470530887843
7.904395278735408e-05,1.8701684563466474
7.915512571673152e-05,1.870053888193089
7.926629864610895e-05,1.869995891122904
7.937747157548638e-05,1.8700075400726264
7.948864450486381e-05,1.8699544468901912
7.959981743424125e-05,1.8699851137340888
7.971099036361868e-05,1.870027193241688
7.98221632929961e-05,1.870011789994373
7.993333622237355e-05,1.869994237329178
8.004450915175097e-05,1.8699954119357711
8.01556820811284e-05,1.870052146935239
8.026685501050583e-05,1.8700963159453072
8.037802793988327e-05,1.8701298771869874
8.04892008692607e-05,1.8702085642862494
8.060037379863813e-05,1.870274629850473
8.071154672801557e-05,1.8703588909689566
8.0822719657393e-05,1.8704494835813188
8.093389258677043e-05,1.870542869082477
8.104506551614785e-05,1.8705318459143256
8.11562384455253e-05,1.8705755752316882
8.126741137490272e-05,1.8706456177849544
8.137858430428015e-05,1.8707273970564786
8.148975723365759e-05,1.8707314627886706
8.160093016303502e-05,1.870759171269354
8.171210309241245e-05,1.8707574894887442
8.182327602178988e-05,1.8708081845734061
8.193444895116732e-05,1.8706860379309105
8.204562188054475e-05,1.8707530949404358
8.215679480992217e-05,1.8707681984210256
8.226796773929961e-05,1.8707013654201476
8.237914066867704e-05,1.870687964545734
8.249031359805447e-05,1.8706479170107702
8.26014865274319e-05,1.8706782226693477
8.271265945680934e-05,1.8707079688620365
8.282383238618677e-05,1.8707230770923384
8.29350053155642e-05,1.8707674898579527
8.304617824494164e-05,1.870798879348111
8.315735117431907e-05,1.8708972411186664
8.32685241036965e-05,1.870981450619377
8.337969703307394e-05,1.8710688695534405
8.349086996245136e-05,1.8711394253006437
8.360204289182879e-05,1.8712677399570488
8.371321582120622e-05,1.8713911531521414
8.382438875058366e-05,1.8715435748160125
8.393556167996109e-05,1.8716652477273437
8.404673460933852e-05,1.871742241373697
8.415790753871596e-05,1.871923670173773
8.426908046809339e-05,1.871974759986339
8.438025339747081e-05,1.8720545819812797
8.449142632684824e-05,1.8720893730130337
8.460259925622568e-05,1.87217639309083
8.471377218560311e-05,1.8722253147258723
8.482494511498054e-05,1.872292407783111
8.493611804435798e-05,1.8723303929446045
8.504729097373541e-05,1.872408893907428
8.515846390311284e-05,1.8723702594809926
8.526963683249027e-05,1.872404259512056
8.53808097618677e-05,1.8723488598156952
8.549198269124513e-05,1.872397640078842
8.560315562062256e-05,1.8723685514101527
8.571432855e-05,1.8723463053183518
8.582550147937743e-05,1.872323954747393
8.593667440875486e-05,1.8723928274526909
8.604784733813229e-05,1.8724635920078827
8.615902026750973e-05,1.8724387702367393
8.627019319688716e-05,1.8725728681091673
8.638136612626459e-05,1.8726874788937544
8.649253905564203e-05,1.8727171962114066
8.660371198501945e-05,1.872790276253165
8.671488491439688e-05,1.8729236440927106
8.682605784377432e-05,1.8730028066794566
8.693723077315175e-05,1.8731786059184374
8.704840370252918e-05,1.873322541301675
8.715957663190661e-05,1.873419455108103
8.727074956128405e-05,1.8735397918307726
8.738192249066148e-05,1.8736363487350047
8.74930954200389e-05,1.8736981190511335
8.760426834941635e-05,1.8738677762514255
8.771544127879378e-05,1.8739780238437764
8.78266142081712e-05,1.87413172953761
8.793778713754863e-05,1.8741966607344638
8.804896006692607e-05,1.8742972408536087
8.81601329963035e-05,1.8743564383439035
8.827130592568093e-05,1.8744610408366964
8.838247885505837e-05,1.8744649582697346
8.84936517844358e-05,1.874494897541907
8.860482471381323e-05,1.8744886463098116
8.871599764319065e-05,1.8745526566149637
8.88271705725681e-05,1.8746299734073961
8.893834350194552e-05,1.874690349071804
8.904951643132295e-05,1.8746258657281902
8.91606893607004e-05,1.874645423820653
8.927186229007782e-05,1.874718845052481
8.938303521945525e-05,1.8747186657308899
8.949420814883268e-05,1.874706616174962
8.960538107821012e-05,1.8747358471142386
8.971655400758755e-05,1.8748006040509027
8.982772693696497e-05,1.8747833309638464
8.993889986634242e-05,1.8748649514031295
9.005007279571984e-05,1.8748948157078713
9.016124572509727e-05,1.8750326812990128
9.027241865447471e-05,1.8750709837353772
9.038359158385214e-05,1.8752129709650098
9.049476451322957e-05,1.875290934854833
9.0605937442607e-05,1.875379765112489
9.071711037198444e-05,1.875422139914162
9.082828330136187e-05,1.8755044495444397
9.09394562307393e-05,1.8754734157777515
9.105062916011674e-05,1.875562573320195
9.116180208949416e-05,1.8755625276126053
9.127297501887159e-05,1.8755899154929334
9.138414794824902e-05,1.875591439760605
9.149532087762646e-05,1.875689711818655
9.160649380700389e-05,1.8756706788952633
9.171766673638132e-05,1.8757331466972362
9.182883966575876e-05,1.875652470168924
9.194001259513619e-05,1.8756579030713854
9.205118552451362e-05,1.875574319210709
9.216235845389104e-05,1.8755908083637356
9.227353138326848e-05,1.875604165281613
9.238470431264591e-05,1.875636947773809
9.249587724202334e-05,1.8755856915994282
9.260705017140078e-05,1.87551045406326
9.271822310077821e-05,1.8754983757044867
9.282939603015564e-05,1.8756012665733206
9.294056895953307e-05,1.8756168309015568
9.305174188891051e-05,1.8756033871367768
9.316291481828794e-05,1.8756884502979188
9.327408774766536e-05,1.8756676582758434
9.33852606770428e-05,1.8757110520124192
9.349643360642023e-05,1.8757473747476092
9.360760653579766e-05,1.8757701360014996
9.37187794651751e-05,1.8758326739682019
9.382995239455253e-05,1.8758830420113148
9.394112532392996e-05,1.875863983728603
9.405229825330739e-05,1.8758524642081782
9.416347118268483e-05,1.875857660601329
9.427464411206226e-05,1.875877983053534
9.438581704143968e-05,1.8758191954298908
9.449698997081713e-05,1.8758742195152438
9.460816290019455e-05,1.875847555742634
9.471933582957198e-05,1.8758200603347326
9.483050875894941e-05,1.8757446142408032
9.494168168832685e-05,1.8757730370156087
9.505285461770428e-05,1.875674335462092
9.516402754708171e-05,1.875686042573209
9.527520047645915e-05,1.8755314689934868
9.538637340583658e-05,1.8755142343753337
9.5497546335214e-05,1.8754595594354089
9.560871926459143e-05,1.8753993700424705
9.571989219396887e-05,1.8753271557201476
9.58310651233463e-05,1.875283290260393
9.594223805272373e-05,1.8752791033618834
9.605341098210117e-05,1.875250599871057
9.61645839114786e-05,1.875210345608509
9.627575684085603e-05,1.8751543285512018
9.638692977023346e-05,1.8751675461917692
9.64981026996109e-05,1.8751464295736333
9.660927562898833e-05,1.8751296429784154
9.672044855836575e-05,1.8750944898494812
9.68316214877432e-05,1.875122416160673
9.694279441712062e-05,1.8752390198500726
9.705396734649805e-05,1.8753318614880161
9.716514027587548e-05,1.8753055621236046
9.727631320525292e-05,1.8753159665915387
9.738748613463035e-05,1.8753811895471002
9.749865906400778e-05,1.875361218911887
9.760983199338522e-05,1.875372887118886
9.772100492276265e-05,1.8754483804860835
9.783217785214007e-05,1.875448847318863
9.794335078151751e-05,1.8754547715147352
9.805452371089494e-05,1.875432067188335
9.816569664027237e-05,1.875402750760879
9.82768695696498e-05,1.8753450124039577
9.838804249902724e-05,1.875351852008934
9.849921542840467e-05,1.8752657857303356
9.86103883577821e-05,1.8752698009204503
9.872156128715954e-05,1.8752123848584767
9.883273421653697e-05,1.8751441139939908
9.89439071459144e-05,1.8750443403040586
9.905508007529182e-05,1.8750339362574817
9.916625300466926e-05,1.8749783865269785
9.927742593404669e-05,1.8749801653096825
9.938859886342412e-05,1.8750130395484261
9.949977179280156e-05,1.8750530860340646
9.961094472217899e-05,1.8750808578152314
9.972211765155642e-05,1.8750964013996956
9.983329058093384e-05,1.8751840586719557
9.994446351031129e-05,1.8751967269388155
0.00010005563643968871,1.8752807468294739
0.00010016680936906614,1.8753518793075523
0.00010027798229844358,1.875500082646716
0.00010038915522782101,1.8756029328547466
0.00010050032815719844,1.8755960864986185
0.00010061150108657587,1.875708502415424
0.00010072267401595331,1.875730718577779
0.00010083384694533074,1.8757337310676714
0.00010094501987470817,1.8758323937534334
0.0001010561928040856,1.875890080468959
0.00010116736573346303,1.875891883153088
0.00010127853866284046,1.8759434263541894
0.0001013897115922179,1.8759631009603488
0.00010150088452159533,1.8759954684658862
0.00010161205745097276,1.8760281740649927
0.00010172323038035019,1.8759736896685522
0.00010183440330972763,1.8759721043911082
0.00010194557623910506,1.8759862308897228
0.00010205674916848249,1.875921469616374
0.00010216792209785993,1.8759567215374813
0.00010227909502723736,1.875953864562693
0.00010239026795661478,1.8760239802513836
0.00010250144088599221,1.876064721790454
0.00010261261381536965,1.8760525308788172
0.00010272378674474708,1.876011369539562
0.00010283495967412451,1.8760634473701592
0.00010294613260350195,1.8761151731205148
0.00010305730553287938,1.8762337657122283
0.0001031684784622568,1.8762814197829907
0.00010327965139163423,1.8764148338139497
0.00010339082432101168,1.876465920500515
0.0001035019972503891,1.8765520228185562
0.00010361317017976653,1.8765334095646615
0.00010372434310914397,1.8766612676518857
0.0001038355160385214,1.8767237916992152
0.00010394668896789883,1.876776504544684
0.00010405786189727626,1.876744168695866
0.0001041690348266537,1.8768401273359832
0.00010428020775603113,1.8768697179296727
0.00010439138068540855,1.876876796819799
0.000104502553614786,1.8768754358176776
0.00010461372654416342,1.8769137408824466
0.00010472489947354085,1.8768714514929599
0.0001048360724029183,1.8769207219523596
0.00010494724533229572,1.876876084423945
0.00010505841826167315,1.8769087775204072
0.00010516959119105058,1.87692754062935
0.00010528076412042802,1.8770021863945656
0.00010539193704980545,1.8769769103576608
0.00010550310997918287,1.8770244647997791
0.00010561428290856032,1.877069036381198
0.00010572545583793774,1.8770505501767294
0.00010583662876731517,1.8770315749195265
0.0001059478016966926,1.877055353442041
0.00010605897462607004,1.877072750444088
0.00010617014755544747,1.8771139895580145
0.0001062813204848249,1.8771503112812031
0.00010639249341420234,1.8771373788411048
0.00010650366634357977,1.8773279788648094
0.0001066148392729572,1.8773098120384402
0.00010672601220233462,1.8773315744530932
0.00010683718513171206,1.8773869644256203
0.00010694835806108949,1.8774112919114043
0.00010705953099046692,1.8774483325942564
0.00010717070391984436,1.8775155234505019
0.00010728187684922179,1.8774809737605875
0.00010739304977859922,1.8775448869833335
0.00010750422270797665,1.8775168760137328
0.00010761539563735409,1.877580501691574
0.00010772656856673152,1.877486629999634
0.00010783774149610894,1.8775335974054876
0.00010794891442548639,1.8774876357059227
0.00010806008735486381,1.8774890066262095
0.00010817126028424124,1.8774568166465564
0.00010828243321361867,1.877429412271431
0.00010839360614299611,1.877404683312519
0.00010850477907237354,1.8773982835527157
0.00010861595200175097,1.877339094879311
0.00010872712493112841,1.877331510357266
0.00010883829786050584,1.8772740806579908
0.00010894947078988326,1.8772339408748302
0.0001090606437192607,1.8771523352473052
0.00010917181664863813,1.8771420820284748
0.00010928298957801556,1.8771446322686518
0.00010939416250739299,1.8770722068051648
0.00010950533543677043,1.8770636937286092
0.00010961650836614786,1.8770840576901182
0.00010972768129552529,1.877168805044896
0.00010983885422490273,1.8772161788540662
0.00010995002715428016,1.877317091309885
0.00011006120008365758,1.877412823555296
0.00011017237301303501,1.8775149195158496
0.00011028354594241245,1.8776123023999578
0.00011039471887178988,1.8776713172173136
0.00011050589180116731,1.877741593221406
0.00011061706473054475,1.8778178612914014
0.00011072823765992218,1.8778580672379266
0.00011083941058929961,1.8779796027465065
0.00011095058351867704,1.8780593765129885
0.00011106175644805448,1.8780900828782534
0.0001111729293774319,1.8780370269355182
0.00011128410230680933,1.878075735682244
0.00011139527523618677,1.8779732763224348
0.0001115064481655642,1.8779642636737273
0.00011161762109494163,1.8778979401058877
0.00011172879402431906,1.8779385913864068
0.0001118399669536965,1.8778522497214936
0.00011195113988307393,1.8778802081601689
0.00011206231281245136,1.8778134885690796
0.0001121734857418288,1.8777988927939144
0.00011228465867120623,1.8776982039128542
0.00011239583160058365,1.8776822837090617
0.0001125070045299611,1.8776304553416623
0.00011261817745933852,1.8776759572958623
0.00011272935038871595,1.8776848977874778
0.00011284052331809338,1.8776693805427418
0.00011295169624747082,1.8777277274186748
0.00011306286917684825,1.8777134035569976
0.00011317404210622568,1.8778012376935793
0.00011328521503560312,1.8778338316375602
0.00011339638796498055,1.8778203911600315
0.00011350756089435797,1.8778762972161194
0.0001136187338237354,1.877844340596798
0.00011372990675311284,1.877889905262337
0.00011384107968249027,1.8779550134566385
0.0001139522526118677,1.878011792927025
0.00011406342554124514,1.8779700568998479
0.00011417459847062257,1.877988603792453
0.0001142857714,1.8779609199797236
0.00011439694432937742,1.8779140994473933
0.00011450811725875487,1.877861798012129
0.0001146192901881323,1.877824053023175
0.00011473046311750972,1.8777807750849635
0.00011484163604688716,1.8778065107845932
0.00011495280897626459,1.8777849638722406
0.00011506398190564202,1.877800144784357
0.00011517515483501945,1.8777885288712866
0.00011528632776439689,1.877772773584711
0.00011539750069377432,1.877759322729152
0.00011550867362315174,1.8777146912605023
0.00011561984655252919,1.8777201740255285
0.00011573101948190661,1.8777401857673623
0.00011584219241128404,1.8777314243495025
0.00011595336534066148,1.877810042501593
0.00011606453827003891,1.8777931096651772
0.00011617571119941634,1.8778462076193954
0.00011628688412879377,1.8778955729670401
0.00011639805705817121,1.8779405243037108
0.00011650922998754864,1.877912457484898
0.00011662040291692607,1.8780337736761727
0.0001167315758463035,1.8780620156219325
0.00011684274877568093,1.8780774593579213
0.00011695392170505836,1.8780890466979012
0.00011706509463443579,1.8781062062358365
0.00011717626756381323,1.878062913938872
0.00011728744049319066,1.8781686459431541
0.00011739861342256809,1.878111632462347
0.00011750978635194553,1.8781933255021068
0.00011762095928132296,1.878136154590149
0.00011773213221070039,1.8780436926063653
0.00011784330514007781,1.8779896257551423
0.00011795447806945526,1.877960378074735
0.00011806565099883268,1.8778925118399519
0.00011817682392821011,1.877981354751934
0.00011828799685758755,1.8778691668266796
0.00011839916978696498,1.8778161496357881
0.00011851034271634241,1.8778152290779193
0.00011862151564571984,1.8777479463921718
0.00011873268857509728,1.8777461542373048
0.0001188438615044747,1.8776810083318627
0.00011895503443385213,1.8776830905580613
0.00011906620736322958,1.8776550483404395
0.000119177380292607,1.8776794801958816
0.00011928855322198443,1.8776625303236638
0.00011939972615136187,1.8776431096697603
0.0001195108990807393,1.8776134619433944
0.00011962207201011673,1.8776672714321248
0.00011973324493949416,1.8777033007931476
0.0001198444178688716,1.8777219160195922
0.00011995559079824903,1.8776943329816123
0.00012006676372762645,1.877739226056294
0.0001201779366570039,1.8777652640112115
0.00012028910958638132,1.877855933813804
0.00012040028251575875,1.8778239671960626
0.00012051145544513618,1.877823762539082
0.00012062262837451362,1.8779601352421689
0.00012073380130389105,1.8780134577239511
0.00012084497423326848,1.8780311856070895
0.00012095614716264592,1.8780920316428555
0.00012106732009202335,1.8779803651667455
0.00012117849302140077,1.8779524339470879
0.0001212896659507782,1.8778517669233212
0.00012140083888015564,1.8778604100056755
0.00012151201180953307,1.8778049631591287
0.0001216231847389105,1.8778108122930874
0.00012173435766828794,1.8777426608638832
0.00012184553059766537,1.8776824564499675
0.0001219567035270428,1.8776461394646229
0.00012206787645642023,1.8775990127457722
0.00012217904938579765,1.8775298648049257
0.0001222902223151751,1.8775460083100728
0.00012240139524455254,1.8775368521673244
0.00012251256817392996,1.8775121541603463
0.0001226237411033074,1.8775790940741603
0.00012273491403268482,1.8775105202930369
0.00012284608696206225,1.877512245213719
0.00012295725989143968,1.877439679072291
0.00012306843282081713,1.8775284344970655
0.00012317960575019456,1.8776061569268498
0.000123290778679572,1.877681469934993
0.00012340195160894942,1.8776826349460964
0.00012351312453832684,1.8777536837621764
0.00012362429746770427,1.8778027273658449
0.0001237354703970817,1.8779445582962093
0.00012384664332645915,1.8779563765597265
0.00012395781625583658,1.8779982630882686
0.000124068989185214,1.878011994312733
0.00012418016211459144,1.8780563026108683
0.00012429133504396887,1.8780350138789363
0.0001244025079733463,1.8780473366618684
0.00012451368090272372,1.8780000999713913
0.00012462485383210118,1.878025086572929
0.0001247360267614786,1.8779678648380422
0.00012484719969085603,1.8779927048830063
0.00012495837262023346,1.8778660257665276
0.0001250695455496109,1.8777579126861907
0.00012518071847898832,1.8776942259238685
0.00012529189140836575,1.8777675096073512
0.0001254030643377432,1.8776829037755243
0.00012551423726712063,1.8776869331068058
0.00012562541019649806,1.877657388171604
0.00012573658312587548,1.8776523337813806
0.0001258477560552529,1.8776710939213983
0.00012595892898463034,1.8777108176151203
0.00012607010191400777,1.8776994704516572
0.00012618127484338522,1.8777083931468146
0.00012629244777276265,1.877714142939094
0.00012640362070214008,1.8778245132058966
0.0001265147936315175,1.877898811314047
0.00012662596656089494,1.8779693339524346
0.00012673713949027236,1.8779734710619482
0.0001268483124196498,1.8779812763013237
0.00012695948534902725,1.878041492164657
0.00012707065827840467,1.8780985596155926
0.0001271818312077821,1.878096767305963
0.00012729300413715953,1.8780882951812419
0.00012740417706653696,1.878018210963598
0.00012751534999591439,1.8779702600253563
0.00012762652292529181,1.8779664058469303
0.00012773769585466927,1.877993885497599
0.0001278488687840467,1.8779400408616784
0.00012796004171342413,1.877902976156486
0.00012807121464280155,1.8779331598707443
0.00012818238757217898,1.877892235057682
0.0001282935605015564,1.8779033371337948
0.00012840473343093384,1.8778806423427166
0.0001285159063603113,1.8778144047721093
0.00012862707928968872,1.877814935946963
0.00012873825221906615,1.877731007682467
0.00012884942514844358,1.8777379096704774
0.000128960598077821,1.8777724845882058
0.00012907177100719843,1.8777744796483713
0.0001291829439365759,1.8778127895733552
0.00012929411686595332,1.8777848302248126
0.00012940528979533074,1.877728254892595
0.00012951646272470817,1.8777700544707814
0.0001296276356540856,1.8777855676187627
0.00012973880858346303,1.8778014501505826
0.00012984998151284045,1.877830378659199
0.0001299611544422179,1.8778482401129144
0.00013007232737159534,1.8777840271884862
0.00013018350030097277,1.8778353841515198
0.0001302946732303502,1.877825991035958
0.00013040584615972762,1.8778395481691277
0.00013051701908910505,1.8778536465190354
0.00013062819201848248,1.8779087482359236
0.00013073936494785993,1.877911428329917
0.00013085053787723736,1.8778852771497714
0.0001309617108066148,1.8777888720044495
0.00013107288373599222,1.877732457621016
0.00013118405666536964,1.877700824082626
0.00013129522959474707,1.877658636632583
0.0001314064025241245,1.8775871585868227
0.00013151757545350196,1.877558471554652
0.00013162874838287938,1.877531170649463
0.0001317399213122568,1.8775564199852528
0.00013185109424163424,1.8774303546387534
0.00013196226717101167,1.877406692852576
0.0001320734401003891,1.877337098200226
0.00013218461302976652,1.8773282773718805
0.00013229578595914398,1.8773861346990228
0.0001324069588885214,1.877416877814648
0.00013251813181789883,1.87746311645596
0.00013262930474727626,1.8774245178496767
0.0001327404776766537,1.8774450594239858
0.00013285165060603112,1.8774464593894935
0.00013296282353540855,1.8775794182557186
0.000133073996464786,1.8776249684756459
0.00013318516939416343,1.877691734741743
0.00013329634232354086,1.8776647095220247
0.00013340751525291829,1.8776987013667077
0.00013351868818229571,1.8776768926521117
0.00013362986111167314,1.8777938068462967
0.00013374103404105057,1.877789421952504
0.00013385220697042802,1.877877586654
0.00013396337989980545,1.8779284263937575
0.00013407455282918288,1.8780206155870394
0.0001341857257585603,1.8780621472134076
0.00013429689868793774,1.8781021908391304
0.00013440807161731516,1.8780247631985048
0.0001345192445466926,1.8780216925073883
0.00013463041747607005,1.878038562870259
0.00013474159040544748,1.8780802647544759
0.0001348527633348249,1.8780351696755009
0.00013496393626420233,1.8780319929433145
0.00013507510919357976,1.8780171008581783
0.0001351862821229572,1.8780277765373525
0.00013529745505233462,1.8779921769766947
0.00013540862798171207,1.8779767828341105
0.0001355198009110895,1.8780217344446146
0.00013563097384046693,1.8779673020181231
0.00013574214676984435,1.8780078942920144
0.00013585331969922178,1.8780058374364004
0.0001359644926285992,1.8780495528054748
0.00013607566555797667,1.8780080968269472
0.0001361868384873541,1.8781063906828162
0.00013629801141673152,1.878243541670389
0.00013640918434610895,1.878310366941288
0.00013652035727548638,1.8783065270128938
0.0001366315302048638,1.878366721958998
0.00013674270313424123,1.878427253162179
0.0001368538760636187,1.8785512179851422
0.00013696504899299612,1.878584323320076
0.00013707622192237354,1.8786616802253984
0.00013718739485175097,1.8786935121504262
0.0001372985677811284,1.878804212523891
0.00013740974071050583,1.8788403309806858
0.00013752091363988326,1.878860864481891
0.0001376320865692607,1.8787794487817764
0.00013774325949863814,1.8787726411773074
0.00013785443242801557,1.8786589943014564
0.000137965605357393,1.8787536697058569
0.00013807677828677042,1.8788273889513363
0.00013818795121614785,1.8788570689746735
0.00013829912414552528,1.8788340696174908
0.00013841029707490273,1.8788465742184073
0.00013852147000428016,1.8788609132784357
0.0001386326429336576,1.8789948069384064
0.00013874381586303502,1.8789846539389434
0.00013885498879241245,1.8789970102170437
0.00013896616172178987,1.8790923240930606
0.0001390773346511673,1.879127422660282
0.00013918850758054476,1.8791669519598901
0.00013929968050992219,1.8792087923365435
0.0001394108534392996,1.8792731360497739
0.00013952202636867704,1.879310040681499
0.00013963319929805447,1.8794069795112198
0.0001397443722274319,1.8794629094013526
0.00013985554515680933,1.8794552332979757
0.00013996671808618678,1.8794842141695924
0.0001400778910155642,1.8795314738953706
0.00014018906394494164,1.8795351235517708
0.00014030023687431906,1.8795567365313919
0.0001404114098036965,1.8796083418635117
0.00014052258273307392,1.8796232821371746
0.00014063375566245135,1.8795907752325287
0.0001407449285918288,1.8795997467726435
0.00014085610152120623,1.8795440707049051
0.00014096727445058366,1.8795368329694662
0.0001410784473799611,1.8794982047870603
0.00014118962030933851,1.8794769069921675
0.00014130079323871594,1.8794563870112786
0.00014141196616809337,1.8794690264011473
0.00014152313909747083,1.8794482698547577
0.00014163431202684825,1.8794196945087005
0.00014174548495622568,1.8793856908334552
0.0001418566578856031,1.8793128080995922
0.00014196783081498054,1.8793366801148361
0.00014207900374435797,1.879315931964506
0.0001421901766737354,1.8793271885667584
0.00014230134960311285,1.8793615572075197
0.00014241252253249028,1.8794259369030404
0.0001425236954618677,1.8794762282819104
0.00014263486839124513,1.879503873916835
0.00014274604132062256,1.8795502137682316
0.00014285721425,1.8796398048433478
0.00014296838717937742,1.8795676063825244
0.00014307956010875487,1.879676651821221
0.0001431907330381323,1.879699444849085
0.00014330190596750973,1.8797445451021468
0.00014341307889688716,1.8797222215909442
0.00014352425182626458,1.879726135325979
0.000143635424755642,1.879695608052474
0.00014374659768501947,1.8797671123238708
0.0001438577706143969,1.8797930898557358
0.00014396894354377432,1.8798425512533468
0.00014408011647315175,1.8798569812291113
0.00014419128940252918,1.8798390690343165
0.0001443024623319066,1.8798571398692094
0.00014441363526128403,1.879806046899753
0.0001445248081906615,1.8797948835831118
0.00014463598112003892,1.879870858696919
0.00014474715404941635,1.8798190846484664
0.00014485832697879377,1.8797567460611855
0.0001449694999081712,1.8797040641090021
0.00014508067283754863,1.879667884433539
0.00014519184576692606,1.879640073188419
0.0001453030186963035,1.8796118701092777
0.00014541419162568094,1.8795818577110583
0.00014552536455505837,1.8795214095861732
0.0001456365374844358,1.879550131981725
0.00014574771041381322,1.8795889081908945
0.00014585888334319065,1.8795543914782122
0.00014597005627256808,1.879521965277386
0.00014608122920194554,1.879561108846139
0.00014619240213132296,1.8795831912613739
0.0001463035750607004,1.879639405811117
0.00014641474799007782,1.8796642776647934
0.00014652592091945525,1.87970189482755
0.00014663709384883268,1.8795721614305148
0.0001467482667782101,1.879613251372112
0.00014685943970758756,1.8796054647702336
0.00014697061263696499,1.8795954119485347
0.00014708178556634241,1.8796253572980826
0.00014719295849571984,1.8796179252155623
0.00014730413142509727,1.8796315530772874
0.0001474153043544747,1.8795722279459957
0.00014752647728385213,1.8794463009818074
0.00014763765021322958,1.8794116439349098
0.000147748823142607,1.8793696996942562
0.00014785999607198444,1.879349377633898
0.00014797116900136187,1.8792295936889372
0.0001480823419307393,1.8791908040979675
0.00014819351486011672,1.8791873267922299
0.00014830468778949415,1.8791264166197228
0.0001484158607188716,1.8790582805399265
0.00014852703364824903,1.878969993274229
0.00014863820657762646,1.87891536173484
0.0001487493795070039,1.8789762022600478
0.00014886055243638132,1.8789604043704546
0.00014897172536575874,1.8789168371572729
0.00014908289829513617,1.8789895469285587
0.00014919407122451363,1.878949756007234
0.00014930524415389106,1.8789207880523293
0.00014941641708326848,1.8789070995091748
0.0001495275900126459,1.8789596692423252
0.00014963876294202334,1.879509038757818
0.00014974993587140077,1.8882753961074092
0.0001498611088007782,1.9019557802236295
0.00014997228173015565,1.9174175957748334
0.00015008345465953308,1.9324618050557274
0.0001501946275889105,1.9461831482152172
0.00015030580051828793,1.9582389203410306
0.00015041697344766536,1.9684427622250515
0.0001505281463770428,1.9767597671369277
0.00015063931930642025,1.983510614782358
0.00015075049223579767,1.9887493614142475
0.0001508616651651751,1.9925509523475047
0.00015097283809455253,1.9950189473295155
0.00015108401102392996,1.9962981165354667
0.00015119518395330738,1.9962403283962542
0.0001513063568826848,1.9948218983621822
0.00015141752981206227,1.991925835874793
0.0001515287027414397,1.987611374255858
0.00015163987567081712,1.9816123952252305
0.00015175104860019455,1.9740576352239378
0.00015186222152957198,1.9647074263223299
0.0001519733944589494,1.953588996686354
0.00015208456738832684,1.9406522125031087
0.0001521957403177043,1.92599217405722
0.00015230691324708172,1.9096770707592599
0.00015241808617645915,1.8916880742986988
0.00015252925910583657,1.8723517363702349
0.000152640432035214,1.8515927242421386
0.00015275160496459143,1.8297160760511764
0.00015286277789396886,1.8068098261871015
0.00015297395082334631,1.7829564967948917
0.00015308512375272374,1.7582270492595837
0.00015319629668210117,1.7327269754775882
0.0001533074696114786,1.70660155883906
0.00015341864254085603,1.6799206746026834
0.00015352981547023345,1.6525276416803163
0.00015364098839961088,1.6245706985589368
0.00015375216132898834,1.5958970368880316
0.00015386333425836576,1.5665868317257194
0.0001539745071877432,1.5365253805440302
0.00015408568011712062,1.5057685673105736
0.00015419685304649805,1.4744278666168074
0.00015430802597587548,1.4422669351253325
0.0001544191989052529,1.4095306632106228
0.00015453037183463036,1.3761981161998846
0.0001546415447640078,1.342270652614896
0.00015475271769338522,1.3079384603932143
0.00015486389062276264,1.2732903440028651
0.00015497506355214007,1.2382413081162766
0.0001550862364815175,1.203125830798461
0.00015519740941089493,1.1678620809207718
0.00015530858234027238,1.1326313974895914
0.0001554197552696498,1.0974146390364106
0.00015553092819902724,1.0623043327260524
0.00015564210112840467,1.0273546779766793
0.0001557532740577821,0.9926436758324365
0.00015586444698715952,0.9580283680392557
0.00015597561991653695,0.923804759623317
0.0001560867928459144,0.88978288443474
0.00015619796577529183,0.8560608606057446
0.00015630913870466926,0.8225752552641727
0.0001564203116340467,0.7894249956445256
0.00015653148456342412,0.7565501447632383
0.00015664265749280155,0.724127954739282
0.00015675383042217897,0.6920482333177879
0.00015686500335155643,0.6604259325932486
0.00015697617628093386,0.6292763040727936
0.00015708734921031128,0.5987177217437444
0.0001571985221396887,0.5688518506848567
0.00015730969506906614,0.5397270693347532
0.00015742086799844357,0.511273799398052
0.000157532040927821,0.4836842625489185
0.00015764321385719845,0.4569819837860371
0.00015775438678657588,0.43129628567610545
0.0001578655597159533,0.4067235291905839
0.00015797673264533074,0.38311145486007825
0.00015808790557470816,0.36056460083662495
0.0001581990785040856,0.3392386855374394
0.00015831025143346305,0.31899011112737885
0.00015842142436284047,0.29992217012112626
0.0001585325972922179,0.28206760738746106
0.00015864377022159533,0.26549879470223575
0.00015875494315097276,0.25025284911823203
0.00015886611608035019,0.23627980828654763
0.00015897728900972761,0.22375338913202933
0.00015908846193910507,0.21263185714919297
0.0001591996348684825,0.2030823076749806
0.00015931080779785993,0.1949433684923382
0.00015942198072723735,0.18840814598810363
0.00015953315365661478,0.18352218471791795
0.0001596443265859922,0.18030207263014345
0.00015975549951536964,0.17883675976895963
0.0001598666724447471,0.17914935392893816
0.00015997784537412452,0.1813282447168195
0.00016008901830350195,0.18543903277845433
0.00016020019123287938,0.19151766544458013
0.0001603113641622568,0.19957678683536878
0.00016042253709163423,0.2095889906857092
0.00016053371002101166,0.2217653084378997
0.00016064488295038912,0.23594409391710253
0.00016075605587976654,0.2522174248001873
0.00016086722880914397,0.27007041521148295
0.0001609784017385214,0.28106401501473244
0.00016108957466789883,0.28687532379648883
0.00016120074759727626,0.28990244374186086
0.00016131192052665368,0.2917764566772247
0.00016142309345603114,0.29326313359068457
0.00016153426638540857,0.29475163688216116
0.000161645439314786,0.29641522755591626
0.00016175661224416342,0.2982426922669087
0.00016186778517354085,0.3000718872908367
0.00016197895810291828,0.3018134540898512
0.0001620901310322957,0.3034066367230819
0.00016220130396167316,0.3046403040803203
0.0001623124768910506,0.30547434812295826
0.00016242364982042802,0.3058318762588904
0.00016253482274980544,0.3057277955157181
0.00016264599567918287,0.30532989052872317
0.0001627571686085603,0.3045063935805977
0.00016286834153793773,0.3034623854616145
0.00016297951446731518,0.3022299191700533
0.0001630906873966926,0.30098183049559446
0.00016320186032607004,0.2997626405500684
0.00016331303325544747,0.2988027438724641
0.0001634242061848249,0.298038734910563
0.00016353537911420232,0.29757637389129904
0.00016364655204357975,0.2975075442482277
0.0001637577249729572,0.29766193245680483
0.00016386889790233463,0.2980606294072668
0.00016398007083171206,0.29869175605808346
0.0001640912437610895,0.2993647245428983
0.00016420241669046692,0.300117222751954
0.00016431358961984435,0.3007822385284042
0.00016442476254922177,0.3014107175400145
0.00016453593547859923,0.30182731213474
0.00016464710840797666,0.3019467497230641
0.00016475828133735409,0.30191569273105745
0.00016486945426673151,0.30159716773541484
0.00016498062719610894,0.3011978149132694
0.00016509180012548637,0.3006158252650342
0.0001652029730548638,0.2999901324654005
0.00016531414598424125,0.29934044972511703
0.00016542531891361868,0.298652965760946
0.0001655364918429961,0.2981404549729226
0.00016564766477237354,0.2976975276325194
0.00016575883770175096,0.29734249235022353
0.0001658700106311284,0.2971713191373815
0.00016598118356050585,0.2971353110043377
0.00016609235648988328,0.297233719245059
0.0001662035294192607,0.2974602277083508
0.00016631470234863813,0.29777824781342593
0.00016642587527801556,0.29798431648209395
0.000166537048207393,0.29825893388838604
0.00016664822113677042,0.2984704382967439
0.00016675939406614787,0.29863414271100036
0.0001668705669955253,0.2987504326784224
0.00016698173992490273,0.29878036892225246
0.00016709291285428015,0.29870697171362043
0.00016720408578365758,0.2985756026226598
0.000167315258713035,0.29821123803772165
0.00016742643164241244,0.29783426962189274
0.0001675376045717899,0.29740850349145054
0.00016764877750116732,0.29701430983309557
0.00016775995043054475,0.29659807527407456
0.00016787112335992218,0.29623635919123165
0.0001679822962892996,0.2959667927987499
0.00016809346921867703,0.29577307320592977
0.00016820464214805446,0.29567016164621635
0.00016831581507743192,0.2956989609045243
0.00016842698800680934,0.2957063226596409
0.00016853816093618677,0.29572382963279886
0.0001686493338655642,0.295867804543184
0.00016876050679494163,0.29597848153294437
0.00016887167972431906,0.2961675015498457
0.00016898285265369648,0.29629270192298807
0.00016909402558307394,0.29636308865683936
0.00016920519851245137,0.29629519962034434
0.0001693163714418288,0.2963140192279034
0.00016942754437120622,0.29611839922088157
0.00016953871730058365,0.29595680511835476
0.00016964989022996108,0.2957873563742492
0.0001697610631593385,0.2956532490130102
0.00016987223608871596,0.2954494517876324
0.0001699834090180934,0.2952975774682126
0.00017009458194747082,0.2952071863573231
0.00017020575487684825,0.29512101818198233
0.00017031692780622567,0.2949972907869479
0.0001704281007356031,0.294916721206688
0.00017053927366498053,0.2948598018652188
0.00017065044659435799,0.29481054688109587
0.0001707616195237354,0.2948009942018666
0.00017087279245311284,0.2948758861337716
0.00017098396538249027,0.2949502808696166
0.0001710951383118677,0.29505831521647713
0.00017120631124124513,0.2950000917632159
0.00017131748417062255,0.2949677207508558
0.0001714286571,0.2949448378349117
0.00017153983002937744,0.2948680048942505
0.00017165100295875486,0.29477429322366
0.0001717621758881323,0.2946104969071702
0.00017187334881750972,0.2945226176405186
0.00017198452174688715,0.29439479932541385
0.00017209569467626458,0.29431952683705564
0.00017220686760564203,0.2942346204767147
0.00017231804053501946,0.294124825246426
0.0001724292134643969,0.293992841852999
0.00017254038639377432,0.29391269852698654
0.00017265155932315174,0.293776382772176
0.00017276273225252917,0.29375958165628224
0.00017287390518190663,0.29371676745889336
0.00017298507811128405,0.2937303666427613
0.00017309625104066148,0.2937786508303912
0.0001732074239700389,0.2937932603712292
0.00017331859689941634,0.2937332718926044
0.00017342976982879377,0.293740905903248
0.0001735409427581712,0.29367932384258405
0.00017365211568754865,0.2936889908072142
0.00017376328861692608,0.2936433242812443
0.0001738744615463035,0.29358531000916765
0.00017398563447568093,0.29347245049463283
0.00017409680740505836,0.29333143703873116
0.0001742079803344358,0.29325507980015186
0.00017431915326381322,0.29322356115297665
0.00017443032619319067,0.29315019175189444
0.0001745414991225681,0.2930998600313164
0.00017465267205194553,0.2930720088365359
0.00017476384498132296,0.2930004977287418
0.00017487501791070038,0.29293049132569643
0.0001749861908400778,0.2929099644908172
0.00017509736376945524,0.2928896353522174
0.0001752085366988327,0.29277116733772285
0.00017531970962821012,0.2927302837193661
0.00017543088255758755,0.29262213713333224
0.00017554205548696498,0.29267361189182617
0.0001756532284163424,0.29258344505372613
0.00017576440134571983,0.29254987997468757
0.00017587557427509726,0.2925952033180354
0.00017598674720447472,0.2925863152122796
0.00017609792013385215,0.29256771157134415
0.00017620909306322957,0.2924910828991264
0.000176320265992607,0.2924355783915882
0.00017643143892198443,0.2924114899846576
0.00017654261185136186,0.2922951081479255
0.00017665378478073929,0.29226106667836865
0.00017676495771011674,0.29218644780380243
0.00017687613063949417,0.2921302991986055
0.0001769873035688716,0.2920892942772881
0.00017709847649824902,0.2920619578436045
0.00017720964942762645,0.2920460797753871
0.00017732082235700388,0.2920542573315248
0.0001774319952863813,0.29205958312577357
0.00017754316821575876,0.2919664705916157
0.0001776543411451362,0.2920059718886491
0.00017776551407451362,0.2920032155154049
0.00017787668700389105,0.29194262469681126
0.00017798785993326848,0.2919461477595655
0.0001780990328626459,0.29187912137920563
0.00017821020579202333,0.29185917034414405
0.0001783213787214008,0.2918148450350158
0.00017843255165077821,0.29162969238476966
0.00017854372458015564,0.29171107511225886
0.00017865489750953307,0.2917002513288343
0.0001787660704389105,0.2916786053672748
0.00017887724336828793,0.2915689467027281
0.00017898841629766535,0.29163838750178345
0.0001790995892270428,0.2916260633455486
0.00017921076215642024,0.2915670311834639
0.00017932193508579767,0.2915587863542846
0.0001794331080151751,0.29159120716679937
0.00017954428094455252,0.29159471589236824
0.00017965545387392995,0.29162252404153954
0.00017976662680330738,0.29161421027345413
0.00017987779973268483,0.2916335721501071
0.00017998897266206226,0.2916467996762856
0.0001801001455914397,0.2916107695216155
0.00018021131852081712,0.29152908997504545
0.00018032249145019454,0.2914971296152289
0.00018043366437957197,0.2914546924201043
0.00018054483730894943,0.2914084406518337
0.00018065601023832686,0.2914370119564832
0.00018076718316770428,0.29138126818576093
0.0001808783560970817,0.29129835468369464
0.00018098952902645914,0.29124837831310063
0.00018110070195583657,0.2911713267021382
0.000181211874885214,0.2911127280825354
0.00018132304781459145,0.29099762626657655
0.00018143422074396888,0.29085279843328793
0.0001815453936733463,0.2908250597470876
0.00018165656660272373,0.29077566020367135
0.00018176773953210116,0.29072279438826265
0.0001818789124614786,0.29067620400765337
0.00018199008539085602,0.2906061639033183
0.00018210125832023347,0.2905248174472189
0.0001822124312496109,0.2904731941046892
0.00018232360417898833,0.29038701266640915
0.00018243477710836576,0.2903528217181466
0.00018254595003774319,0.2903451225973278
0.0001826571229671206,0.29033540393842827
0.00018276829589649804,0.2902390643623416
0.0001828794688258755,0.29025964096499224
0.00018299064175525292,0.2902134471614657
0.00018310181468463035,0.29013589543125723
0.00018321298761400778,0.29003967696528216
0.0001833241605433852,0.28998453005449465
0.00018343533347276264,0.28985291217132536
0.00018354650640214006,0.28977065615795355
0.00018365767933151752,0.2896650145193037
0.00018376885226089495,0.2895860945224713
0.00018388002519027238,0.28955098936210966
0.0001839911981196498,0.2894598449763171
0.00018410237104902723,0.28937307490474556
0.00018421354397840466,0.2892211948769876
0.0001843247169077821,0.2891300700954528
0.00018443588983715954,0.2890290799161552
0.00018454706276653697,0.28901215195566826
0.0001846582356959144,0.2888753922269264
0.00018476940862529183,0.2888741967143236
0.00018488058155466925,0.2886830502852577
0.00018499175448404668,0.28861204970824217
0.0001851029274134241,0.2884585388684882
0.00018521410034280156,0.28841111177322853
0.000185325273272179,0.28834078343846
0.00018543644620155642,0.28826450840777146
0.00018554761913093385,0.2880503987244917
0.00018565879206031128,0.28800482241302944
0.0001857699649896887,0.2878453233105007
0.00018588113791906613,0.28775735870405994
0.0001859923108484436,0.28772550822382925
0.00018610348377782102,0.2876646351477059
0.00018621465670719844,0.28756180511795965
0.00018632582963657587,0.2875031151053389
0.0001864370025659533,0.28745799908472297
0.00018654817549533073,0.28738361929976575
0.00018665934842470816,0.28729385945534036
0.0001867705213540856,0.28723577959254676
0.00018688169428346304,0.28719821622252373
0.00018699286721284047,0.28708298672136223
0.0001871040401422179,0.2869709056443376
0.00018721521307159532,0.2868852501642501
0.00018732638600097275,0.28680400566424735
0.0001874375589303502,0.2867321724790124
0.00018754873185972763,0.28667844340863213
0.00018765990478910506,0.286580236066428
0.0001877710777184825,0.286512201713247
0.00018788225064785992,0.28643763201124434
0.00018799342357723735,0.28630957506034843
0.00018810459650661477,0.286213274835006
0.00018821576943599223,0.28614448162002437
0.00018832694236536966,0.2860494174527245
0.00018843811529474708,0.28598068597683984
0.0001885492882241245,0.28589312776791953
0.00018866046115350194,0.2858024565874259
0.00018877163408287937,0.28580230515149774
0.0001888828070122568,0.2858057581136969
0.00018899397994163425,0.2857845600692333
0.00018910515287101168,0.2858512910115374
0.0001892163258003891,0.28577381805587243
0.00018932749872976654,0.28576772546960344
0.00018943867165914396,0.2857418551433546
0.0001895498445885214,0.28569592163153285
0.00018966101751789882,0.2856947997909837
0.00018977219044727627,0.2855801765950075
0.0001898833633766537,0.28551985306149813
0.00018999453630603113,0.2854821372875396
0.00019010570923540856,0.2855403273435967
0.00019021688216478599,0.28549939792881646
0.00019032805509416341,0.2854279111371632
0.00019043922802354084,0.28540455535020676
0.0001905504009529183,0.2853280792844288
0.00019066157388229573,0.28525340077875805
0.00019077274681167315,0.2851940034046489
0.00019088391974105058,0.2851495093508393
0.000190995092670428,0.28514561381518794
0.00019110626559980544,0.28503850343798787
0.00019121743852918287,0.2850074176468201
0.00019132861145856032,0.2849368616808535
0.00019143978438793775,0.28493287269522627
0.00019155095731731518,0.28491438635678895
0.0001916621302466926,0.2849185571949441
0.00019177330317607003,0.28481930500692976
0.00019188447610544746,0.28479382107850976
0.0001919956490348249,0.28475673688509673
0.00019210682196420234,0.28476118087862695
0.00019221799489357977,0.28475815933845494
0.0001923291678229572,0.28481137067178763
0.00019244034075233463,0.2847978217484021
0.00019255151368171206,0.28483609255656817
0.00019266268661108948,0.284822582899853
0.0001927738595404669,0.28477123390565945
0.00019288503246984437,0.28473107193654956
0.0001929962053992218,0.28471074641682315
0.00019310737832859922,0.284676425660134
0.00019321855125797665,0.28467186620686985
0.00019332972418735408,0.2846602574846225
0.0001934408971167315,0.28460324795116987
0.00019355207004610893,0.2845540232154072
0.0001936632429754864,0.2845293805965103
0.00019377441590486382,0.28446904733354933
0.00019388558883424125,0.28441718689779266
0.00019399676176361867,0.2844262455018052
0.0001941079346929961,0.28434852161007473
0.00019421910762237353,0.28429497897246714
0.00019433028055175096,0.28421339858233663
0.0001944414534811284,0.2841883171181903
0.00019455262641050584,0.28415102191753916
0.00019466379933988327,0.28411426503794884
0.0001947749722692607,0.2840781001122276
0.00019488614519863812,0.28404258077314337
0.00019499731812801555,0.284007760653464
0.000195108491057393,0.2839736933859573
0.00019521966398677043,0.28394043260339114
0.00019533083691614786,0.28390803193853337
0.0001954420098455253,0.28387654502415194
0.00019555318277490272,0.28384602549301463
0.00019566435570428015,0.2838165269778893
0.00019577552863365757,0.28378810311154384
0.00019588670156303503,0.28376080752674615
0.00019599787449241246,0.28373469385626404
0.00019610904742178989,0.28370981573286536
0.00019622022035116731,0.28368622678931804
0.00019633139328054474,0.2836639806583899
0.00019644256620992217,0.28364313097284877
0.0001965537391392996,0.28362373136546254
0.00019666491206867705,0.2836058354689991
0.00019677608499805448,0.28358949691622626
0.0001968872579274319,0.28357476933991194
0.00019699843085680934,0.28356170637282396
0.00019710960378618676,0.28355036164773023
0.0001972207767155642,0.2835407887973985
0.00019733194964494162,0.2835330414545968
0.00019744312257431908,0.28352717325209287
0.0001975542955036965,0.2835232378226546
0.00019766546843307393,0.28352128879904986
0.00019777664136245136,0.2835213798140465
0.0001978878142918288,0.28352356450041244
0.00019799898722120622,0.2835278964909154
0.00019811016015058364,0.2835344294183234
0.0001982213330799611,0.2835432169154043
0.00019833250600933853,0.2835543126149258
0.00019844367893871595,0.2835677701496559
0.00019855485186809338,0.28358364315236245
0.0001986660247974708,0.28360198525581326
0.00019877719772684824,0.28362285009277627
0.00019888837065622567,0.28364629129601926
0.00019899954358560312,0.28367236249831007
0.00019911071651498055,0.2837011173324167
0.00019922188944435798,0.2837326094311069
0.0001993330623737354,0.2837668924271486
0.00019944423530311283,0.28380401995330956
0.00019955540823249026,0.28384404564235777
0.0001996665811618677,0.283887023127061
0.00019977775409124514,0.2839330060401871
0.00019988892702062257,0.28398204801450405
0.00020000009995,0.2840342026827796
