Time,Amplitude
0.0,0.16222699019186637
1.111729293774319e-07,0.16224049524475503
2.223458587548638e-07,0.16225427450599608
3.3351878813229573e-07,0.16226830888145888
4.446917175097276e-07,0.1622825792770127
5.558646468871596e-07,0.16229706659852688
6.670375762645915e-07,0.1623117517518708
7.782105056420233e-07,0.16232661564291373
8.893834350194552e-07,0.16234163917752503
1.0005563643968871e-06,0.162356803261574
1.1117292937743191e-06,0.16237208880093001
1.222902223151751e-06,0.16238747670146234
1.334075152529183e-06,0.16240294786904033
1.4452480819066147e-06,0.16241848320953334
1.5564210112840467e-06,0.16243406362881066
1.6675939406614785e-06,0.16244967003274166
1.7787668700389105e-06,0.16246528332719562
1.8899397994163425e-06,0.16248088441804187
2.0011127287937743e-06,0.16249645421114978
2.112285658171206e-06,0.16251197361238864
2.2234585875486383e-06,0.16252742352762778
2.33463151692607e-06,0.16254278486273657
2.445804446303502e-06,0.16255803852358428
2.5569773756809336e-06,0.16257316541604028
2.668150305058366e-06,0.16258814644597386
2.7793232344357976e-06,0.16260296251925438
2.8904961638132294e-06,0.16261759454175115
3.0016690931906616e-06,0.1626320234193335
3.1128420225680934e-06,0.16264623005787077
3.224014951945525e-06,0.16266019536323229
3.335187881322957e-06,0.16267390024128736
3.446360810700389e-06,0.16268732559790533
3.557533740077821e-06,0.16270045233895553
3.6687066694552528e-06,0.16271326137030726
3.779879598832685e-06,0.16272573359782988
3.891052528210116e-06,0.1627378499273927
4.0022254575875485e-06,0.16274959126486505
4.113398386964981e-06,0.16276093851611625
4.224571316342412e-06,0.16277187258701567
4.335744245719844e-06,0.16278237438343257
4.4469171750972765e-06,0.16279242481123635
4.558090104474708e-06,0.16280200477629628
4.66926303385214e-06,0.1628110951844817
4.780435963229572e-06,0.16281967694166194
4.891608892607004e-06,0.16282773095370634
5.002781821984436e-06,0.16283523812648423
5.113954751361867e-06,0.16284217936586493
5.2251276807392995e-06,0.16284853557771775
5.336300610116732e-06,0.16285428766791205
5.447473539494163e-06,0.16285941654231714
5.558646468871595e-06,0.16286390310677915
5.6698193982490274e-06,0.16288433112299797
5.780992327626459e-06,0.16281272943816474
5.892165257003891e-06,0.1628411273896698
6.003338186381323e-06,0.1628817790317794
6.114511115758755e-06,0.16284327161491044
6.225684045136187e-06,0.16278374218304134
6.336856974513619e-06,0.16277159655803428
6.44802990389105e-06,0.16270754163112197
6.559202833268483e-06,0.1627141914643302
6.670375762645914e-06,0.16274608843515304
6.781548692023346e-06,0.16276901421211193
6.892721621400778e-06,0.1628059573207727
7.00389455077821e-06,0.16272454143811121
7.115067480155642e-06,0.16276290440851288
7.226240409533074e-06,0.16279846610650325
7.3374133389105055e-06,0.16281304595623042
7.448586268287938e-06,0.16282368375115322
7.55975919766537e-06,0.16288002558957546
7.670932127042801e-06,0.16289921018210657
7.782105056420233e-06,0.16283260306860542
7.893277985797666e-06,0.162793895063533
8.004450915175097e-06,0.16284589273862693
8.115623844552528e-06,0.16278150965836644
8.226796773929961e-06,0.16278586993062588
8.337969703307393e-06,0.16275250910508468
8.449142632684824e-06,0.16271273191400684
8.560315562062257e-06,0.16270403321075647
8.671488491439689e-06,0.1626412650728638
8.78266142081712e-06,0.1625753261118976
8.893834350194553e-06,0.16261234145040376
9.005007279571984e-06,0.16251667454124516
9.116180208949416e-06,0.16246336380344686
9.227353138326849e-06,0.1624460826334379
9.33852606770428e-06,0.162385645933902
9.449698997081712e-06,0.16242690406388055
9.560871926459145e-06,0.1623985296461879
9.672044855836576e-06,0.16236957930626897
9.783217785214007e-06,0.16237176517500435
9.89439071459144e-06,0.1623576213547473
1.0005563643968872e-05,0.16226483420979182
1.0116736573346303e-05,0.1622429298761049
1.0227909502723734e-05,0.16231182913670922
1.0339082432101168e-05,0.16229749534259572
1.0450255361478599e-05,0.16226918131681126
1.056142829085603e-05,0.16231459742061405
1.0672601220233463e-05,0.1623216141990382
1.0783774149610895e-05,0.16237766883063634
1.0894947078988326e-05,0.16235481165723084
1.1006120008365759e-05,0.16233275822375806
1.111729293774319e-05,0.16232881830601303
1.1228465867120622e-05,0.1623424512886613
1.1339638796498055e-05,0.1623394988564848
1.1450811725875486e-05,0.16232463640008682
1.1561984655252918e-05,0.16225426580092947
1.167315758463035e-05,0.16222269054596083
1.1784330514007782e-05,0.16218132183495465
1.1895503443385213e-05,0.16218148274601554
1.2006676372762646e-05,0.162172339077315
1.2117849302140078e-05,0.16212808231538203
1.222902223151751e-05,0.16212547744727537
1.2340195160894942e-05,0.16205060777046595
1.2451368090272374e-05,0.16200218887661158
1.2562541019649805e-05,0.16196304597904795
1.2673713949027238e-05,0.16202242411975024
1.278488687840467e-05,0.16204859198299498
1.28960598077821e-05,0.16202085618915757
1.3007232737159532e-05,0.16213488249543762
1.3118405666536965e-05,0.1620786434227615
1.3229578595914397e-05,0.16214164186318697
1.3340751525291828e-05,0.16223557114186812
1.3451924454669261e-05,0.162281377233207
1.3563097384046692e-05,0.16231059023955421
1.3674270313424124e-05,0.16233135218432243
1.3785443242801557e-05,0.1624207696317639
1.3896616172178988e-05,0.16247273309303162
1.400778910155642e-05,0.16253076589507334
1.4118962030933853e-05,0.16253024068391497
1.4230134960311284e-05,0.16260313762528086
1.4341307889688715e-05,0.16266491872525918
1.4452480819066148e-05,0.1627071515312989
1.456365374844358e-05,0.16276944346787603
1.4674826677821011e-05,0.1627964961092378
1.4785999607198444e-05,0.16278066280199235
1.4897172536575875e-05,0.16282430051657165
1.5008345465953307e-05,0.16277118515892802
1.511951839533074e-05,0.1627590354659185
1.5230691324708171e-05,0.16268777032821666
1.5341864254085603e-05,0.16268657935391664
1.5453037183463034e-05,0.1626490363332747
1.5564210112840465e-05,0.16260186473227123
1.56753830422179e-05,0.1625538751007423
1.578655597159533e-05,0.16251957483024726
1.5897728900972763e-05,0.16246100418821446
1.6008901830350194e-05,0.1624118836111727
1.6120074759727626e-05,0.16238835477508046
1.6231247689105057e-05,0.16235846526853054
1.634242061848249e-05,0.16238181890378073
1.6453593547859923e-05,0.1623513441154656
1.6564766477237354e-05,0.16237056815254688
1.6675939406614786e-05,0.16243837528228958
1.6787112335992217e-05,0.16242942589623488
1.689828526536965e-05,0.16241033276848235
1.7009458194747083e-05,0.16249546645249066
1.7120631124124515e-05,0.16253165980048234
1.7231804053501946e-05,0.16256243737165102
1.7342976982879377e-05,0.16258013838779942
1.745414991225681e-05,0.16262021181616493
1.756532284163424e-05,0.1626604350771985
1.767649577101167e-05,0.16265434351916547
1.7787668700389106e-05,0.16262642788260048
1.7898841629766537e-05,0.16264674174656807
1.801001455914397e-05,0.16264408425258148
1.81211874885214e-05,0.16261911779430668
1.823236041789883e-05,0.16267517885515345
1.8343533347276263e-05,0.16267624889597443
1.8454706276653698e-05,0.16264320039053057
1.856587920603113e-05,0.16263691451032095
1.867705213540856e-05,0.162586208738675
1.8788225064785992e-05,0.16252333894222679
1.8899397994163423e-05,0.16245747991432538
1.9010570923540854e-05,0.16248137590318906
1.912174385291829e-05,0.16247063951403024
1.923291678229572e-05,0.16242639759292285
1.9344089711673152e-05,0.1624598269339778
1.9455262641050583e-05,0.16241382725804904
1.9566435570428015e-05,0.16241456133487533
1.9677608499805446e-05,0.16240794343946438
1.978878142918288e-05,0.1623480956836028
1.9899954358560312e-05,0.16235293961621622
2.0011127287937744e-05,0.16234853973650293
2.0122300217315175e-05,0.16232548544982361
2.0233473146692606e-05,0.1623585541799751
2.0344646076070038e-05,0.1624193326578188
2.045581900544747e-05,0.16240759635989196
2.0566991934824904e-05,0.16252271084464076
2.0678164864202335e-05,0.1625247754025223
2.0789337793579766e-05,0.16256104267313418
2.0900510722957198e-05,0.162556646493709
2.101168365233463e-05,0.16256168670086762
2.112285658171206e-05,0.16257566182796887
2.1234029511089495e-05,0.16260787066316235
2.1345202440466927e-05,0.16259348973654328
2.1456375369844358e-05,0.16256472202753658
2.156754829922179e-05,0.16258226032439443
2.167872122859922e-05,0.16253304780537492
2.1789894157976652e-05,0.1625845686019784
2.1901067087354087e-05,0.16260809701637954
2.2012240016731518e-05,0.16263501382107437
2.212341294610895e-05,0.16262532072471314
2.223458587548638e-05,0.16262453443527772
2.2345758804863812e-05,0.16263943696041502
2.2456931734241244e-05,0.16263242078374424
2.256810466361868e-05,0.16258248432347325
2.267927759299611e-05,0.16258201156979712
2.279045052237354e-05,0.16260805756530572
2.2901623451750973e-05,0.16263580082769502
2.3012796381128404e-05,0.16269185341092005
2.3123969310505835e-05,0.16276348994702053
2.3235142239883267e-05,0.16280560176763828
2.33463151692607e-05,0.16280546247909009
2.3457488098638133e-05,0.16284226181813127
2.3568661028015564e-05,0.1629201702270685
2.3679833957392995e-05,0.16293269580937686
2.3791006886770427e-05,0.1630335000168427
2.3902179816147858e-05,0.16304219207650558
2.4013352745525293e-05,0.1630956571438408
2.4124525674902724e-05,0.163140416271442
2.4235698604280156e-05,0.16310685311773443
2.4346871533657587e-05,0.16311644535231123
2.445804446303502e-05,0.16310626866083003
2.456921739241245e-05,0.16307859587720586
2.4680390321789884e-05,0.16305356438121388
2.4791563251167316e-05,0.16310869334546063
2.4902736180544747e-05,0.163130880168333
2.501390910992218e-05,0.16307922607859682
2.512508203929961e-05,0.16305772837197313
2.523625496867704e-05,0.16306452953889905
2.5347427898054476e-05,0.16302909481816633
2.5458600827431907e-05,0.16296270474923633
2.556977375680934e-05,0.16288881937923752
2.568094668618677e-05,0.162843023057845
2.57921196155642e-05,0.16279352144436876
2.5903292544941633e-05,0.16280203757663642
2.6014465474319064e-05,0.16278578747738193
2.61256384036965e-05,0.16278632195525006
2.623681133307393e-05,0.16279136807156483
2.634798426245136e-05,0.16279667230727055
2.6459157191828793e-05,0.16278873998190538
2.6570330121206224e-05,0.1627447857194357
2.6681503050583656e-05,0.16279087875066575
2.679267597996109e-05,0.1628204432808521
2.6903848909338522e-05,0.16283515494851009
2.7015021838715953e-05,0.1629069926633538
2.7126194768093385e-05,0.16288377823828346
2.7237367697470816e-05,0.16289062363555457
2.7348540626848247e-05,0.1629700472009362
2.7459713556225682e-05,0.1630202796402974
2.7570886485603113e-05,0.1630181582054565
2.7682059414980545e-05,0.1630724615744658
2.7793232344357976e-05,0.16301492699864836
2.7904405273735408e-05,0.1630627647786346
2.801557820311284e-05,0.1630623825902975
2.8126751132490274e-05,0.16307020457633245
2.8237924061867705e-05,0.16302529278438857
2.8349096991245136e-05,0.16298160327457942
2.8460269920622568e-05,0.16294476362270463
2.857144285e-05,0.1629278525484463
2.868261577937743e-05,0.16294639304234013
2.8793788708754862e-05,0.16288998206761174
2.8904961638132297e-05,0.16287015578959244
2.9016134567509728e-05,0.16292579245434372
2.912730749688716e-05,0.1629160753705705
2.923848042626459e-05,0.16283492397505311
2.9349653355642022e-05,0.1628175576241624
2.9460826285019453e-05,0.1627950579676009
2.9571999214396888e-05,0.16279404323430913
2.968317214377432e-05,0.16271849647834452
2.979434507315175e-05,0.16273718421364405
2.9905518002529182e-05,0.16276095836879784
3.0016690931906614e-05,0.16281713121795424
3.0127863861284045e-05,0.16286756470709557
3.023903679066148e-05,0.1629012809144449
3.035020972003891e-05,0.16289692711610598
3.0461382649416342e-05,0.16287379745423938
3.057255557879378e-05,0.16287545513300797
3.0683728508171205e-05,0.1629009191526714
3.079490143754864e-05,0.16295715413732717
3.090607436692607e-05,0.1629883142060984
3.10172472963035e-05,0.16303740092434252
3.112842022568093e-05,0.16308052449743268
3.1239593155058365e-05,0.16309869247312145
3.13507660844358e-05,0.16318428368467244
3.146193901381323e-05,0.16316292242865227
3.157311194319066e-05,0.1631258806235328
3.168428487256809e-05,0.163158377248289
3.1795457801945526e-05,0.16314392252340063
3.1906630731322954e-05,0.16305995625058925
3.201780366070039e-05,0.1630594853710579
3.212897659007782e-05,0.1630893799635483
3.224014951945525e-05,0.16305532511002532
3.2351322448832686e-05,0.16303498531763477
3.2462495378210114e-05,0.1630452238807303
3.257366830758755e-05,0.16305008745403698
3.268484123696498e-05,0.16300866080880705
3.279601416634241e-05,0.16308422986551105
3.2907187095719846e-05,0.1631198666579117
3.3018360025097274e-05,0.16310284460155208
3.312953295447471e-05,0.16304508342552862
3.324070588385214e-05,0.1630291326718483
3.335187881322957e-05,0.1630470366159079
3.3463051742607006e-05,0.1630885472182751
3.3574224671984434e-05,0.1630751502343315
3.368539760136187e-05,0.16308567875377772
3.37965705307393e-05,0.1631644445703312
3.390774346011673e-05,0.16321125700766115
3.4018916389494166e-05,0.16324710277470425
3.4130089318871594e-05,0.16327229941370522
3.424126224824903e-05,0.16329291862510228
3.435243517762646e-05,0.1632014702625668
3.446360810700389e-05,0.16315108397657607
3.457478103638132e-05,0.16319788666687815
3.4685953965758755e-05,0.16316989623620137
3.479712689513619e-05,0.16312829991228212
3.490829982451362e-05,0.16308605343335753
3.501947275389105e-05,0.163055063725838
3.513064568326848e-05,0.16304684691476634
3.5241818612645915e-05,0.16295923426549183
3.535299154202334e-05,0.16298216217371642
3.546416447140078e-05,0.1629730913816575
3.557533740077821e-05,0.16300067341871347
3.568651033015564e-05,0.16297578913891947
3.5797683259533075e-05,0.16300914033114938
3.59088561889105e-05,0.16304529316257074
3.602002911828794e-05,0.16307227569478575
3.613120204766537e-05,0.16300691272407275
3.62423749770428e-05,0.16305736965519363
3.6353547906420235e-05,0.1630846096062568
3.646472083579766e-05,0.16311228920028825
3.65758937651751e-05,0.1631580854807874
3.6687066694552526e-05,0.16328032630349293
3.679823962392996e-05,0.16326941047673993
3.6909412553307395e-05,0.16326163694419868
3.702058548268482e-05,0.1633229226420841
3.713175841206226e-05,0.16332696742993705
3.7242931341439686e-05,0.1633286240208151
3.735410427081712e-05,0.1633449866851381
3.746527720019455e-05,0.1633401420755974
3.7576450129571984e-05,0.16336867769791039
3.768762305894942e-05,0.1634148579745623
3.7798795988326846e-05,0.16338586854969672
3.790996891770428e-05,0.16336431105084226
3.802114184708171e-05,0.1633283781421382
3.8132314776459144e-05,0.1632977888511976
3.824348770583658e-05,0.16320305323174367
3.8354660635214006e-05,0.16318615841002948
3.846583356459144e-05,0.16321000416244957
3.857700649396887e-05,0.16318176110270444
3.8688179423346304e-05,0.16307939200135757
3.879935235272373e-05,0.163027012118645
3.891052528210117e-05,0.16297048611534892
3.90216982114786e-05,0.16296603016887268
3.913287114085603e-05,0.16288611262977326
3.9244044070233464e-05,0.16286784229345366
3.935521699961089e-05,0.16285165427344941
3.946638992898833e-05,0.16287097767434566
3.957756285836576e-05,0.16289168564492013
3.968873578774319e-05,0.16289994068493854
3.9799908717120624e-05,0.16286422314402899
3.991108164649805e-05,0.16281331763897283
4.002225457587549e-05,0.1627862858719766
4.0133427505252915e-05,0.1629002969669964
4.024460043463035e-05,0.16285927812686088
4.0355773364007785e-05,0.1628005237473599
4.046694629338521e-05,0.16282797638389596
4.057811922276265e-05,0.1628323350764936
4.0689292152140075e-05,0.1628643362698299
4.080046508151751e-05,0.1628844806362922
4.091163801089494e-05,0.16294767405210334
4.102281094027237e-05,0.16294816221333733
4.113398386964981e-05,0.16295152886629494
4.1245156799027235e-05,0.1629525456737183
4.135632972840467e-05,0.16294460964962204
4.14675026577821e-05,0.16289944038104653
4.157867558715953e-05,0.1629240224890441
4.168984851653697e-05,0.16303242932886483
4.1801021445914396e-05,0.1629989325977464
4.191219437529183e-05,0.1630037000519275
4.202336730466926e-05,0.16297783663230278
4.213454023404669e-05,0.16298506830169157
4.224571316342412e-05,0.16296361348729538
4.2356886092801556e-05,0.1629313862530954
4.246805902217899e-05,0.16290406178203307
4.257923195155642e-05,0.16282309375694656
4.269040488093385e-05,0.16289396102484363
4.280157781031128e-05,0.16289267199960827
4.2912750739688716e-05,0.16285798332397375
4.3023923669066144e-05,0.16281597601833908
4.313509659844358e-05,0.16286020161047585
4.3246269527821014e-05,0.16285279290504848
4.335744245719844e-05,0.16282937848092804
4.3468615386575876e-05,0.16287372949627876
4.3579788315953304e-05,0.1628616504430995
4.369096124533074e-05,0.16287333805348767
4.3802134174708174e-05,0.16290782444672944
4.39133071040856e-05,0.16288920879489976
4.4024480033463036e-05,0.1628581862740759
4.4135652962840464e-05,0.16282668215741045
4.42468258922179e-05,0.16279565283521139
4.435799882159533e-05,0.16281521687033298
4.446917175097276e-05,0.16282242141606523
4.45803446803502e-05,0.1628351366465058
4.4691517609727625e-05,0.16283255576236288
4.480269053910506e-05,0.16282128193693834
4.491386346848249e-05,0.16278749434912795
4.502503639785992e-05,0.16276587406142795
4.513620932723736e-05,0.1627187317480136
4.5247382256614785e-05,0.16270803570654632
4.535855518599222e-05,0.16276806851941883
4.546972811536965e-05,0.16277990655433192
4.558090104474708e-05,0.1627819323867181
4.569207397412451e-05,0.1628187958732719
4.5803246903501945e-05,0.16278440966197338
4.591441983287938e-05,0.16279905189540417
4.602559276225681e-05,0.1628294554122916
4.613676569163424e-05,0.1629248425978576
4.624793862101167e-05,0.16296743771457847
4.6359111550389105e-05,0.16305178844529655
4.647028447976653e-05,0.16310615182955046
4.658145740914397e-05,0.16310281149080058
4.66926303385214e-05,0.16320932362049695
4.680380326789883e-05,0.1632240509716042
4.6914976197276265e-05,0.16324936041320925
4.7026149126653693e-05,0.16325968881831193
4.713732205603113e-05,0.16324626134242057
4.724849498540856e-05,0.16319877318162648
4.735966791478599e-05,0.16326447448980902
4.7470840844163426e-05,0.16326788784929452
4.7582013773540854e-05,0.16330364821028812
4.769318670291829e-05,0.16324875484325313
4.7804359632295716e-05,0.16319119615682365
4.791553256167315e-05,0.163102489855606
4.8026705491050586e-05,0.16316590856852892
4.8137878420428014e-05,0.163223816071176
4.824905134980545e-05,0.16320636006145237
4.8360224279182877e-05,0.16312338901068232
4.847139720856031e-05,0.16314355125861596
4.858257013793774e-05,0.16313072388663816
4.8693743067315174e-05,0.16314783210621253
4.880491599669261e-05,0.1630813584136718
4.891608892607004e-05,0.16301806042262643
4.902726185544747e-05,0.16304114171279352
4.91384347848249e-05,0.16301502601412635
4.9249607714202334e-05,0.1630109942586802
4.936078064357977e-05,0.16300811145108454
4.94719535729572e-05,0.16305994728290507
4.958312650233463e-05,0.16308384995183126
4.969429943171206e-05,0.15812484712585897
4.9805472361089494e-05,0.14515265322330428
4.991664529046692e-05,0.12909913851564164
5.002781821984436e-05,0.11264510343502294
5.013899114922179e-05,0.09718941722679064
5.025016407859922e-05,0.08341372133857684
5.0361337007976655e-05,0.07150998935166679
5.047250993735408e-05,0.06161346668981724
5.058368286673152e-05,0.05356209665288704
5.069485579610895e-05,0.04721485633856291
5.080602872548638e-05,0.04243840792053813
5.0917201654863815e-05,0.03909793427463066
5.102837458424124e-05,0.037215848918226775
5.113954751361868e-05,0.03669981343545971
5.1250720442996105e-05,0.03750941860045281
5.136189337237354e-05,0.039688801023844686
5.1473066301750975e-05,0.04352951274190034
5.15842392311284e-05,0.04903874109287898
5.169541216050584e-05,0.056346708432495694
5.1806585089883266e-05,0.06549377949204316
5.19177580192607e-05,0.07651229797655695
5.202893094863813e-05,0.08945770492388916
5.214010387801556e-05,0.1043122002168614
5.2251276807393e-05,0.12098799371840735
5.2362449736770426e-05,0.13945611598366195
5.247362266614786e-05,0.15951762311200182
5.258479559552529e-05,0.18122237691864457
5.269596852490272e-05,0.20424494975199586
5.280714145428016e-05,0.22855766025525528
5.2918314383657586e-05,0.25380123511353
5.302948731303502e-05,0.2800986975092206
5.314066024241245e-05,0.3071309165233707
5.3251833171789884e-05,0.33490823734954345
5.336300610116731e-05,0.3633952175956341
5.3474179030544746e-05,0.39253227131591173
5.358535195992218e-05,0.42231757382484764
5.369652488929961e-05,0.45279441362883327
5.3807697818677044e-05,0.48388487144696024
5.391887074805447e-05,0.5157253819630495
5.4030043677431907e-05,0.5482658923630421
5.4141216606809334e-05,0.5815289385450159
5.425238953618677e-05,0.6156176442278605
5.4363562465564204e-05,0.6504331034108624
5.447473539494163e-05,0.6858949235457771
5.458590832431907e-05,0.7219690086924148
5.4697081253696495e-05,0.7584887834972504
5.480825418307393e-05,0.7955277143769064
5.4919427112451364e-05,0.8329136298494659
5.503060004182879e-05,0.8705064573349031
5.514177297120623e-05,0.908378620222396
5.5252945900583655e-05,0.9462681902982223
5.536411882996109e-05,0.9841978404194696
5.547529175933852e-05,1.0219499437643698
5.558646468871595e-05,1.0596185247400862
5.569763761809339e-05,1.0970865614979055
5.5808810547470815e-05,1.1343189630481971
5.591998347684825e-05,1.1712990589457213
5.603115640622568e-05,1.208035480065047
5.614232933560311e-05,1.2445575627083572
5.625350226498055e-05,1.2807290773586728
5.6364675194357975e-05,1.3166003301922398
5.647584812373541e-05,1.3520988678115904
5.658702105311284e-05,1.387209660176208
5.669819398249027e-05,1.4219463451946093
5.68093669118677e-05,1.456244812912317
5.6920539841245135e-05,1.49004353022507
5.703171277062257e-05,1.5233049337114921
5.71428857e-05,1.5557943317019496
5.725405862937743e-05,1.5875439282700492
5.736523155875486e-05,1.6185854996667002
5.7476404488132296e-05,1.6486794756940304
5.7587577417509724e-05,1.6777903015819033
5.769875034688716e-05,1.7059326013979135
5.780992327626459e-05,1.7331139925109844
5.792109620564202e-05,1.7590719941178876
5.8032269135019456e-05,1.783944362308807
5.8143442064396884e-05,1.807558941912945
5.825461499377432e-05,1.829995447700807
5.836578792315175e-05,1.8511655534791889
5.847696085252918e-05,1.871074894408811
5.8588133781906616e-05,1.8896324044259318
5.8699306711284044e-05,1.9068587697382289
5.881047964066148e-05,1.9226096233382652
5.892165257003891e-05,1.9370466723941884
5.903282549941634e-05,1.950001717007537
5.9143998428793776e-05,1.9613587022301682
5.9255171358171204e-05,1.9710917917200563
5.936634428754864e-05,1.9791430583244076
5.947751721692607e-05,1.9854454826554335
5.95886901463035e-05,1.990073920370314
5.9699863075680936e-05,1.9928253732525711
5.9811036005058364e-05,1.9936123214370072
5.99222089344358e-05,1.9924349712528782
6.003338186381323e-05,1.9892624610831242
6.014455479319066e-05,1.9840639667254878
6.025572772256809e-05,1.97671368333737
6.0366900651945525e-05,1.9672446450017405
6.047807358132296e-05,1.9555528640627218
6.058924651070039e-05,1.9416082375305348
6.070041944007782e-05,1.925286258131278
6.081159236945525e-05,1.9066431156448473
6.0922765298832685e-05,1.8910509958404513
6.103393822821011e-05,1.8829306938275456
6.114511115758755e-05,1.878820305688469
6.125628408696498e-05,1.8765492590819284
6.136745701634241e-05,1.8750088946795773
6.147862994571984e-05,1.873595263490123
6.158980287509728e-05,1.872081443523788
6.170097580447471e-05,1.8703908870183368
6.181214873385214e-05,1.8685622770419001
6.192332166322958e-05,1.8667182685552275
6.2034494592607e-05,1.8650756247915177
6.214566752198443e-05,1.8636657900374316
6.225684045136186e-05,1.8626345306192063
6.23680133807393e-05,1.8620218755341884
6.247918631011673e-05,1.8620159350551384
6.259035923949416e-05,1.8624193822144077
6.27015321688716e-05,1.8632861223950146
6.281270509824903e-05,1.8644425095842174
6.292387802762646e-05,1.865836872297589
6.303505095700388e-05,1.8673131258890816
6.314622388638133e-05,1.8687365032735044
6.325739681575875e-05,1.869950815125439
6.336856974513618e-05,1.8709555992309448
6.347974267451362e-05,1.871694206960108
6.359091560389105e-05,1.8720622833729008
6.370208853326848e-05,1.872148309093562
6.381326146264591e-05,1.8718282233149293
6.392443439202335e-05,1.871280630818198
6.403560732140078e-05,1.870509797829742
6.41467802507782e-05,1.8696030422114336
6.425795318015565e-05,1.8686840993199552
6.436912610953307e-05,1.867912990506923
6.44802990389105e-05,1.8672241021862992
6.459147196828794e-05,1.8667534177957132
6.470264489766537e-05,1.8665125589005098
6.48138178270428e-05,1.8665630804870674
6.492499075642023e-05,1.8667656600334943
6.503616368579767e-05,1.8672485239830046
6.51473366151751e-05,1.8678095354428594
6.525850954455252e-05,1.8684345681397834
6.536968247392997e-05,1.8691315152464631
6.54808554033074e-05,1.869693093635
6.559202833268482e-05,1.8702084030498525
6.570320126206225e-05,1.8705235294001905
6.581437419143969e-05,1.8706883625300716
6.592554712081712e-05,1.870761775790829
6.603672005019455e-05,1.870673213749604
6.614789297957199e-05,1.870460731164525
6.625906590894942e-05,1.8701609542319253
6.637023883832685e-05,1.8697426005058362
6.648141176770427e-05,1.8693524858198505
6.659258469708171e-05,1.868965372084491
6.670375762645914e-05,1.8686856050346985
6.681493055583657e-05,1.868393769461332
6.692610348521401e-05,1.8681203207722328
6.703727641459144e-05,1.8680554113889887
6.714844934396887e-05,1.8681167528171552
6.72596222733463e-05,1.8683017680481622
6.737079520272374e-05,1.868459682035789
6.748196813210117e-05,1.8686724071749978
6.75931410614786e-05,1.8689067069672454
6.770431399085604e-05,1.8692314068170228
6.781548692023346e-05,1.8695110254862846
6.792665984961089e-05,1.8696624805217459
6.803783277898833e-05,1.8697898747625008
6.814900570836576e-05,1.8697779097914364
6.826017863774319e-05,1.8696462061579686
6.837135156712062e-05,1.8695818463955158
6.848252449649806e-05,1.8694521040252905
6.859369742587549e-05,1.869181774348916
6.870487035525291e-05,1.8689309496855386
6.881604328463036e-05,1.868754631153502
6.892721621400778e-05,1.8686676461677925
6.903838914338521e-05,1.8685509247192555
6.914956207276264e-05,1.8684706900815948
6.926073500214008e-05,1.8684006673127356
6.937190793151751e-05,1.8685261606284784
6.948308086089494e-05,1.8686087755180916
6.959425379027238e-05,1.8687463213361932
6.97054267196498e-05,1.8689554518598732
6.981659964902723e-05,1.8691794047770698
6.992777257840466e-05,1.8693374707324633
7.00389455077821e-05,1.8696276761684387
7.015011843715953e-05,1.869728991227931
7.026129136653696e-05,1.8698153790334924
7.03724642959144e-05,1.8698846920755066
7.048363722529183e-05,1.8699432933392668
7.059481015466926e-05,1.8699494560357048
7.070598308404669e-05,1.8699617719058084
7.081715601342413e-05,1.8698285858115096
7.092832894280155e-05,1.8696857179907351
7.103950187217898e-05,1.8696367021038567
7.115067480155642e-05,1.8695374552930584
7.126184773093385e-05,1.8694500989919913
7.137302066031128e-05,1.8693582916999407
7.148419358968871e-05,1.8692832414350233
7.159536651906615e-05,1.8692374673566217
7.170653944844358e-05,1.8691358415443753
7.1817712377821e-05,1.869083468147961
7.192888530719845e-05,1.8691348295345176
7.204005823657588e-05,1.8692079881456336
7.21512311659533e-05,1.8692649265549381
7.226240409533074e-05,1.8693923269821482
7.237357702470817e-05,1.869394747707588
7.24847499540856e-05,1.8693998173773745
7.259592288346303e-05,1.8694089157462999
7.270709581284047e-05,1.8694290186714202
7.28182687422179e-05,1.869412361410955
7.292944167159533e-05,1.8693664316501513
7.304061460097277e-05,1.8693502793126633
7.31517875303502e-05,1.869284964589222
7.326296045972762e-05,1.8692103809583485
7.337413338910505e-05,1.8691658914674538
7.348530631848249e-05,1.8690701769460885
7.359647924785992e-05,1.8690765259046325
7.370765217723735e-05,1.869009071791308
7.381882510661479e-05,1.8690395483909117
7.392999803599222e-05,1.8690246168405191
7.404117096536965e-05,1.8690328720535867
7.415234389474707e-05,1.8690122473145785
7.426351682412452e-05,1.868973334821181
7.437468975350194e-05,1.8688948130499021
7.448586268287937e-05,1.8688851220266325
7.459703561225681e-05,1.868869005816684
7.470820854163424e-05,1.8687651783754047
7.481938147101167e-05,1.8687311888047966
7.49305544003891e-05,1.8686431283899971
7.504172732976654e-05,1.8685546732130471
7.515290025914397e-05,1.868476020489769
7.52640731885214e-05,1.8684197312450073
7.537524611789884e-05,1.8684075213766294
7.548641904727626e-05,1.8683425529946849
7.559759197665369e-05,1.8682686558959172
7.570876490603113e-05,1.8682791259953957
7.581993783540856e-05,1.8682405189017355
7.593111076478599e-05,1.868268597165337
7.604228369416342e-05,1.8682197403491443
7.615345662354086e-05,1.8681905442798334
7.626462955291829e-05,1.868178459825211
7.637580248229572e-05,1.868119210062556
7.648697541167316e-05,1.8682075290455695
7.659814834105058e-05,1.8682042953847868
7.670932127042801e-05,1.8682482395941264
7.682049419980544e-05,1.86824186326228
7.693166712918288e-05,1.8682384420800093
7.704284005856031e-05,1.868287841743247
7.715401298793774e-05,1.868275725484158
7.726518591731518e-05,1.8682699239968932
7.737635884669261e-05,1.8682171705064785
7.748753177607004e-05,1.868199299593595
7.759870470544746e-05,1.8681624142747637
7.77098776348249e-05,1.8680267075831432
7.782105056420233e-05,1.8679472929863206
7.793222349357976e-05,1.8678987774841724
7.80433964229572e-05,1.867887448002199
7.815456935233463e-05,1.8679295222974754
7.826574228171206e-05,1.8679280886312783
7.837691521108949e-05,1.8679326597462964
7.848808814046693e-05,1.8679093797405082
7.859926106984436e-05,1.8678975727835048
7.871043399922178e-05,1.8679409936081945
7.882160692859923e-05,1.8679679470717936
7.893277985797665e-05,1.8680455488704333
7.904395278735408e-05,1.8680676580248063
7.915512571673152e-05,1.868089500467358
7.926629864610895e-05,1.8681341692335358
7.937747157548638e-05,1.868194182733525
7.948864450486381e-05,1.868234241985733
7.959981743424125e-05,1.8682426396492806
7.971099036361868e-05,1.868329006974527
7.98221632929961e-05,1.8684312764865711
7.993333622237355e-05,1.8685762982214191
8.004450915175097e-05,1.8686076443206912
8.01556820811284e-05,1.8686883397368392
8.026685501050583e-05,1.8686664340589856
8.037802793988327e-05,1.868699069247752
8.04892008692607e-05,1.8687957031796558
8.060037379863813e-05,1.8688119188722585
8.071154672801557e-05,1.8688604058559988
8.0822719657393e-05,1.8689681086966816
8.093389258677043e-05,1.868977053958698
8.104506551614785e-05,1.869029120496707
8.11562384455253e-05,1.8690624605093111
8.126741137490272e-05,1.8690642664668133
8.137858430428015e-05,1.869131390023203
8.148975723365759e-05,1.8691562536425068
8.160093016303502e-05,1.869179025751346
8.171210309241245e-05,1.8692518362827808
8.182327602178988e-05,1.869231811420476
8.193444895116732e-05,1.8693143262588388
8.204562188054475e-05,1.8694498732463973
8.215679480992217e-05,1.8695741741219185
8.226796773929961e-05,1.8696389886105649
8.237914066867704e-05,1.8697594401136326
8.249031359805447e-05,1.8698107307864409
8.26014865274319e-05,1.8699103218886906
8.271265945680934e-05,1.870065766892908
8.282383238618677e-05,1.870116850982225
8.29350053155642e-05,1.870284167073057
8.304617824494164e-05,1.87043987262129
8.315735117431907e-05,1.8705396564245378
8.32685241036965e-05,1.8706243760209078
8.337969703307394e-05,1.8707176464321902
8.349086996245136e-05,1.8708091508669693
8.360204289182879e-05,1.8709273316820534
8.371321582120622e-05,1.871034390467853
8.382438875058366e-05,1.8711576320198242
8.393556167996109e-05,1.8711965651397875
8.404673460933852e-05,1.87127836141654
8.415790753871596e-05,1.8713255574093166
8.426908046809339e-05,1.8713461212134945
8.438025339747081e-05,1.8713516629373916
8.449142632684824e-05,1.8713436313404839
8.460259925622568e-05,1.871343676855509
8.471377218560311e-05,1.8713894484504479
8.482494511498054e-05,1.871387171046714
8.493611804435798e-05,1.871470659150116
8.504729097373541e-05,1.871507025931973
8.515846390311284e-05,1.8715541217327294
8.526963683249027e-05,1.871590870208306
8.53808097618677e-05,1.8716161621479945
8.549198269124513e-05,1.871667879292845
8.560315562062256e-05,1.8717737836271053
8.571432855e-05,1.8718635151949121
8.582550147937743e-05,1.8719918818176482
8.593667440875486e-05,1.8721293772624399
8.604784733813229e-05,1.8722766838751412
8.615902026750973e-05,1.8724444885558373
8.627019319688716e-05,1.8726009565269095
8.638136612626459e-05,1.8727173435917839
8.649253905564203e-05,1.872830217478963
8.660371198501945e-05,1.8729576138749882
8.671488491439688e-05,1.873078807536198
8.682605784377432e-05,1.8732189829733783
8.693723077315175e-05,1.8732373195878964
8.704840370252918e-05,1.8732816252603597
8.715957663190661e-05,1.873295378980017
8.727074956128405e-05,1.873410118012397
8.738192249066148e-05,1.8735586236581043
8.74930954200389e-05,1.8735796961077757
8.760426834941635e-05,1.873619988345751
8.771544127879378e-05,1.8736577066432984
8.78266142081712e-05,1.8737766142383134
8.793778713754863e-05,1.87381167134475
8.804896006692607e-05,1.8738435337581891
8.81601329963035e-05,1.873956901404821
8.827130592568093e-05,1.8739546159796632
8.838247885505837e-05,1.8740412957692583
8.84936517844358e-05,1.87409827950571
8.860482471381323e-05,1.874128424543509
8.871599764319065e-05,1.8742279575982146
8.88271705725681e-05,1.8743230784475617
8.893834350194552e-05,1.8744482057541445
8.904951643132295e-05,1.8745221131923508
8.91606893607004e-05,1.8745321368591161
8.927186229007782e-05,1.874618873565366
8.938303521945525e-05,1.8746243906452391
8.949420814883268e-05,1.8747036697905886
8.960538107821012e-05,1.8747094864045672
8.971655400758755e-05,1.8747690460801198
8.982772693696497e-05,1.8748762965098222
8.993889986634242e-05,1.8748752157108637
9.005007279571984e-05,1.8749492707829156
9.016124572509727e-05,1.8749803529795916
9.027241865447471e-05,1.8749763743670032
9.038359158385214e-05,1.8750168072064077
9.049476451322957e-05,1.8750036316054284
9.0605937442607e-05,1.8749723082547978
9.071711037198444e-05,1.8750374177077311
9.082828330136187e-05,1.875068184451398
9.09394562307393e-05,1.8750632544485233
9.105062916011674e-05,1.8750714609544865
9.116180208949416e-05,1.8750531638893368
9.127297501887159e-05,1.8750129609781025
9.138414794824902e-05,1.874960982800259
9.149532087762646e-05,1.8749693042810773
9.160649380700389e-05,1.8749533469143331
9.171766673638132e-05,1.874910439606664
9.182883966575876e-05,1.8748839405369617
9.194001259513619e-05,1.8748721808946784
9.205118552451362e-05,1.8748476600924504
9.216235845389104e-05,1.8748628780379555
9.227353138326848e-05,1.8748940018394962
9.238470431264591e-05,1.8749345427783666
9.249587724202334e-05,1.8749535618359219
9.260705017140078e-05,1.8749015798464046
9.271822310077821e-05,1.8748733073195056
9.282939603015564e-05,1.874896141317932
9.294056895953307e-05,1.8748841597942956
9.305174188891051e-05,1.8749732138611028
9.316291481828794e-05,1.8749398489163516
9.327408774766536e-05,1.8749505683784553
9.33852606770428e-05,1.8749212902897128
9.349643360642023e-05,1.874896707186991
9.360760653579766e-05,1.8748235682387795
9.37187794651751e-05,1.8748664766685144
9.382995239455253e-05,1.874822430264689
9.394112532392996e-05,1.8747971999406732
9.405229825330739e-05,1.87470101356102
9.416347118268483e-05,1.874651916607634
9.427464411206226e-05,1.8745449203952778
9.438581704143968e-05,1.8745004095854791
9.449698997081713e-05,1.8743911170597822
9.460816290019455e-05,1.8743222222887361
9.471933582957198e-05,1.8741705541033644
9.483050875894941e-05,1.8740807274012599
9.494168168832685e-05,1.8739564473925576
9.505285461770428e-05,1.8738893148747071
9.516402754708171e-05,1.873784128280307
9.527520047645915e-05,1.87376646853362
9.538637340583658e-05,1.8737108695884117
9.5497546335214e-05,1.8737323675668534
9.560871926459143e-05,1.873801691384602
9.571989219396887e-05,1.8738377664748782
9.58310651233463e-05,1.873862690715091
9.594223805272373e-05,1.8739521536918362
9.605341098210117e-05,1.8739682116330716
9.61645839114786e-05,1.8739998293825124
9.627575684085603e-05,1.8740567470221101
9.638692977023346e-05,1.8740287991774112
9.64981026996109e-05,1.8740931316512164
9.660927562898833e-05,1.8741627785572539
9.672044855836575e-05,1.8742071757562158
9.68316214877432e-05,1.8742147622176544
9.694279441712062e-05,1.8742698561590592
9.705396734649805e-05,1.8742373964866654
9.716514027587548e-05,1.8742137808951442
9.727631320525292e-05,1.8741082279806498
9.738748613463035e-05,1.8740458837280347
9.749865906400778e-05,1.8739273353330033
9.760983199338522e-05,1.873875322521383
9.772100492276265e-05,1.8737737596627873
9.783217785214007e-05,1.8737317100635016
9.794335078151751e-05,1.8736958823996819
9.805452371089494e-05,1.8735780401988154
9.816569664027237e-05,1.8735810671368678
9.82768695696498e-05,1.8736276663921962
9.838804249902724e-05,1.8736778746305682
9.849921542840467e-05,1.8735903045516111
9.86103883577821e-05,1.8735638247838946
9.872156128715954e-05,1.873636949430048
9.883273421653697e-05,1.8737214346505786
9.89439071459144e-05,1.8737497966976975
9.905508007529182e-05,1.8737930914918992
9.916625300466926e-05,1.8738129501561964
9.927742593404669e-05,1.8738414455306809
9.938859886342412e-05,1.8738345576209499
9.949977179280156e-05,1.8739125516110022
9.961094472217899e-05,1.8739780079896473
9.972211765155642e-05,1.8740113553201854
9.983329058093384e-05,1.8741444176036623
9.994446351031129e-05,1.874118870123106
0.00010005563643968871,1.874147525671544
0.00010016680936906614,1.8741563368733276
0.00010027798229844358,1.8741625863523599
0.00010038915522782101,1.8742246055460596
0.00010050032815719844,1.87418008429991
0.00010061150108657587,1.8742488664671384
0.00010072267401595331,1.8741454081904982
0.00010083384694533074,1.8741648782458864
0.00010094501987470817,1.874117919382845
0.0001010561928040856,1.8740725191786156
0.00010116736573346303,1.874082520827217
0.00010127853866284046,1.874117179294077
0.0001013897115922179,1.8740458428490943
0.00010150088452159533,1.8740713109424223
0.00010161205745097276,1.8740522906637722
0.00010172323038035019,1.8741392237503844
0.00010183440330972763,1.8741313420361791
0.00010194557623910506,1.8741564400157804
0.00010205674916848249,1.8742572573841478
0.00010216792209785993,1.8742990966836244
0.00010227909502723736,1.874317359185601
0.00010239026795661478,1.8743362367117071
0.00010250144088599221,1.8744595879745822
0.00010261261381536965,1.8745108307240606
0.00010272378674474708,1.8745266174366064
0.00010283495967412451,1.8745691638958986
0.00010294613260350195,1.8746372560606135
0.00010305730553287938,1.874686495568657
0.0001031684784622568,1.8746801631645769
0.00010327965139163423,1.8746941287725678
0.00010339082432101168,1.8747426927844921
0.0001035019972503891,1.8747006999650029
0.00010361317017976653,1.874705782368478
0.00010372434310914397,1.8746058222848452
0.0001038355160385214,1.8745891502328276
0.00010394668896789883,1.8746444086694394
0.00010405786189727626,1.8746606383149163
0.0001041690348266537,1.874609302439862
0.00010428020775603113,1.874605123392986
0.00010439138068540855,1.8746154880099584
0.000104502553614786,1.8746187323920493
0.00010461372654416342,1.874551250395624
0.00010472489947354085,1.8745777707011237
0.0001048360724029183,1.8745151616221642
0.00010494724533229572,1.8744757407796622
0.00010505841826167315,1.8744693498421319
0.00010516959119105058,1.8743994880800003
0.00010528076412042802,1.874383474471164
0.00010539193704980545,1.8744048747432351
0.00010550310997918287,1.8744387952704924
0.00010561428290856032,1.8744031961346448
0.00010572545583793774,1.8745063261219015
0.00010583662876731517,1.8745527131269448
0.0001059478016966926,1.8746652907888954
0.00010605897462607004,1.874730375073939
0.00010617014755544747,1.8748339724904628
0.0001062813204848249,1.8748749569913339
0.00010639249341420234,1.8750362439374795
0.00010650366634357977,1.8750956438531297
0.0001066148392729572,1.8751761957939956
0.00010672601220233462,1.8751542731294975
0.00010683718513171206,1.8752079586341261
0.00010694835806108949,1.8752190157937663
0.00010705953099046692,1.8752855747616923
0.00010717070391984436,1.8752235984923884
0.00010728187684922179,1.8752064687476566
0.00010739304977859922,1.8751506132504079
0.00010750422270797665,1.8751385845740711
0.00010761539563735409,1.875096188007516
0.00010772656856673152,1.875088021662568
0.00010783774149610894,1.8750416079801904
0.00010794891442548639,1.8750273482222524
0.00010806008735486381,1.8750626805287793
0.00010817126028424124,1.8749878178539934
0.00010828243321361867,1.8749139798184158
0.00010839360614299611,1.8749248396274631
0.00010850477907237354,1.8749317401376515
0.00010861595200175097,1.8749355291065128
0.00010872712493112841,1.8749985615793912
0.00010883829786050584,1.8750894486476053
0.00010894947078988326,1.8751878944467524
0.0001090606437192607,1.875203875542659
0.00010917181664863813,1.875242357145228
0.00010928298957801556,1.8753498563184952
0.00010939416250739299,1.8753983102469043
0.00010950533543677043,1.8754956683467023
0.00010961650836614786,1.8755544073055586
0.00010972768129552529,1.875607696406837
0.00010983885422490273,1.8756293948723588
0.00010995002715428016,1.8756521407157059
0.00011006120008365758,1.8756736649751249
0.00011017237301303501,1.8757268875388446
0.00011028354594241245,1.8756851689937295
0.00011039471887178988,1.875748000313728
0.00011050589180116731,1.8758227786376178
0.00011061706473054475,1.8757490168580475
0.00011072823765992218,1.875764351835565
0.00011083941058929961,1.875729831478783
0.00011095058351867704,1.8756885797154463
0.00011106175644805448,1.8756376422023306
0.0001111729293774319,1.8756332367469362
0.00011128410230680933,1.8756155540180448
0.00011139527523618677,1.8755755201626054
0.0001115064481655642,1.87551726067298
0.00011161762109494163,1.8754848342147274
0.00011172879402431906,1.8754619767323177
0.0001118399669536965,1.8754227882843566
0.00011195113988307393,1.8755308259806194
0.00011206231281245136,1.875546885427029
0.0001121734857418288,1.8756024966699723
0.00011228465867120623,1.8756485454489842
0.00011239583160058365,1.8757135063835209
0.0001125070045299611,1.875795112771468
0.00011261817745933852,1.8759178200772322
0.00011272935038871595,1.8759776477938879
0.00011284052331809338,1.8760743374588356
0.00011295169624747082,1.8760341898419575
0.00011306286917684825,1.876093588190723
0.00011317404210622568,1.8761288693232576
0.00011328521503560312,1.8761098735251218
0.00011339638796498055,1.8760697285157255
0.00011350756089435797,1.8759812239498237
0.0001136187338237354,1.8759228968952162
0.00011372990675311284,1.875850477904498
0.00011384107968249027,1.8757679253795088
0.0001139522526118677,1.8756931719578183
0.00011406342554124514,1.8756430011895364
0.00011417459847062257,1.875578383569307
0.0001142857714,1.875531127660483
0.00011439694432937742,1.8755033058319135
0.00011450811725875487,1.8754201845990686
0.0001146192901881323,1.8753219370596157
0.00011473046311750972,1.875210800121113
0.00011484163604688716,1.8750834718384644
0.00011495280897626459,1.8750477628726636
0.00011506398190564202,1.8750898844752353
0.00011517515483501945,1.8750429383390395
0.00011528632776439689,1.8750451244265494
0.00011539750069377432,1.8750208253987382
0.00011550867362315174,1.875006342857608
0.00011561984655252919,1.875009780192153
0.00011573101948190661,1.8749986946723667
0.00011584219241128404,1.8750581672069837
0.00011595336534066148,1.8750089131608267
0.00011606453827003891,1.875110570956242
0.00011617571119941634,1.87517114998187
0.00011628688412879377,1.8751962276407494
0.00011639805705817121,1.875175227141542
0.00011650922998754864,1.8752299613438488
0.00011662040291692607,1.8751721253738693
0.0001167315758463035,1.875131458470275
0.00011684274877568093,1.875160701183702
0.00011695392170505836,1.8751162859797215
0.00011706509463443579,1.8750331459372935
0.00011717626756381323,1.8749494296411096
0.00011728744049319066,1.8748693091523192
0.00011739861342256809,1.8748045058795513
0.00011750978635194553,1.8747389127110585
0.00011762095928132296,1.8746643344864864
0.00011773213221070039,1.8745690309584115
0.00011784330514007781,1.8745377458333878
0.00011795447806945526,1.8745905027110823
0.00011806565099883268,1.874562628181406
0.00011817682392821011,1.8745478713211372
0.00011828799685758755,1.874505828986117
0.00011839916978696498,1.874465602062115
0.00011851034271634241,1.8745382515968472
0.00011862151564571984,1.8745667638013959
0.00011873268857509728,1.8745066121979703
0.0001188438615044747,1.8745612787389572
0.00011895503443385213,1.8745465802735624
0.00011906620736322958,1.8745997732412496
0.000119177380292607,1.8745786289692898
0.00011928855322198443,1.874571541432765
0.00011939972615136187,1.8746053732775516
0.0001195108990807393,1.8746412428231074
0.00011962207201011673,1.874592340692555
0.00011973324493949416,1.874600437503061
0.0001198444178688716,1.8745912906140165
0.00011995559079824903,1.87458944803399
0.00012006676372762645,1.874573262883529
0.0001201779366570039,1.874604094559423
0.00012028910958638132,1.8746219001660125
0.00012040028251575875,1.874614964302085
0.00012051145544513618,1.8745768098746405
0.00012062262837451362,1.8746050781882355
0.00012073380130389105,1.8745070275508788
0.00012084497423326848,1.8745049020679332
0.00012095614716264592,1.8745275332026046
0.00012106732009202335,1.8745444329647412
0.00012117849302140077,1.8745631290051878
0.0001212896659507782,1.8745439393334595
0.00012140083888015564,1.8745123729991082
0.00012151201180953307,1.8745466246672202
0.0001216231847389105,1.8745448715244393
0.00012173435766828794,1.874487062093829
0.00012184553059766537,1.8746067545038003
0.0001219567035270428,1.8746333393403876
0.00012206787645642023,1.8746461074249419
0.00012217904938579765,1.8746900289448176
0.0001222902223151751,1.8747454368474834
0.00012240139524455254,1.8748020054373264
0.00012251256817392996,1.8748031767525475
0.0001226237411033074,1.874906027509968
0.00012273491403268482,1.8750227321279935
0.00012284608696206225,1.8750367943266688
0.00012295725989143968,1.875104824360904
0.00012306843282081713,1.8751803281755484
0.00012317960575019456,1.8751754878813847
0.000123290778679572,1.8752360887141097
0.00012340195160894942,1.8752519305575912
0.00012351312453832684,1.8751650951163563
0.00012362429746770427,1.8751834574134119
0.0001237354703970817,1.8751641976503333
0.00012384664332645915,1.8750983301945763
0.00012395781625583658,1.875037774517548
0.000124068989185214,1.8750344783493247
0.00012418016211459144,1.8750014065598046
0.00012429133504396887,1.8749837043288338
0.0001244025079733463,1.874936676710856
0.00012451368090272372,1.8748610719675483
0.00012462485383210118,1.8748366822672446
0.0001247360267614786,1.8748853898918707
0.00012484719969085603,1.8749252800311893
0.00012495837262023346,1.8749612766742065
0.0001250695455496109,1.8750001167258192
0.00012518071847898832,1.875037507830421
0.00012529189140836575,1.875090239930752
0.0001254030643377432,1.8751180450086407
0.00012551423726712063,1.8750665491688023
0.00012562541019649806,1.8750763368384984
0.00012573658312587548,1.8751342652022507
0.0001258477560552529,1.8751703668886062
0.00012595892898463034,1.8752448902842993
0.00012607010191400777,1.8753113806388422
0.00012618127484338522,1.8753923014534752
0.00012629244777276265,1.8753785967368466
0.00012640362070214008,1.8754272412339557
0.0001265147936315175,1.8754437883326407
0.00012662596656089494,1.875561132003311
0.00012673713949027236,1.8755910509270393
0.0001268483124196498,1.8756257189364518
0.00012695948534902725,1.8755998238166163
0.00012707065827840467,1.875592994754109
0.0001271818312077821,1.8755871907675732
0.00012729300413715953,1.875559406258636
0.00012740417706653696,1.8754582064580794
0.00012751534999591439,1.8754467594390523
0.00012762652292529181,1.8754603034181676
0.00012773769585466927,1.875522002129617
0.0001278488687840467,1.8755049522440768
0.00012796004171342413,1.8755205315339258
0.00012807121464280155,1.8754827125166822
0.00012818238757217898,1.8755021496855955
0.0001282935605015564,1.875544261340586
0.00012840473343093384,1.8756022459105988
0.0001285159063603113,1.8756671585644886
0.00012862707928968872,1.8757258237891852
0.00012873825221906615,1.8757394443694688
0.00012884942514844358,1.875795365776789
0.000128960598077821,1.8758790969265342
0.00012907177100719843,1.875974847978034
0.0001291829439365759,1.8760057821385152
0.00012929411686595332,1.8759915759670143
0.00012940528979533074,1.8760230778551195
0.00012951646272470817,1.8760236244686315
0.0001296276356540856,1.8760536603954847
0.00012973880858346303,1.8759764205737897
0.00012984998151284045,1.8759276956936681
0.0001299611544422179,1.8758884089943724
0.00013007232737159534,1.8759319036572495
0.00013018350030097277,1.8759085678509806
0.0001302946732303502,1.875841873312054
0.00013040584615972762,1.8758350642166763
0.00013051701908910505,1.8758192715935254
0.00013062819201848248,1.8758070759826078
0.00013073936494785993,1.8757917108003572
0.00013085053787723736,1.8757426757494418
0.0001309617108066148,1.875756432291349
0.00013107288373599222,1.875810460897307
0.00013118405666536964,1.875771678404764
0.00013129522959474707,1.8758158739019697
0.0001314064025241245,1.8758500436710825
0.00013151757545350196,1.8758351360716947
0.00013162874838287938,1.875864589104683
0.0001317399213122568,1.8759096562957824
0.00013185109424163424,1.8758879124851948
0.00013196226717101167,1.8759451193190566
0.0001320734401003891,1.8759951384825246
0.00013218461302976652,1.8759812580930808
0.00013229578595914398,1.8760083404148842
0.0001324069588885214,1.8760711653348772
0.00013251813181789883,1.8761933025819382
0.00013262930474727626,1.876263994712834
0.0001327404776766537,1.876242181462711
0.00013285165060603112,1.8762233567861035
0.00013296282353540855,1.8762677251890263
0.000133073996464786,1.876274026362718
0.00013318516939416343,1.876306378761283
0.00013329634232354086,1.8763752303854375
0.00013340751525291829,1.8764398235992483
0.00013351868818229571,1.8764543727282064
0.00013362986111167314,1.876472241676045
0.00013374103404105057,1.876461760911161
0.00013385220697042802,1.8763877001045859
0.00013396337989980545,1.8763604922546004
0.00013407455282918288,1.8763284986518922
0.0001341857257585603,1.8763244767661982
0.00013429689868793774,1.8763080341636933
0.00013440807161731516,1.8763291649543994
0.0001345192445466926,1.8762762022267945
0.00013463041747607005,1.8762522097315484
0.00013474159040544748,1.8763336527085748
0.0001348527633348249,1.876296125370602
0.00013496393626420233,1.8762923611060054
0.00013507510919357976,1.8763404859882984
0.0001351862821229572,1.8764340253301512
0.00013529745505233462,1.8764082442273813
0.00013540862798171207,1.8765170097179147
0.0001355198009110895,1.8765952623984654
0.00013563097384046693,1.8766420998820417
0.00013574214676984435,1.8767103596969565
0.00013585331969922178,1.8768087374209375
0.0001359644926285992,1.8768334457763591
0.00013607566555797667,1.8768304804720484
0.0001361868384873541,1.8768268717016134
0.00013629801141673152,1.8768916848272679
0.00013640918434610895,1.8768962841764993
0.00013652035727548638,1.8768934999005287
0.0001366315302048638,1.8768816666186527
0.00013674270313424123,1.876950718072448
0.0001368538760636187,1.876916479770065
0.00013696504899299612,1.8769176081906158
0.00013707622192237354,1.8768876780955497
0.00013718739485175097,1.8769230810179987
0.0001372985677811284,1.8769311274186782
0.00013740974071050583,1.8769307802092314
0.00013752091363988326,1.8769416541157742
0.0001376320865692607,1.876985794934435
0.00013774325949863814,1.876965162741203
0.00013785443242801557,1.87697194598403
0.000137965605357393,1.8769841321268634
0.00013807677828677042,1.877017569509146
0.00013818795121614785,1.877072498976974
0.00013829912414552528,1.8770897730652352
0.00013841029707490273,1.8771247026142737
0.00013852147000428016,1.877173894309546
0.0001386326429336576,1.8772667439210242
0.00013874381586303502,1.8772643892376972
0.00013885498879241245,1.8773061993821154
0.00013896616172178987,1.8772609390756099
0.0001390773346511673,1.8773079289107724
0.00013918850758054476,1.87735675844211
0.00013929968050992219,1.8774214329408767
0.0001394108534392996,1.877472137096743
0.00013952202636867704,1.8775036763274386
0.00013963319929805447,1.877479807030147
0.0001397443722274319,1.8774965702916204
0.00013985554515680933,1.8774950932408563
0.00013996671808618678,1.877545584960994
0.0001400778910155642,1.877491276135951
0.00014018906394494164,1.8775209536523327
0.00014030023687431906,1.8774310279106716
0.0001404114098036965,1.8773602917289722
0.00014052258273307392,1.8773431247628123
0.00014063375566245135,1.8772127774213463
0.0001407449285918288,1.8771579191356578
0.00014085610152120623,1.8771124363889364
0.00014096727445058366,1.8771047680700088
0.0001410784473799611,1.877152019792713
0.00014118962030933851,1.8772458089670827
0.00014130079323871594,1.8772700404539628
0.00014141196616809337,1.8772851781272204
0.00014152313909747083,1.8773194037509435
0.00014163431202684825,1.877300087412275
0.00014174548495622568,1.8773200527885652
0.0001418566578856031,1.8773451429279828
0.00014196783081498054,1.8773820322687564
0.00014207900374435797,1.8775444487960251
0.0001421901766737354,1.8775703250705253
0.00014230134960311285,1.8775600161672086
0.00014241252253249028,1.87765791892273
0.0001425236954618677,1.8776940058187999
0.00014263486839124513,1.8776620578135277
0.00014274604132062256,1.8777410968046133
0.00014285721425,1.877741364320384
0.00014296838717937742,1.8777849123604855
0.00014307956010875487,1.8778385203859689
0.0001431907330381323,1.8778761119716498
0.00014330190596750973,1.877805706896769
0.00014341307889688716,1.8778236249655154
0.00014352425182626458,1.8778068010218198
0.000143635424755642,1.8778182491514548
0.00014374659768501947,1.8777693517267933
0.0001438577706143969,1.877677671869019
0.00014396894354377432,1.8777033347936247
0.00014408011647315175,1.8777249523236805
0.00014419128940252918,1.877743464124417
0.0001443024623319066,1.8777726881130457
0.00014441363526128403,1.8777517840504616
0.0001445248081906615,1.877677749062213
0.00014463598112003892,1.877647361373362
0.00014474715404941635,1.8776388433168998
0.00014485832697879377,1.877626529573037
0.0001449694999081712,1.8776335491325125
0.00014508067283754863,1.8776691401374674
0.00014519184576692606,1.877670104264384
0.0001453030186963035,1.8777983318606313
0.00014541419162568094,1.8778429521198012
0.00014552536455505837,1.8779105368616447
0.0001456365374844358,1.8779354453988588
0.00014574771041381322,1.878017061354114
0.00014585888334319065,1.8780114102057603
0.00014597005627256808,1.8780405860294946
0.00014608122920194554,1.8780634624317096
0.00014619240213132296,1.8781328852925117
0.0001463035750607004,1.8781597254714695
0.00014641474799007782,1.8781216396755385
0.00014652592091945525,1.8781345527231947
0.00014663709384883268,1.87809412518657
0.0001467482667782101,1.8779621062063256
0.00014685943970758756,1.8779332531682136
0.00014697061263696499,1.8778541096657375
0.00014708178556634241,1.877761346729979
0.00014719295849571984,1.8777092492425738
0.00014730413142509727,1.877725978959876
0.0001474153043544747,1.8776778075480651
0.00014752647728385213,1.877635519048407
0.00014763765021322958,1.8776382110872145
0.000147748823142607,1.8776757396511206
0.00014785999607198444,1.877737684759739
0.00014797116900136187,1.8777063817365962
0.0001480823419307393,1.8777617272395817
0.00014819351486011672,1.877826326632666
0.00014830468778949415,1.8778713694487117
0.0001484158607188716,1.8779154292902074
0.00014852703364824903,1.8779270405680712
0.00014863820657762646,1.8779698796320563
0.0001487493795070039,1.878066252425488
0.00014886055243638132,1.8781470266231932
0.00014897172536575874,1.8781915681972097
0.00014908289829513617,1.8782275851821983
0.00014919407122451363,1.8782403435504216
0.00014930524415389106,1.8782249017779398
0.00014941641708326848,1.8782436626459225
0.0001495275900126459,1.8782570211336778
0.00014963876294202334,1.8788402210579305
0.00014974993587140077,1.8873345676396376
0.0001498611088007782,1.901174055553372
0.00014997228173015565,1.9166247587186018
0.00015008345465953308,1.9315638919821447
0.0001501946275889105,1.9451962032816732
0.00015030580051828793,1.9571262224964356
0.00015041697344766536,1.9671842205498187
0.0001505281463770428,1.9754808693160906
0.00015063931930642025,1.9820861289754927
0.00015075049223579767,1.9872100552315002
0.0001508616651651751,1.9909518199003544
0.00015097283809455253,1.9933885846830155
0.00015108401102392996,1.9945729638974927
0.00015119518395330738,1.994455371090432
0.0001513063568826848,1.993008723270842
0.00015141752981206227,1.9900807155169558
0.0001515287027414397,1.9857062691247696
0.00015163987567081712,1.979721787653907
0.00015175104860019455,1.9720790470759604
0.00015186222152957198,1.962849239560232
0.0001519733944589494,1.9518669027533235
0.00015208456738832684,1.939087353003227
0.0001521957403177043,1.9246371828353657
0.00015230691324708172,1.9084852136558477
0.00015241808617645915,1.8907807018111895
0.00015252925910583657,1.8716086786947306
0.000152640432035214,1.851164177515244
0.00015275160496459143,1.8295332757270777
0.00015286277789396886,1.8069325514401253
0.00015297395082334631,1.783348442803613
0.00015308512375272374,1.7589340692428754
0.00015319629668210117,1.7337680773247817
0.0001533074696114786,1.707889618301966
0.00015341864254085603,1.6813485094315004
0.00015352981547023345,1.6543325244060174
0.00015364098839961088,1.6265925831367245
0.00015375216132898834,1.5982278206299134
0.00015386333425836576,1.5692756999873003
0.0001539745071877432,1.5395967406769497
0.00015408568011712062,1.5093601316911964
0.00015419685304649805,1.4783694228574062
0.00015430802597587548,1.4467102898144708
0.0001544191989052529,1.4144223716339972
0.00015453037183463036,1.3816022802211274
0.0001546415447640078,1.3482368356002277
0.00015475271769338522,1.314449018857457
0.00015486389062276264,1.280190904480116
0.00015497506355214007,1.2456950205313788
0.0001550862364815175,1.2110368805921428
0.00015519740941089493,1.1762232473531165
0.00015530858234027238,1.1414152749425772
0.0001554197552696498,1.1066070743004295
0.00015553092819902724,1.0719181022293585
0.00015564210112840467,1.0373907088504033
0.0001557532740577821,1.0030080646774815
0.00015586444698715952,0.968891882190063
0.00015597561991653695,0.9349625780737867
0.0001560867928459144,0.9012685923984614
0.00015619796577529183,0.8678613253072942
0.00015630913870466926,0.8347168957594969
0.0001564203116340467,0.8018797522566365
0.00015653148456342412,0.7692790973664934
0.00015664265749280155,0.7370694201837708
0.00015675383042217897,0.7051921508875876
0.00015686500335155643,0.6737860298261455
0.00015697617628093386,0.6428018817164808
0.00015708734921031128,0.6124164204265597
0.0001571985221396887,0.582672692339466
0.00015730969506906614,0.5537153397146183
0.00015742086799844357,0.5254190976239966
0.000157532040927821,0.4979428065415839
0.00015764321385719845,0.4713688840292042
0.00015775438678657588,0.445691972585779
0.0001578655597159533,0.42108997649573837
0.00015797673264533074,0.3976212633906245
0.00015808790557470816,0.375118133229461
0.0001581990785040856,0.3538325675467946
0.00015831025143346305,0.33363975422727316
0.00015842142436284047,0.31467407070080583
0.0001585325972922179,0.2967820806809009
0.00015864377022159533,0.2802407491735893
0.00015875494315097276,0.26490519636269577
0.00015886611608035019,0.2509354976025002
0.00015897728900972761,0.23813077233215202
0.00015908846193910507,0.22678731386230086
0.0001591996348684825,0.2169120261971157
0.00015931080779785993,0.20856214096251222
0.00015942198072723735,0.20165141506958476
0.00015953315365661478,0.19639494066444527
0.0001596443265859922,0.19279335729411992
0.00015975549951536964,0.19100081145939454
0.0001598666724447471,0.19086342150532673
0.00015997784537412452,0.19254088439744443
0.00016008901830350195,0.19603349253156335
0.00016020019123287938,0.20149467874667604
0.0001603113641622568,0.20890878915629707
0.00016042253709163423,0.21830460255155434
0.00016053371002101166,0.22980132500205708
0.00016064488295038912,0.24330199529058752
0.00016075605587976654,0.25896600483524174
0.00016086722880914397,0.2761929124408925
0.0001609784017385214,0.28665070011216165
0.00016108957466789883,0.29159030659827956
0.00016120074759727626,0.2938872585579504
0.00016131192052665368,0.29505018399686517
0.00016142309345603114,0.2958692289431283
0.00016153426638540857,0.2966792710212355
0.000161645439314786,0.29768990066415385
0.00016175661224416342,0.2988178388415372
0.00016186778517354085,0.30004539728034046
0.00016197895810291828,0.3011371907439272
0.0001620901310322957,0.30209490955677903
0.00016220130396167316,0.3026603207437023
0.0001623124768910506,0.3028317101540044
0.00016242364982042802,0.30258427593744797
0.00016253482274980544,0.30193799613911015
0.00016264599567918287,0.300853802769624
0.0001627571686085603,0.2994527876682016
0.00016286834153793773,0.29788098535651486
0.00016297951446731518,0.2961688194965868
0.0001630906873966926,0.2943849742306821
0.00016320186032607004,0.2926917689592849
0.00016331303325544747,0.29123936450086385
0.0001634242061848249,0.2899803229299615
0.00016353537911420232,0.288998756709888
0.00016364655204357975,0.2883357555934667
0.0001637577249729572,0.28796176099171683
0.00016386889790233463,0.28786448837299533
0.00016398007083171206,0.2879420004283079
0.0001640912437610895,0.2880982585617535
0.00016420241669046692,0.2882640149565858
0.00016431358961984435,0.288343384731188
0.00016442476254922177,0.28839824247578266
0.00016453593547859923,0.2883025132620632
0.00016464710840797666,0.28811501553985386
0.00016475828133735409,0.2875777762755344
0.00016486945426673151,0.2869070352059297
0.00016498062719610894,0.2860777675758108
0.00016509180012548637,0.2850509719279572
0.0001652029730548638,0.2839198380844247
0.00016531414598424125,0.2827294250240902
0.00016542531891361868,0.28153122869817193
0.0001655364918429961,0.28042441817085473
0.00016564766477237354,0.27936817469115344
0.00016575883770175096,0.27850506515998985
0.0001658700106311284,0.2778150452885018
0.00016598118356050585,0.2771950179032224
0.00016609235648988328,0.2766756878185711
0.0001662035294192607,0.2762482351892995
0.00016631470234863813,0.27591952106555473
0.00016642587527801556,0.2756860039273235
0.000166537048207393,0.27545508722641454
0.00016664822113677042,0.27512439550912093
0.00016675939406614787,0.2747869553967737
0.0001668705669955253,0.27434812426424243
0.00016698173992490273,0.27384087701268034
0.00016709291285428015,0.27312965893879054
0.00016720408578365758,0.27238854356034836
0.000167315258713035,0.2715103118720256
0.00016742643164241244,0.27067167125237573
0.0001675376045717899,0.26973372016357533
0.00016764877750116732,0.26876091496851623
0.00016775995043054475,0.2678291427740261
0.00016787112335992218,0.2669221075396911
0.0001679822962892996,0.2660906743423103
0.00016809346921867703,0.265388790559149
0.00016820464214805446,0.2647704549645066
0.00016831581507743192,0.2642499829284052
0.00016842698800680934,0.26377227248643464
0.00016853816093618677,0.2633204737574451
0.0001686493338655642,0.2628397276700265
0.00016876050679494163,0.2625534954078723
0.00016887167972431906,0.2621366818736304
0.00016898285265369648,0.26172651793702895
0.00016909402558307394,0.26119337426072897
0.00016920519851245137,0.2606326732442754
0.0001693163714418288,0.2600666479352348
0.00016942754437120622,0.25943034684776545
0.00016953871730058365,0.2587651453202666
0.00016964989022996108,0.2581292600543098
0.0001697610631593385,0.25750340078371664
0.00016987223608871596,0.2567323398016977
0.0001699834090180934,0.2559885991508705
0.00017009458194747082,0.2552701754351624
0.00017020575487684825,0.25466059433011723
0.00017031692780622567,0.2540034984992832
0.0001704281007356031,0.2534767917344962
0.00017053927366498053,0.2529181200542784
0.00017065044659435799,0.252433342151212
0.0001707616195237354,0.251960025225567
0.00017087279245311284,0.25148970273646076
0.00017098396538249027,0.25092533287764074
0.0001710951383118677,0.2505407097760541
0.00017120631124124513,0.25006877770653907
0.00017131748417062255,0.249542131143087
0.0001714286571,0.24905985869130207
0.00017153983002937744,0.2485361411656305
0.00017165100295875486,0.2479779642361458
0.0001717621758881323,0.24744089308892755
0.00017187334881750972,0.24687864307192633
0.00017198452174688715,0.24630467038937356
0.00017209569467626458,0.24562568136635846
0.00017220686760564203,0.24508527067078723
0.00017231804053501946,0.24445988101388477
0.0001724292134643969,0.24385055372954395
0.00017254038639377432,0.24333074074507588
0.00017265155932315174,0.24281272728810788
0.00017276273225252917,0.24228690028862782
0.00017287390518190663,0.24180052846921382
0.00017298507811128405,0.2413533950940387
0.00017309625104066148,0.24085726263619955
0.0001732074239700389,0.24046377391180299
0.00017331859689941634,0.2399407792431158
0.00017342976982879377,0.2395100393430803
0.0001735409427581712,0.23899421743975918
0.00017365211568754865,0.23853075473833027
0.00017376328861692608,0.2379796745388783
0.0001738744615463035,0.23753052014719328
0.00017398563447568093,0.23702203076562153
0.00017409680740505836,0.2365540231822256
0.0001742079803344358,0.23607826676428656
0.00017431915326381322,0.23567157687073254
0.00017443032619319067,0.23517577560650813
0.0001745414991225681,0.23473642098401254
0.00017465267205194553,0.2342794784068634
0.00017476384498132296,0.2338766250873219
0.00017487501791070038,0.23338271528396326
0.0001749861908400778,0.23294425861274498
0.00017509736376945524,0.23243455586986464
0.0001752085366988327,0.23191863541035085
0.00017531970962821012,0.23142312780033145
0.00017543088255758755,0.23095373542052572
0.00017554205548696498,0.2305242913915455
0.0001756532284163424,0.23004987013481226
0.00017576440134571983,0.22958798558483307
0.00017587557427509726,0.22906018330111652
0.00017598674720447472,0.22859117637685833
0.00017609792013385215,0.22807293067008255
0.00017620909306322957,0.22758239572175837
0.000176320265992607,0.22709567053419305
0.00017643143892198443,0.2266823610381011
0.00017654261185136186,0.22616168894461838
0.00017665378478073929,0.22571831554577304
0.00017676495771011674,0.22522099779734392
0.00017687613063949417,0.2248227524594174
0.0001769873035688716,0.2242688933718618
0.00017709847649824902,0.22376557341195735
0.00017720964942762645,0.22328728714093796
0.00017732082235700388,0.22290314747037743
0.0001774319952863813,0.2224483877042748
0.00017754316821575876,0.22203462079360722
0.0001776543411451362,0.22158426264954578
0.00017776551407451362,0.2211435181426781
0.00017787668700389105,0.22071483528484898
0.00017798785993326848,0.2202874174364071
0.0001780990328626459,0.21981996957665195
0.00017821020579202333,0.21941033392055193
0.0001783213787214008,0.2190213435033093
0.00017843255165077821,0.21861616700556424
0.00017854372458015564,0.21822310067720654
0.00017865489750953307,0.21776568130182783
0.0001787660704389105,0.21734205484255092
0.00017887724336828793,0.21689346578170543
0.00017898841629766535,0.21651503345259765
0.0001790995892270428,0.21612112681043696
0.00017921076215642024,0.21571355408549406
0.00017932193508579767,0.21520984723279662
0.0001794331080151751,0.2148106911905918
0.00017954428094455252,0.2144224562737975
0.00017965545387392995,0.21398836746302216
0.00017976662680330738,0.2135152188475711
0.00017987779973268483,0.2131132047949461
0.00017998897266206226,0.212604674540005
0.0001801001455914397,0.21218255578913603
0.00018021131852081712,0.21177289186742793
0.00018032249145019454,0.21139074856666815
0.00018043366437957197,0.21096150913149214
0.00018054483730894943,0.2106041726102265
0.00018065601023832686,0.21020889489525973
0.00018076718316770428,0.20983133447163407
0.0001808783560970817,0.2093874066877983
0.00018098952902645914,0.20896716222172415
0.00018110070195583657,0.20856162592201186
0.000181211874885214,0.20816595921554024
0.00018132304781459145,0.20772841298626107
0.00018143422074396888,0.2073483211398686
0.0001815453936733463,0.20697973009966456
0.00018165656660272373,0.20652107565961833
0.00018176773953210116,0.2061015477104576
0.0001818789124614786,0.2056614300910877
0.00018199008539085602,0.20523011269709598
0.00018210125832023347,0.20484491834037777
0.0001822124312496109,0.20445473399478734
0.00018232360417898833,0.20397635828481278
0.00018243477710836576,0.2035535181865714
0.00018254595003774319,0.2031761174011276
0.0001826571229671206,0.20272108672640082
0.00018276829589649804,0.20223751949129873
0.0001828794688258755,0.20186846986532045
0.00018299064175525292,0.20143119774949336
0.00018310181468463035,0.20110322771983585
0.00018321298761400778,0.2007055943679108
0.0001833241605433852,0.2003577550652181
0.00018343533347276264,0.19994813883167686
0.00018354650640214006,0.19966417164735034
0.00018365767933151752,0.19923043099296314
0.00018376885226089495,0.19881711597685708
0.00018388002519027238,0.19841947983198077
0.0001839911981196498,0.1980351891580507
0.00018410237104902723,0.19760783320864977
0.00018421354397840466,0.19720724835083484
0.0001843247169077821,0.19677852561482997
0.00018443588983715954,0.19634382538350617
0.00018454706276653697,0.1959791821554304
0.0001846582356959144,0.1956282127783784
0.00018476940862529183,0.19527541612429625
0.00018488058155466925,0.19487128755825178
0.00018499175448404668,0.19450526228482173
0.0001851029274134241,0.19416870892328988
0.00018521410034280156,0.19379488144482174
0.000185325273272179,0.19338339347187383
0.00018543644620155642,0.1929697027354074
0.00018554761913093385,0.19259306023600797
0.00018565879206031128,0.19220987732396977
0.0001857699649896887,0.19174276529832918
0.00018588113791906613,0.19141760278494505
0.0001859923108484436,0.19097074027634794
0.00018610348377782102,0.19059349697398895
0.00018621465670719844,0.19016904832568055
0.00018632582963657587,0.18981806876053306
0.0001864370025659533,0.18951929727456973
0.00018654817549533073,0.1892303543887839
0.00018665934842470816,0.18888270291796422
0.0001867705213540856,0.1886273992008435
0.00018688169428346304,0.1883056755832308
0.00018699286721284047,0.18799874864076133
0.0001871040401422179,0.18771749385210126
0.00018721521307159532,0.1874368543154713
0.00018732638600097275,0.18721624832150904
0.0001874375589303502,0.1869711604158098
0.00018754873185972763,0.18661011265706254
0.00018765990478910506,0.18633654537647557
0.0001877710777184825,0.18600667277536687
0.00018788225064785992,0.18570847983989006
0.00018799342357723735,0.18543718681404195
0.00018810459650661477,0.18515663483738518
0.00018821576943599223,0.18489371147569642
0.00018832694236536966,0.1846198524298089
0.00018843811529474708,0.1843564921726649
0.0001885492882241245,0.18412045734995242
0.00018866046115350194,0.18392027609754974
0.00018877163408287937,0.18365906017903127
0.0001888828070122568,0.1833523457933641
0.00018899397994163425,0.18300701345613965
0.00018910515287101168,0.18274868021881702
0.0001892163258003891,0.18251300087285244
0.00018932749872976654,0.18229260657258353
0.00018943867165914396,0.18205135500486347
0.0001895498445885214,0.18176087621503956
0.00018966101751789882,0.1814733853133577
0.00018977219044727627,0.18131160743706703
0.0001898833633766537,0.18101759629835734
0.00018999453630603113,0.1808030664797784
0.00019010570923540856,0.18059585904515252
0.00019021688216478599,0.18032084141960256
0.00019032805509416341,0.18002134265969935
0.00019043922802354084,0.17981896092391442
0.0001905504009529183,0.17961931224416988
0.00019066157388229573,0.17936269338815655
0.00019077274681167315,0.1790965208269914
0.00019088391974105058,0.1788473422613559
0.000190995092670428,0.17866192934564779
0.00019110626559980544,0.1784959735158052
0.00019121743852918287,0.1781797416082456
0.00019132861145856032,0.17796786818994953
0.00019143978438793775,0.17775332820674258
0.00019155095731731518,0.17761623289910308
0.0001916621302466926,0.1774705922161104
0.00019177330317607003,0.17723205758241112
0.00019188447610544746,0.1770289507837429
0.0001919956490348249,0.1767999006550957
0.00019210682196420234,0.17652246572732452
0.00019221799489357977,0.17628615834885925
0.0001923291678229572,0.17611649988613065
0.00019244034075233463,0.175911214800879
0.00019255151368171206,0.17570052952062318
0.00019266268661108948,0.1754701014144084
0.0001927738595404669,0.1752485098942732
0.00019288503246984437,0.1749720087268531
0.0001929962053992218,0.17472125767984112
0.00019310737832859922,0.17446832832052733
0.00019321855125797665,0.17430272045135686
0.00019332972418735408,0.1740427106299724
0.0001934408971167315,0.1738137066175433
0.00019355207004610893,0.1735533316469048
0.0001936632429754864,0.1733111746514826
0.00019377441590486382,0.1730365846018422
0.00019388558883424125,0.17291418415284304
0.00019399676176361867,0.1727426081379062
0.0001941079346929961,0.17263429247624595
0.00019421910762237353,0.17244729692558036
0.00019433028055175096,0.17223706461543475
0.0001944414534811284,0.17206426199334487
0.00019455262641050584,0.17186802955304717
0.00019466379933988327,0.17167433550361677
0.0001947749722692607,0.17148327102613586
0.00019488614519863812,0.17129492730166215
0.00019499731812801555,0.17110939551125326
0.000195108491057393,0.17092676683596691
0.00019521966398677043,0.17074713245686077
0.00019533083691614786,0.1705705835549925
0.0001954420098455253,0.1703972113114198
0.00019555318277490272,0.17022710690720033
0.00019566435570428015,0.17006036152339174
0.00019577552863365757,0.16989706634105176
0.00019588670156303503,0.16973731254123803
0.00019599787449241246,0.16958119130500823
0.00019610904742178989,0.16942879381342005
0.00019622022035116731,0.16928021124753115
0.00019633139328054474,0.1691355347883992
0.00019644256620992217,0.1689948556170819
0.0001965537391392996,0.16885826491463693
0.00019666491206867705,0.16872585386212194
0.00019677608499805448,0.16859771364059462
0.0001968872579274319,0.16847393543111264
0.00019699843085680934,0.16835461041473368
0.00019710960378618676,0.16823982977251542
0.0001972207767155642,0.1681296846855155
0.00019733194964494162,0.16802426633479167
0.00019744312257431908,0.16792366590140154
0.0001975542955036965,0.1678279745664028
0.00019766546843307393,0.16773728351085315
0.00019777664136245136,0.16765168391581026
0.0001978878142918288,0.16757126696233177
0.00019799898722120622,0.1674961238314754
0.00019811016015058364,0.16742634570429882
0.0001982213330799611,0.16736202376185966
0.00019833250600933853,0.16730324918521566
0.00019844367893871595,0.16725011315542443
0.00019855485186809338,0.16720270685354371
0.0001986660247974708,0.16716112146063114
0.00019877719772684824,0.1671254481577444
0.00019888837065622567,0.1670957781259412
0.00019899954358560312,0.16707220254627916
0.00019911071651498055,0.16705481259981597
0.00019922188944435798,0.16704369946760936
0.0001993330623737354,0.16703895433071692
0.00019944423530311283,0.16704066837019638
0.00019955540823249026,0.16704893276710542
0.0001996665811618677,0.1670638387025017
0.00019977775409124514,0.1670854773574429
0.00019988892702062257,0.16711393991298668
0.00020000009995,0.16714931755019075
